,ADWIN,CUSUM,DDM,HDDMAverage,HDDMWeighted,Prediction,Ground-Truth
1799,0.0,0.0,1.0,0.0,0.0,0.0,0.0
1810,0.0,0.0,1.0,0.0,1.0,0.0,0.0
1813,0.0,0.0,1.0,0.0,0.0,0.0,0.0
3742,0.0,0.0,1.0,0.0,1.0,0.0,0.0
3743,0.0,0.0,1.0,0.0,0.0,0.0,0.0
4159,0.0,0.0,1.0,0.0,1.0,0.0,0.0
4160,0.0,0.0,1.0,0.0,0.0,0.0,0.0
4161,0.0,0.0,1.0,0.0,1.0,0.0,0.0
4162,0.0,0.0,1.0,0.0,0.0,0.0,0.0
4276,0.0,0.0,1.0,0.0,1.0,0.0,0.0
4277,0.0,0.0,1.0,0.0,0.0,0.0,0.0
4881,0.0,0.0,1.0,0.0,1.0,0.0,0.0
4882,0.0,0.0,1.0,0.0,0.0,0.0,0.0
4885,0.0,0.0,1.0,0.0,1.0,0.0,0.0
4886,0.0,0.0,1.0,0.0,0.0,0.0,0.0
5922,0.0,0.0,2.0,0.0,0.0,0.0,0.0
5923,0.0,0.0,0.0,0.0,0.0,0.0,0.0
6129,0.0,0.0,1.0,0.0,0.0,0.0,0.0
6130,0.0,0.0,1.0,0.0,1.0,0.0,0.0
6131,0.0,0.0,1.0,0.0,0.0,0.0,0.0
6133,0.0,0.0,0.0,0.0,0.0,0.0,0.0
6136,0.0,0.0,1.0,0.0,0.0,0.0,0.0
6137,0.0,0.0,0.0,0.0,0.0,0.0,0.0
6138,0.0,0.0,1.0,0.0,0.0,0.0,0.0
6140,0.0,0.0,1.0,0.0,1.0,0.0,0.0
6141,0.0,0.0,1.0,0.0,0.0,0.0,0.0
6142,0.0,0.0,1.0,0.0,1.0,0.0,0.0
6143,0.0,0.0,1.0,0.0,0.0,0.0,0.0
6144,0.0,0.0,1.0,0.0,1.0,0.0,0.0
6145,0.0,0.0,1.0,0.0,0.0,0.0,0.0
6154,0.0,0.0,0.0,0.0,0.0,0.0,0.0
6157,0.0,0.0,1.0,0.0,0.0,0.0,0.0
6158,0.0,0.0,0.0,0.0,0.0,0.0,0.0
6163,0.0,0.0,1.0,0.0,0.0,0.0,0.0
6165,0.0,0.0,0.0,0.0,0.0,0.0,0.0
6170,0.0,0.0,1.0,0.0,0.0,0.0,0.0
6172,0.0,0.0,0.0,0.0,0.0,0.0,0.0
6175,0.0,0.0,1.0,0.0,0.0,0.0,0.0
6176,0.0,0.0,0.0,0.0,0.0,0.0,0.0
6177,0.0,0.0,1.0,0.0,0.0,0.0,0.0
6179,0.0,0.0,0.0,0.0,0.0,0.0,0.0
6180,0.0,0.0,1.0,0.0,0.0,0.0,0.0
6183,0.0,0.0,0.0,0.0,0.0,0.0,0.0
6364,0.0,0.0,0.0,0.0,1.0,0.0,0.0
6365,0.0,0.0,0.0,0.0,0.0,0.0,0.0
6425,0.0,0.0,0.0,0.0,1.0,0.0,0.0
6426,0.0,0.0,0.0,0.0,0.0,0.0,0.0
6427,0.0,0.0,1.0,0.0,1.0,0.0,0.0
6428,0.0,0.0,1.0,0.0,0.0,0.0,0.0
6429,0.0,0.0,0.0,0.0,0.0,0.0,0.0
6953,0.0,0.0,0.0,0.0,1.0,0.0,0.0
6954,0.0,0.0,0.0,0.0,0.0,0.0,0.0
6958,0.0,0.0,0.0,0.0,1.0,0.0,0.0
6960,0.0,0.0,0.0,0.0,2.0,0.0,0.0
6961,0.0,0.0,0.0,0.0,0.0,0.0,0.0
7006,0.0,0.0,1.0,0.0,0.0,0.0,0.0
7019,0.0,0.0,0.0,0.0,0.0,0.0,0.0
7020,0.0,0.0,1.0,0.0,0.0,0.0,0.0
7038,0.0,0.0,0.0,0.0,0.0,0.0,0.0
7279,0.0,0.0,1.0,0.0,0.0,0.0,0.0
7280,0.0,0.0,0.0,0.0,0.0,0.0,0.0
9678,0.0,0.0,0.0,0.0,1.0,0.0,0.0
9679,0.0,0.0,0.0,0.0,0.0,0.0,0.0
9680,0.0,0.0,0.0,0.0,1.0,0.0,0.0
9682,0.0,0.0,0.0,0.0,0.0,0.0,0.0
9683,0.0,0.0,0.0,0.0,1.0,0.0,0.0
9685,0.0,0.0,0.0,0.0,2.0,0.0,0.0
9686,0.0,0.0,0.0,0.0,0.0,0.0,0.0
9731,0.0,0.0,1.0,0.0,0.0,0.0,0.0
9732,0.0,0.0,0.0,0.0,0.0,0.0,0.0
9810,0.0,0.0,1.0,0.0,0.0,0.0,0.0
9819,0.0,0.0,0.0,0.0,0.0,0.0,0.0
9832,0.0,0.0,1.0,0.0,0.0,0.0,0.0
9834,0.0,0.0,0.0,0.0,0.0,0.0,0.0
9837,0.0,0.0,1.0,0.0,0.0,0.0,0.0
9858,0.0,0.0,0.0,0.0,0.0,0.0,0.0
9860,0.0,0.0,1.0,0.0,0.0,0.0,0.0
9870,0.0,0.0,0.0,0.0,0.0,0.0,0.0
9872,0.0,0.0,1.0,0.0,0.0,0.0,0.0
9893,0.0,0.0,0.0,0.0,0.0,0.0,0.0
9895,0.0,0.0,1.0,0.0,0.0,0.0,0.0
9897,0.0,0.0,0.0,0.0,0.0,0.0,0.0
9898,0.0,0.0,1.0,0.0,0.0,0.0,0.0
9901,0.0,0.0,0.0,0.0,0.0,0.0,0.0
9903,0.0,0.0,1.0,0.0,0.0,0.0,0.0
10008,0.0,0.0,0.0,0.0,0.0,0.0,0.0
10011,0.0,0.0,1.0,0.0,0.0,0.0,0.0
10012,0.0,0.0,0.0,0.0,0.0,0.0,0.0
10026,0.0,0.0,1.0,0.0,0.0,0.0,0.0
10028,0.0,0.0,0.0,0.0,0.0,0.0,0.0
10066,0.0,0.0,1.0,0.0,0.0,0.0,0.0
10067,0.0,0.0,0.0,0.0,0.0,0.0,0.0
10285,0.0,0.0,1.0,0.0,0.0,0.0,0.0
10288,0.0,0.0,0.0,0.0,0.0,0.0,0.0
10294,0.0,0.0,1.0,0.0,0.0,0.0,0.0
10379,0.0,0.0,0.0,0.0,0.0,0.0,0.0
10385,0.0,0.0,1.0,0.0,0.0,0.0,0.0
10386,0.0,0.0,0.0,0.0,0.0,0.0,0.0
10388,0.0,0.0,1.0,0.0,0.0,0.0,0.0
10390,0.0,0.0,0.0,0.0,0.0,0.0,0.0
10392,0.0,0.0,1.0,0.0,0.0,0.0,0.0
10398,0.0,0.0,0.0,0.0,0.0,0.0,0.0
10400,0.0,0.0,1.0,0.0,0.0,0.0,0.0
10402,0.0,0.0,0.0,0.0,0.0,0.0,0.0
10403,0.0,0.0,1.0,0.0,0.0,0.0,0.0
10414,0.0,0.0,0.0,0.0,0.0,0.0,0.0
10416,0.0,0.0,1.0,0.0,0.0,0.0,0.0
10418,0.0,0.0,0.0,0.0,0.0,0.0,0.0
10421,0.0,0.0,1.0,0.0,0.0,0.0,0.0
10426,0.0,0.0,0.0,0.0,0.0,0.0,0.0
10427,0.0,0.0,1.0,0.0,0.0,0.0,0.0
10430,0.0,0.0,0.0,0.0,0.0,0.0,0.0
10444,0.0,0.0,1.0,0.0,0.0,0.0,0.0
10446,0.0,0.0,0.0,0.0,0.0,0.0,0.0
10503,0.0,0.0,1.0,0.0,0.0,0.0,0.0
10537,0.0,0.0,1.0,0.0,1.0,0.0,0.0
10538,0.0,0.0,1.0,0.0,0.0,0.0,0.0
10539,0.0,0.0,1.0,0.0,1.0,0.0,0.0
10540,0.0,0.0,1.0,0.0,0.0,0.0,0.0
10541,0.0,0.0,1.0,0.0,1.0,0.0,0.0
10542,0.0,0.0,1.0,0.0,0.0,0.0,0.0
10548,0.0,0.0,1.0,0.0,1.0,0.0,0.0
10552,0.0,0.0,1.0,0.0,0.0,0.0,0.0
10553,0.0,0.0,1.0,0.0,1.0,0.0,0.0
10554,0.0,0.0,1.0,0.0,0.0,0.0,0.0
11810,0.0,0.0,1.0,0.0,1.0,0.0,0.0
11811,0.0,0.0,1.0,0.0,0.0,0.0,0.0
11833,0.0,0.0,1.0,0.0,1.0,0.0,0.0
11834,0.0,0.0,1.0,0.0,0.0,0.0,0.0
11837,0.0,0.0,1.0,0.0,1.0,0.0,0.0
11838,0.0,0.0,1.0,0.0,0.0,0.0,0.0
11839,0.0,0.0,1.0,0.0,1.0,0.0,0.0
11843,0.0,0.0,1.0,0.0,0.0,0.0,0.0
12568,0.0,2.0,1.0,0.0,0.0,0.0,0.0
12569,0.0,0.0,1.0,0.0,0.0,0.0,0.0
12895,0.0,0.0,1.0,0.0,1.0,0.0,0.0
12899,0.0,0.0,1.0,0.0,2.0,0.0,0.0
12900,0.0,0.0,1.0,0.0,0.0,0.0,0.0
14312,0.0,0.0,1.0,0.0,1.0,0.0,0.0
14315,0.0,0.0,1.0,0.0,0.0,0.0,0.0
14316,0.0,0.0,1.0,0.0,1.0,0.0,0.0
14317,0.0,0.0,1.0,0.0,2.0,0.0,0.0
14318,0.0,0.0,1.0,0.0,0.0,0.0,0.0
14555,0.0,0.0,1.0,0.0,1.0,0.0,0.0
14556,0.0,0.0,1.0,0.0,0.0,0.0,0.0
14559,0.0,0.0,1.0,0.0,1.0,0.0,0.0
14560,0.0,0.0,1.0,0.0,0.0,0.0,0.0
14561,0.0,0.0,1.0,0.0,1.0,0.0,0.0
14562,0.0,0.0,1.0,0.0,0.0,0.0,0.0
16024,0.0,0.0,1.0,0.0,1.0,0.0,0.0
16026,0.0,0.0,1.0,0.0,2.0,0.0,0.0
16027,0.0,0.0,1.0,0.0,0.0,0.0,0.0
16857,0.0,0.0,0.0,0.0,0.0,0.0,0.0
16860,0.0,0.0,1.0,0.0,0.0,0.0,0.0
16865,0.0,0.0,0.0,0.0,0.0,0.0,0.0
16866,0.0,0.0,1.0,0.0,0.0,0.0,0.0
16869,0.0,0.0,0.0,0.0,0.0,0.0,0.0
16882,0.0,0.0,1.0,0.0,0.0,0.0,0.0
16905,0.0,0.0,1.0,0.0,1.0,0.0,0.0
16910,0.0,0.0,1.0,0.0,0.0,0.0,0.0
16912,0.0,0.0,1.0,0.0,1.0,0.0,0.0
16913,0.0,0.0,1.0,0.0,0.0,0.0,0.0
16987,0.0,0.0,1.0,0.0,1.0,0.0,0.0
16988,0.0,0.0,1.0,0.0,0.0,0.0,0.0
17016,0.0,0.0,1.0,0.0,1.0,0.0,0.0
17017,0.0,0.0,1.0,0.0,0.0,0.0,0.0
17747,0.0,0.0,0.0,0.0,0.0,0.0,0.0
17748,0.0,0.0,1.0,0.0,0.0,0.0,0.0
17814,0.0,0.0,0.0,0.0,0.0,0.0,0.0
17819,0.0,0.0,1.0,0.0,0.0,0.0,0.0
17822,0.0,0.0,0.0,0.0,0.0,0.0,0.0
17828,0.0,0.0,1.0,0.0,0.0,0.0,0.0
17830,0.0,0.0,0.0,0.0,0.0,0.0,0.0
17831,0.0,0.0,1.0,0.0,0.0,0.0,0.0
17838,0.0,0.0,0.0,0.0,0.0,0.0,0.0
18336,0.0,0.0,0.0,0.0,1.0,0.0,0.0
18337,0.0,0.0,0.0,0.0,0.0,0.0,0.0
18338,0.0,0.0,0.0,0.0,1.0,0.0,0.0
18339,0.0,0.0,0.0,0.0,0.0,0.0,0.0
18570,0.0,0.0,1.0,0.0,0.0,0.0,0.0
19232,0.0,0.0,1.0,0.0,1.0,0.0,0.0
19233,0.0,0.0,1.0,0.0,0.0,0.0,0.0
19316,0.0,0.0,1.0,0.0,1.0,0.0,0.0
19317,0.0,0.0,1.0,0.0,0.0,0.0,0.0
19320,0.0,0.0,1.0,0.0,1.0,0.0,0.0
19322,0.0,0.0,1.0,0.0,0.0,0.0,0.0
20459,0.0,0.0,1.0,0.0,1.0,0.0,0.0
20462,0.0,0.0,1.0,0.0,0.0,0.0,0.0
20465,0.0,0.0,1.0,0.0,1.0,0.0,0.0
20466,0.0,0.0,1.0,0.0,0.0,0.0,0.0
20467,0.0,0.0,1.0,0.0,1.0,0.0,0.0
20469,0.0,0.0,1.0,0.0,2.0,0.0,0.0
20470,0.0,0.0,1.0,0.0,0.0,0.0,0.0
20561,0.0,2.0,1.0,0.0,0.0,0.0,0.0
20562,0.0,0.0,1.0,0.0,0.0,0.0,0.0
22584,0.0,0.0,1.0,0.0,1.0,0.0,0.0
22586,0.0,0.0,1.0,0.0,2.0,0.0,0.0
22587,0.0,0.0,1.0,0.0,0.0,0.0,0.0
22958,0.0,0.0,1.0,0.0,1.0,0.0,0.0
22959,0.0,0.0,1.0,0.0,0.0,0.0,0.0
24590,0.0,0.0,0.0,0.0,0.0,0.0,0.0
24608,0.0,0.0,1.0,0.0,0.0,0.0,0.0
24610,0.0,0.0,0.0,0.0,0.0,0.0,0.0
24611,0.0,0.0,1.0,0.0,0.0,0.0,0.0
24629,0.0,0.0,0.0,0.0,0.0,0.0,0.0
24632,0.0,0.0,1.0,0.0,0.0,0.0,0.0
24637,0.0,0.0,0.0,0.0,0.0,0.0,0.0
24638,0.0,0.0,1.0,0.0,0.0,0.0,0.0
24641,0.0,0.0,0.0,0.0,0.0,0.0,0.0
24666,0.0,0.0,1.0,0.0,0.0,0.0,0.0
24684,0.0,0.0,0.0,0.0,0.0,0.0,0.0
24685,0.0,0.0,1.0,0.0,0.0,0.0,0.0
24751,0.0,0.0,0.0,0.0,0.0,0.0,0.0
24758,0.0,0.0,1.0,0.0,0.0,0.0,0.0
24767,0.0,0.0,0.0,0.0,0.0,0.0,0.0
24769,0.0,0.0,1.0,0.0,0.0,0.0,0.0
24770,0.0,0.0,0.0,0.0,0.0,0.0,0.0
25448,0.0,0.0,0.0,0.0,1.0,0.0,0.0
25449,0.0,0.0,1.0,0.0,1.0,0.0,0.0
25453,0.0,0.0,1.0,0.0,0.0,0.0,0.0
25456,0.0,0.0,0.0,0.0,0.0,0.0,0.0
25457,0.0,0.0,1.0,0.0,0.0,0.0,0.0
25475,0.0,0.0,0.0,0.0,0.0,0.0,0.0
25478,0.0,0.0,1.0,0.0,0.0,0.0,0.0
25483,0.0,0.0,0.0,0.0,0.0,0.0,0.0
27265,0.0,0.0,0.0,0.0,1.0,0.0,0.0
27266,0.0,0.0,0.0,0.0,0.0,0.0,0.0
27987,0.0,0.0,0.0,0.0,1.0,0.0,0.0
27991,0.0,0.0,0.0,0.0,0.0,0.0,0.0
27992,0.0,0.0,0.0,0.0,1.0,0.0,0.0
27993,0.0,0.0,0.0,0.0,0.0,0.0,0.0
27994,0.0,0.0,0.0,0.0,1.0,0.0,0.0
27998,0.0,0.0,0.0,0.0,0.0,0.0,0.0
27999,0.0,0.0,0.0,0.0,1.0,0.0,0.0
28003,0.0,0.0,0.0,0.0,0.0,0.0,0.0
28240,0.0,0.0,0.0,0.0,1.0,0.0,0.0
28241,0.0,0.0,0.0,0.0,0.0,0.0,0.0
28253,0.0,0.0,0.0,0.0,1.0,0.0,0.0
28254,0.0,0.0,0.0,0.0,0.0,0.0,0.0
28255,0.0,0.0,0.0,0.0,1.0,0.0,0.0
28256,0.0,0.0,0.0,0.0,0.0,0.0,0.0
28359,0.0,0.0,0.0,0.0,1.0,0.0,0.0
28360,0.0,0.0,0.0,0.0,0.0,0.0,0.0
28362,0.0,0.0,0.0,0.0,1.0,0.0,0.0
28365,0.0,0.0,0.0,0.0,0.0,0.0,0.0
28366,0.0,0.0,0.0,0.0,1.0,0.0,0.0
28369,0.0,0.0,0.0,0.0,0.0,0.0,0.0
28371,0.0,0.0,0.0,0.0,1.0,0.0,0.0
28372,0.0,0.0,0.0,0.0,0.0,0.0,0.0
28376,0.0,0.0,0.0,0.0,1.0,0.0,0.0
28377,0.0,0.0,0.0,0.0,0.0,0.0,0.0
28696,0.0,0.0,0.0,0.0,1.0,0.0,0.0
28697,0.0,0.0,0.0,0.0,0.0,0.0,0.0
28918,0.0,0.0,0.0,0.0,1.0,0.0,0.0
28919,0.0,0.0,0.0,0.0,0.0,0.0,0.0
28970,0.0,0.0,0.0,0.0,1.0,0.0,0.0
28971,0.0,0.0,0.0,0.0,0.0,0.0,0.0
29288,0.0,0.0,0.0,0.0,1.0,0.0,0.0
29289,0.0,0.0,0.0,0.0,0.0,0.0,0.0
30606,0.0,0.0,0.0,0.0,1.0,0.0,0.0
30608,0.0,0.0,0.0,0.0,2.0,0.0,0.0
30609,0.0,0.0,0.0,0.0,0.0,0.0,0.0
30913,0.0,0.0,0.0,0.0,1.0,0.0,0.0
30915,0.0,0.0,0.0,0.0,0.0,0.0,0.0
32183,0.0,0.0,0.0,0.0,1.0,0.0,0.0
32184,0.0,0.0,0.0,0.0,0.0,0.0,0.0
32582,0.0,0.0,0.0,0.0,1.0,0.0,0.0
32583,0.0,0.0,0.0,0.0,0.0,0.0,0.0
33953,0.0,0.0,0.0,0.0,1.0,0.0,0.0
33954,0.0,0.0,0.0,0.0,0.0,0.0,0.0
35317,0.0,0.0,0.0,0.0,1.0,0.0,0.0
35319,0.0,0.0,0.0,0.0,0.0,0.0,0.0
35320,0.0,0.0,0.0,0.0,1.0,0.0,0.0
35322,0.0,0.0,0.0,0.0,2.0,0.0,0.0
35323,0.0,0.0,0.0,0.0,0.0,0.0,0.0
36131,0.0,0.0,0.0,0.0,1.0,0.0,0.0
36132,0.0,0.0,0.0,0.0,0.0,0.0,0.0
36133,0.0,0.0,0.0,0.0,1.0,0.0,0.0
36134,0.0,0.0,0.0,0.0,0.0,0.0,0.0
36816,0.0,0.0,0.0,0.0,1.0,0.0,0.0
36819,0.0,0.0,0.0,0.0,0.0,0.0,0.0
36828,0.0,0.0,0.0,0.0,1.0,0.0,0.0
36829,0.0,0.0,0.0,0.0,0.0,0.0,0.0
39941,0.0,0.0,0.0,0.0,1.0,0.0,0.0
39942,0.0,0.0,0.0,0.0,0.0,0.0,0.0
39948,0.0,0.0,0.0,0.0,1.0,0.0,0.0
39949,0.0,0.0,0.0,0.0,0.0,0.0,0.0
39950,0.0,0.0,0.0,0.0,1.0,0.0,0.0
39953,0.0,0.0,0.0,0.0,0.0,0.0,0.0
39979,0.0,0.0,0.0,0.0,1.0,0.0,0.0
39980,0.0,0.0,0.0,0.0,0.0,0.0,0.0
40406,0.0,0.0,0.0,0.0,1.0,0.0,0.0
40407,0.0,0.0,0.0,0.0,0.0,0.0,0.0
40410,0.0,0.0,0.0,0.0,1.0,0.0,0.0
40412,0.0,0.0,0.0,0.0,2.0,0.0,0.0
40413,0.0,0.0,0.0,0.0,0.0,0.0,0.0
45194,0.0,0.0,0.0,0.0,1.0,0.0,0.0
45195,0.0,0.0,0.0,0.0,0.0,0.0,0.0
45839,0.0,0.0,0.0,0.0,1.0,0.0,0.0
45840,0.0,0.0,0.0,0.0,2.0,0.0,0.0
45841,0.0,0.0,0.0,0.0,0.0,0.0,0.0
48018,0.0,0.0,0.0,0.0,1.0,0.0,0.0
48019,0.0,0.0,0.0,0.0,0.0,0.0,0.0
48020,0.0,0.0,0.0,0.0,1.0,0.0,0.0
48023,0.0,0.0,0.0,0.0,0.0,0.0,0.0
48024,0.0,0.0,0.0,0.0,1.0,0.0,0.0
48025,0.0,0.0,0.0,0.0,0.0,0.0,0.0
48848,0.0,0.0,0.0,0.0,1.0,0.0,0.0
48849,0.0,0.0,0.0,0.0,0.0,0.0,0.0
48855,0.0,0.0,0.0,0.0,1.0,0.0,0.0
48856,0.0,0.0,0.0,0.0,0.0,0.0,0.0
49148,0.0,0.0,0.0,0.0,1.0,0.0,0.0
49149,0.0,0.0,0.0,0.0,0.0,0.0,0.0
49653,0.0,0.0,0.0,0.0,1.0,0.0,0.0
49654,0.0,0.0,0.0,0.0,0.0,0.0,0.0
49856,0.0,0.0,0.0,0.0,1.0,0.0,0.0
49859,0.0,0.0,0.0,0.0,0.0,0.0,0.0
49870,0.0,0.0,0.0,0.0,1.0,0.0,0.0
49873,0.0,0.0,0.0,0.0,0.0,0.0,0.0
50233,0.0,2.0,0.0,0.0,0.0,1.0,0.0
50234,0.0,0.0,0.0,0.0,0.0,0.0,0.0
50427,0.0,0.0,1.0,0.0,0.0,0.0,0.0
50429,0.0,0.0,0.0,0.0,0.0,0.0,0.0
50792,0.0,0.0,0.0,1.0,0.0,0.0,0.0
50793,0.0,0.0,0.0,0.0,0.0,0.0,0.0
52895,0.0,0.0,0.0,0.0,1.0,0.0,0.0
52896,0.0,0.0,0.0,0.0,0.0,0.0,0.0
52904,0.0,0.0,0.0,0.0,1.0,0.0,0.0
52905,0.0,0.0,0.0,0.0,0.0,0.0,0.0
52908,0.0,0.0,0.0,1.0,1.0,0.0,0.0
52909,0.0,0.0,0.0,0.0,0.0,0.0,0.0
52911,0.0,0.0,0.0,1.0,1.0,0.0,0.0
52912,0.0,0.0,0.0,0.0,0.0,0.0,0.0
55304,0.0,0.0,0.0,0.0,1.0,0.0,0.0
55307,0.0,0.0,0.0,0.0,0.0,0.0,0.0
55308,0.0,0.0,0.0,0.0,1.0,0.0,0.0
55309,0.0,0.0,0.0,0.0,0.0,0.0,0.0
55311,0.0,0.0,0.0,0.0,1.0,0.0,0.0
55313,0.0,0.0,0.0,0.0,2.0,0.0,0.0
55314,0.0,0.0,0.0,0.0,0.0,0.0,0.0
55445,0.0,2.0,0.0,0.0,0.0,1.0,0.0
55446,0.0,0.0,0.0,0.0,0.0,0.0,0.0
56100,0.0,0.0,0.0,0.0,1.0,0.0,0.0
56103,0.0,0.0,0.0,0.0,0.0,0.0,0.0
56156,0.0,0.0,1.0,0.0,0.0,0.0,0.0
56157,0.0,0.0,0.0,0.0,0.0,0.0,0.0
56426,0.0,0.0,1.0,0.0,0.0,0.0,0.0
56428,0.0,0.0,1.0,0.0,1.0,0.0,0.0
56430,0.0,0.0,1.0,0.0,0.0,0.0,0.0
56431,0.0,0.0,1.0,0.0,1.0,0.0,0.0
56432,0.0,0.0,1.0,0.0,0.0,0.0,0.0
56433,0.0,0.0,1.0,0.0,1.0,0.0,0.0
56434,0.0,0.0,1.0,0.0,0.0,0.0,0.0
56438,0.0,0.0,1.0,0.0,1.0,0.0,0.0
56439,0.0,0.0,1.0,0.0,0.0,0.0,0.0
56458,0.0,0.0,0.0,0.0,0.0,0.0,0.0
56459,0.0,0.0,1.0,0.0,0.0,0.0,0.0
56462,0.0,0.0,0.0,0.0,0.0,0.0,0.0
56465,0.0,0.0,1.0,0.0,0.0,0.0,0.0
56466,0.0,0.0,0.0,0.0,0.0,0.0,0.0
56469,0.0,0.0,1.0,0.0,0.0,0.0,0.0
56484,0.0,0.0,0.0,0.0,0.0,0.0,0.0
56485,0.0,0.0,1.0,0.0,0.0,0.0,0.0
56503,0.0,0.0,0.0,0.0,0.0,0.0,0.0
56508,0.0,0.0,1.0,0.0,0.0,0.0,0.0
56510,0.0,0.0,0.0,0.0,0.0,0.0,0.0
56513,0.0,0.0,1.0,0.0,0.0,0.0,0.0
56514,0.0,0.0,0.0,0.0,0.0,0.0,0.0
56528,0.0,0.0,1.0,0.0,0.0,0.0,0.0
56529,0.0,0.0,0.0,0.0,0.0,0.0,0.0
56745,0.0,0.0,1.0,0.0,0.0,0.0,0.0
56747,0.0,0.0,0.0,0.0,0.0,0.0,0.0
56753,0.0,0.0,1.0,0.0,0.0,0.0,0.0
56762,0.0,0.0,0.0,0.0,0.0,0.0,0.0
56764,0.0,0.0,1.0,0.0,0.0,0.0,0.0
56766,0.0,0.0,0.0,0.0,0.0,0.0,0.0
56769,0.0,0.0,1.0,0.0,0.0,0.0,0.0
56770,0.0,0.0,0.0,0.0,0.0,0.0,0.0
56795,0.0,0.0,1.0,0.0,0.0,0.0,0.0
56796,0.0,0.0,0.0,0.0,0.0,0.0,0.0
57078,0.0,0.0,1.0,0.0,0.0,0.0,0.0
57079,0.0,0.0,1.0,0.0,1.0,0.0,0.0
57080,0.0,0.0,1.0,0.0,0.0,0.0,0.0
57091,0.0,0.0,0.0,0.0,0.0,0.0,0.0
57111,0.0,0.0,1.0,0.0,0.0,0.0,0.0
57113,0.0,0.0,0.0,0.0,0.0,0.0,0.0
57115,0.0,0.0,1.0,0.0,0.0,0.0,0.0
57117,0.0,0.0,0.0,0.0,0.0,0.0,0.0
57119,0.0,0.0,1.0,0.0,0.0,0.0,0.0
57124,0.0,0.0,0.0,0.0,0.0,0.0,0.0
57129,0.0,0.0,1.0,0.0,0.0,0.0,0.0
57287,0.0,0.0,0.0,0.0,0.0,0.0,0.0
57288,0.0,0.0,1.0,0.0,0.0,0.0,0.0
57294,0.0,0.0,0.0,0.0,0.0,0.0,0.0
57295,0.0,0.0,1.0,0.0,0.0,0.0,0.0
57379,0.0,0.0,0.0,0.0,0.0,0.0,0.0
57380,0.0,0.0,1.0,0.0,0.0,0.0,0.0
57382,0.0,0.0,0.0,0.0,0.0,0.0,0.0
57383,0.0,0.0,1.0,0.0,0.0,0.0,0.0
57412,0.0,0.0,0.0,0.0,0.0,0.0,0.0
57483,0.0,0.0,1.0,0.0,0.0,0.0,0.0
57486,0.0,0.0,0.0,0.0,0.0,0.0,0.0
57954,0.0,0.0,1.0,0.0,0.0,0.0,0.0
57960,0.0,0.0,0.0,0.0,0.0,0.0,0.0
57962,0.0,0.0,1.0,0.0,0.0,0.0,0.0
58001,0.0,0.0,0.0,0.0,0.0,0.0,0.0
58166,0.0,0.0,0.0,0.0,1.0,0.0,0.0
58167,0.0,0.0,0.0,0.0,0.0,0.0,0.0
58225,0.0,0.0,0.0,0.0,1.0,0.0,0.0
58229,0.0,0.0,0.0,0.0,2.0,0.0,0.0
58230,0.0,0.0,0.0,0.0,0.0,0.0,0.0
58290,0.0,0.0,1.0,0.0,0.0,0.0,0.0
58291,0.0,0.0,0.0,0.0,0.0,0.0,0.0
58371,0.0,0.0,1.0,0.0,0.0,0.0,0.0
58372,0.0,0.0,0.0,0.0,0.0,0.0,0.0
58373,0.0,0.0,1.0,0.0,0.0,0.0,0.0
58379,0.0,0.0,0.0,0.0,0.0,0.0,0.0
58419,0.0,0.0,1.0,0.0,0.0,0.0,0.0
58420,0.0,0.0,0.0,0.0,0.0,0.0,0.0
58447,0.0,0.0,1.0,0.0,0.0,0.0,0.0
58449,0.0,0.0,0.0,0.0,0.0,0.0,0.0
58451,0.0,0.0,1.0,0.0,0.0,0.0,0.0
58453,0.0,0.0,0.0,0.0,0.0,0.0,0.0
58492,0.0,0.0,1.0,0.0,0.0,0.0,0.0
58570,0.0,0.0,0.0,0.0,0.0,0.0,0.0
59155,0.0,0.0,0.0,1.0,0.0,0.0,0.0
59156,0.0,0.0,0.0,0.0,0.0,0.0,0.0
60606,0.0,0.0,0.0,0.0,1.0,0.0,0.0
60607,0.0,0.0,0.0,0.0,0.0,0.0,0.0
60608,0.0,0.0,0.0,0.0,1.0,0.0,0.0
60609,0.0,0.0,0.0,0.0,0.0,0.0,0.0
60773,0.0,0.0,0.0,0.0,1.0,0.0,0.0
60774,0.0,0.0,0.0,0.0,0.0,0.0,0.0
61252,0.0,0.0,0.0,0.0,1.0,0.0,0.0
61253,0.0,0.0,0.0,0.0,0.0,0.0,0.0
62277,0.0,0.0,0.0,0.0,1.0,0.0,0.0
62281,0.0,0.0,0.0,0.0,0.0,0.0,0.0
62282,0.0,0.0,0.0,0.0,1.0,0.0,0.0
62283,0.0,0.0,0.0,0.0,0.0,0.0,0.0
62389,0.0,0.0,0.0,0.0,1.0,0.0,0.0
62391,0.0,0.0,0.0,0.0,0.0,0.0,0.0
62394,0.0,0.0,0.0,0.0,1.0,0.0,0.0
62395,0.0,0.0,0.0,0.0,0.0,0.0,0.0
62397,0.0,0.0,0.0,0.0,1.0,0.0,0.0
62398,0.0,0.0,0.0,0.0,0.0,0.0,0.0
62492,0.0,0.0,0.0,0.0,1.0,0.0,0.0
62493,0.0,0.0,0.0,0.0,0.0,0.0,0.0
63822,0.0,0.0,0.0,0.0,1.0,0.0,0.0
63823,0.0,0.0,0.0,0.0,0.0,0.0,0.0
63902,0.0,0.0,0.0,0.0,1.0,0.0,0.0
63903,0.0,0.0,0.0,0.0,0.0,0.0,0.0
63904,0.0,0.0,0.0,0.0,1.0,0.0,0.0
63905,0.0,0.0,0.0,0.0,0.0,0.0,0.0
63906,0.0,0.0,0.0,0.0,1.0,0.0,0.0
63907,0.0,0.0,0.0,0.0,0.0,0.0,0.0
63908,0.0,0.0,0.0,0.0,1.0,0.0,0.0
63910,0.0,0.0,0.0,0.0,2.0,0.0,0.0
63911,0.0,0.0,0.0,0.0,0.0,0.0,0.0
64552,0.0,0.0,0.0,0.0,1.0,0.0,0.0
64554,0.0,0.0,0.0,0.0,2.0,0.0,0.0
64555,0.0,0.0,0.0,0.0,0.0,0.0,0.0
65100,0.0,0.0,0.0,0.0,1.0,0.0,0.0
65101,0.0,0.0,0.0,0.0,0.0,0.0,0.0
66139,0.0,0.0,0.0,0.0,1.0,0.0,0.0
66140,0.0,0.0,0.0,0.0,0.0,0.0,0.0
66985,0.0,0.0,0.0,0.0,1.0,0.0,0.0
66986,0.0,0.0,0.0,0.0,0.0,0.0,0.0
67296,0.0,0.0,0.0,0.0,1.0,0.0,0.0
67298,0.0,0.0,0.0,0.0,2.0,0.0,0.0
67299,0.0,0.0,0.0,0.0,0.0,0.0,0.0
67986,0.0,0.0,0.0,0.0,1.0,0.0,0.0
67987,0.0,0.0,0.0,0.0,0.0,0.0,0.0
68536,0.0,0.0,0.0,0.0,1.0,0.0,0.0
68537,0.0,0.0,0.0,0.0,0.0,0.0,0.0
69020,0.0,0.0,0.0,0.0,1.0,0.0,0.0
69024,0.0,0.0,0.0,0.0,0.0,0.0,0.0
69030,0.0,0.0,0.0,0.0,1.0,0.0,0.0
69031,0.0,0.0,0.0,0.0,0.0,0.0,0.0
69032,0.0,0.0,0.0,0.0,1.0,0.0,0.0
69039,0.0,0.0,0.0,0.0,0.0,0.0,0.0
69061,0.0,0.0,0.0,0.0,1.0,0.0,0.0
69062,0.0,0.0,0.0,0.0,0.0,0.0,0.0
69070,0.0,0.0,0.0,0.0,1.0,0.0,0.0
69071,0.0,0.0,0.0,0.0,0.0,0.0,0.0
69073,0.0,0.0,0.0,0.0,1.0,0.0,0.0
69074,0.0,0.0,0.0,0.0,0.0,0.0,0.0
69077,0.0,0.0,0.0,0.0,1.0,0.0,0.0
69078,0.0,0.0,0.0,0.0,0.0,0.0,0.0
70283,0.0,0.0,0.0,0.0,1.0,0.0,0.0
70284,0.0,0.0,0.0,0.0,0.0,0.0,0.0
72899,0.0,0.0,0.0,0.0,1.0,0.0,0.0
72900,0.0,0.0,0.0,0.0,0.0,0.0,0.0
72901,0.0,0.0,0.0,0.0,1.0,0.0,0.0
72904,0.0,0.0,0.0,0.0,0.0,0.0,0.0
72910,0.0,0.0,0.0,0.0,1.0,0.0,0.0
72911,0.0,0.0,0.0,0.0,0.0,0.0,0.0
72912,0.0,0.0,0.0,0.0,1.0,0.0,0.0
72913,0.0,0.0,0.0,0.0,0.0,0.0,0.0
72914,0.0,0.0,0.0,0.0,1.0,0.0,0.0
72915,0.0,0.0,0.0,0.0,0.0,0.0,0.0
73633,0.0,0.0,0.0,0.0,1.0,0.0,0.0
73636,0.0,0.0,0.0,0.0,0.0,0.0,0.0
76304,0.0,0.0,0.0,0.0,1.0,0.0,0.0
76314,0.0,0.0,0.0,0.0,0.0,0.0,0.0
76315,0.0,0.0,0.0,0.0,1.0,0.0,0.0
76316,0.0,0.0,0.0,0.0,0.0,0.0,0.0
76394,0.0,0.0,0.0,0.0,1.0,0.0,0.0
76395,0.0,0.0,0.0,0.0,0.0,0.0,0.0
76396,0.0,0.0,0.0,0.0,1.0,0.0,0.0
76400,0.0,0.0,0.0,0.0,0.0,0.0,0.0
76537,0.0,0.0,0.0,0.0,1.0,0.0,0.0
76539,0.0,0.0,0.0,0.0,2.0,0.0,0.0
76540,0.0,0.0,0.0,0.0,0.0,0.0,0.0
78772,0.0,0.0,0.0,0.0,1.0,0.0,0.0
78773,0.0,0.0,0.0,0.0,0.0,0.0,0.0
78876,0.0,0.0,0.0,0.0,1.0,0.0,0.0
78879,0.0,0.0,0.0,0.0,0.0,0.0,0.0
78880,0.0,0.0,0.0,0.0,1.0,0.0,0.0
78881,0.0,0.0,0.0,0.0,0.0,0.0,0.0
79723,0.0,0.0,0.0,0.0,1.0,0.0,0.0
79726,0.0,0.0,0.0,0.0,0.0,0.0,0.0
80397,0.0,0.0,0.0,0.0,1.0,0.0,0.0
80399,0.0,0.0,0.0,0.0,2.0,0.0,0.0
80400,0.0,0.0,0.0,0.0,0.0,0.0,0.0
80762,0.0,0.0,0.0,0.0,1.0,0.0,0.0
80763,0.0,0.0,0.0,0.0,0.0,0.0,0.0
82052,0.0,0.0,0.0,0.0,1.0,0.0,0.0
82053,0.0,0.0,0.0,0.0,0.0,0.0,0.0
82062,0.0,0.0,0.0,0.0,1.0,0.0,0.0
82063,0.0,0.0,0.0,0.0,0.0,0.0,0.0
82072,0.0,0.0,0.0,0.0,1.0,0.0,0.0
82073,0.0,0.0,0.0,0.0,0.0,0.0,0.0
83333,0.0,0.0,0.0,0.0,1.0,0.0,0.0
83342,0.0,0.0,0.0,0.0,0.0,0.0,0.0
83924,0.0,0.0,0.0,0.0,1.0,0.0,0.0
83927,0.0,0.0,0.0,0.0,0.0,0.0,0.0
83928,0.0,0.0,0.0,0.0,1.0,0.0,0.0
83930,0.0,0.0,0.0,0.0,2.0,0.0,0.0
83931,0.0,0.0,0.0,0.0,0.0,0.0,0.0
84873,0.0,0.0,0.0,0.0,1.0,0.0,0.0
84874,0.0,0.0,0.0,0.0,0.0,0.0,0.0
84878,0.0,0.0,0.0,0.0,1.0,0.0,0.0
84880,0.0,0.0,0.0,0.0,2.0,0.0,0.0
84881,0.0,0.0,0.0,0.0,0.0,0.0,0.0
87467,0.0,0.0,0.0,0.0,1.0,0.0,0.0
87468,0.0,0.0,0.0,0.0,0.0,0.0,0.0
87469,0.0,0.0,0.0,0.0,1.0,0.0,0.0
87472,0.0,0.0,0.0,0.0,0.0,0.0,0.0
88403,0.0,0.0,0.0,0.0,1.0,0.0,0.0
88404,0.0,0.0,0.0,0.0,0.0,0.0,0.0
88421,0.0,0.0,0.0,0.0,1.0,0.0,0.0
88422,0.0,0.0,0.0,0.0,0.0,0.0,0.0
88423,0.0,0.0,0.0,0.0,1.0,0.0,0.0
88424,0.0,0.0,0.0,0.0,0.0,0.0,0.0
88527,0.0,0.0,0.0,0.0,1.0,0.0,0.0
88528,0.0,0.0,0.0,0.0,0.0,0.0,0.0
88529,0.0,0.0,0.0,0.0,1.0,0.0,0.0
88532,0.0,0.0,0.0,0.0,0.0,0.0,0.0
88538,0.0,0.0,0.0,0.0,1.0,0.0,0.0
88539,0.0,0.0,0.0,0.0,2.0,0.0,0.0
88540,0.0,0.0,0.0,0.0,0.0,0.0,0.0
89566,0.0,0.0,0.0,0.0,1.0,0.0,0.0
89567,0.0,0.0,0.0,0.0,0.0,0.0,0.0
89580,0.0,0.0,0.0,0.0,1.0,0.0,0.0
89583,0.0,0.0,0.0,0.0,0.0,0.0,0.0
90723,0.0,0.0,0.0,0.0,1.0,0.0,0.0
90724,0.0,0.0,0.0,0.0,0.0,0.0,0.0
90750,0.0,0.0,0.0,0.0,1.0,0.0,0.0
90751,0.0,0.0,0.0,0.0,0.0,0.0,0.0
90755,0.0,0.0,0.0,0.0,1.0,0.0,0.0
90756,0.0,0.0,0.0,0.0,0.0,0.0,0.0
90757,0.0,0.0,0.0,0.0,1.0,0.0,0.0
90760,0.0,0.0,0.0,0.0,0.0,0.0,0.0
92254,0.0,0.0,0.0,0.0,1.0,0.0,0.0
92255,0.0,0.0,0.0,0.0,0.0,0.0,0.0
92299,0.0,0.0,0.0,0.0,1.0,0.0,0.0
92300,0.0,0.0,0.0,0.0,0.0,0.0,0.0
92301,0.0,0.0,0.0,0.0,1.0,0.0,0.0
92302,0.0,0.0,0.0,0.0,0.0,0.0,0.0
92710,0.0,0.0,0.0,0.0,1.0,0.0,0.0
92711,0.0,0.0,0.0,0.0,0.0,0.0,0.0
92735,0.0,0.0,0.0,0.0,1.0,0.0,0.0
92736,0.0,0.0,0.0,0.0,0.0,0.0,0.0
93474,0.0,0.0,0.0,0.0,1.0,0.0,0.0
93475,0.0,0.0,0.0,0.0,0.0,0.0,0.0
93591,0.0,0.0,0.0,0.0,1.0,0.0,0.0
93592,0.0,0.0,0.0,0.0,0.0,0.0,0.0
93595,0.0,0.0,0.0,0.0,1.0,0.0,0.0
93596,0.0,0.0,0.0,0.0,0.0,0.0,0.0
93597,0.0,0.0,0.0,0.0,1.0,0.0,0.0
93599,0.0,0.0,0.0,0.0,0.0,0.0,0.0
93600,0.0,0.0,0.0,0.0,1.0,0.0,0.0
93601,0.0,0.0,0.0,0.0,0.0,0.0,0.0
93602,0.0,0.0,0.0,0.0,1.0,0.0,0.0
93605,0.0,0.0,0.0,0.0,0.0,0.0,0.0
94465,0.0,0.0,0.0,0.0,1.0,0.0,0.0
94470,0.0,0.0,0.0,0.0,0.0,0.0,0.0
94471,0.0,0.0,0.0,0.0,1.0,0.0,0.0
94473,0.0,0.0,0.0,0.0,0.0,0.0,0.0
94883,0.0,0.0,0.0,0.0,1.0,0.0,0.0
94884,0.0,0.0,0.0,0.0,0.0,0.0,0.0
94908,0.0,0.0,0.0,0.0,1.0,0.0,0.0
94909,0.0,0.0,0.0,0.0,0.0,0.0,0.0
95288,0.0,0.0,0.0,0.0,1.0,0.0,0.0
95289,0.0,0.0,0.0,0.0,0.0,0.0,0.0
95290,0.0,0.0,0.0,0.0,1.0,0.0,0.0
95293,0.0,0.0,0.0,0.0,0.0,0.0,0.0
96179,0.0,0.0,0.0,0.0,1.0,0.0,0.0
96180,0.0,0.0,0.0,0.0,0.0,0.0,0.0
96257,0.0,0.0,0.0,0.0,1.0,0.0,0.0
96258,0.0,0.0,0.0,0.0,0.0,0.0,0.0
96262,0.0,0.0,0.0,0.0,1.0,0.0,0.0
96263,0.0,0.0,0.0,0.0,0.0,0.0,0.0
97285,0.0,0.0,0.0,0.0,1.0,0.0,0.0
97290,0.0,0.0,0.0,0.0,0.0,0.0,0.0
97463,0.0,0.0,0.0,0.0,1.0,0.0,0.0
97464,0.0,0.0,0.0,0.0,0.0,0.0,0.0
97597,0.0,0.0,0.0,0.0,1.0,0.0,0.0
97598,0.0,0.0,0.0,0.0,0.0,0.0,0.0
97599,0.0,0.0,0.0,0.0,1.0,0.0,0.0
97600,0.0,0.0,0.0,0.0,0.0,0.0,0.0
97701,0.0,0.0,0.0,0.0,1.0,0.0,0.0
97702,0.0,0.0,0.0,0.0,0.0,0.0,0.0
98510,0.0,0.0,0.0,0.0,1.0,0.0,0.0
98511,0.0,0.0,0.0,0.0,0.0,0.0,0.0
98512,0.0,0.0,0.0,0.0,1.0,0.0,0.0
98513,0.0,0.0,0.0,0.0,0.0,0.0,0.0
98514,0.0,0.0,0.0,0.0,1.0,0.0,0.0
98515,0.0,0.0,0.0,0.0,0.0,0.0,0.0
98713,0.0,0.0,0.0,0.0,1.0,0.0,0.0
98714,0.0,0.0,0.0,0.0,0.0,0.0,0.0
98717,0.0,0.0,0.0,0.0,1.0,0.0,0.0
98718,0.0,0.0,0.0,0.0,0.0,0.0,0.0
98724,0.0,0.0,0.0,0.0,1.0,0.0,0.0
98725,0.0,0.0,0.0,0.0,0.0,0.0,0.0
98807,0.0,0.0,0.0,0.0,1.0,0.0,0.0
98808,0.0,0.0,0.0,0.0,0.0,0.0,0.0
99809,0.0,0.0,0.0,0.0,1.0,0.0,0.0
99810,0.0,0.0,0.0,0.0,0.0,0.0,0.0
99811,0.0,0.0,0.0,0.0,1.0,0.0,0.0
99813,0.0,0.0,0.0,0.0,2.0,0.0,0.0
99814,0.0,0.0,0.0,0.0,0.0,0.0,0.0
101486,0.0,0.0,0.0,0.0,1.0,0.0,0.0
101487,0.0,0.0,0.0,0.0,0.0,0.0,0.0
102481,0.0,0.0,0.0,0.0,1.0,0.0,0.0
102483,0.0,0.0,0.0,0.0,0.0,0.0,0.0
103718,0.0,0.0,0.0,0.0,1.0,0.0,0.0
103719,0.0,0.0,0.0,0.0,0.0,0.0,0.0
104674,0.0,0.0,0.0,0.0,1.0,0.0,0.0
104675,0.0,0.0,0.0,0.0,0.0,0.0,0.0
106431,0.0,0.0,0.0,0.0,1.0,0.0,0.0
106432,0.0,0.0,0.0,0.0,0.0,0.0,0.0
106433,0.0,0.0,0.0,0.0,1.0,0.0,0.0
106439,0.0,0.0,0.0,0.0,0.0,0.0,0.0
106444,0.0,0.0,0.0,0.0,1.0,0.0,0.0
106445,0.0,0.0,0.0,0.0,0.0,0.0,0.0
108625,0.0,0.0,0.0,0.0,1.0,0.0,0.0
108626,0.0,0.0,0.0,0.0,0.0,0.0,0.0
110210,0.0,0.0,0.0,0.0,1.0,0.0,0.0
110211,0.0,0.0,0.0,0.0,0.0,0.0,0.0
110430,0.0,0.0,0.0,0.0,1.0,0.0,0.0
110431,0.0,0.0,0.0,0.0,0.0,0.0,0.0
112135,0.0,0.0,0.0,0.0,1.0,0.0,0.0
112141,0.0,0.0,0.0,0.0,0.0,0.0,0.0
112243,0.0,0.0,0.0,0.0,1.0,0.0,0.0
112244,0.0,0.0,0.0,0.0,0.0,0.0,0.0
116480,0.0,0.0,0.0,0.0,1.0,0.0,0.0
116483,0.0,0.0,0.0,0.0,0.0,0.0,0.0
116484,0.0,0.0,0.0,0.0,1.0,0.0,0.0
116486,0.0,0.0,0.0,0.0,0.0,0.0,0.0
120146,0.0,0.0,0.0,0.0,1.0,0.0,0.0
120149,0.0,0.0,0.0,0.0,0.0,0.0,0.0
121320,0.0,0.0,0.0,0.0,1.0,0.0,0.0
121326,0.0,0.0,0.0,0.0,0.0,0.0,0.0
122398,0.0,0.0,0.0,0.0,1.0,0.0,0.0
122399,0.0,0.0,0.0,0.0,0.0,0.0,0.0
122983,0.0,0.0,0.0,0.0,1.0,0.0,0.0
122984,0.0,0.0,0.0,0.0,0.0,0.0,0.0
122997,0.0,0.0,0.0,0.0,1.0,0.0,0.0
123001,0.0,0.0,0.0,0.0,0.0,0.0,0.0
123144,0.0,0.0,0.0,0.0,1.0,0.0,0.0
123145,0.0,0.0,0.0,0.0,0.0,0.0,0.0
125107,0.0,0.0,0.0,0.0,1.0,0.0,0.0
125108,0.0,0.0,0.0,0.0,0.0,0.0,0.0
125113,0.0,0.0,0.0,0.0,1.0,0.0,0.0
125114,0.0,0.0,0.0,0.0,0.0,0.0,0.0
125721,0.0,0.0,0.0,0.0,1.0,0.0,0.0
125723,0.0,0.0,0.0,0.0,0.0,0.0,0.0
125724,0.0,0.0,0.0,0.0,1.0,0.0,0.0
125725,0.0,0.0,0.0,0.0,0.0,0.0,0.0
125730,0.0,0.0,0.0,0.0,1.0,0.0,0.0
125733,0.0,0.0,0.0,0.0,0.0,0.0,0.0
125734,0.0,0.0,0.0,0.0,1.0,0.0,0.0
125738,0.0,0.0,0.0,0.0,0.0,0.0,0.0
125740,0.0,0.0,0.0,0.0,1.0,0.0,0.0
125742,0.0,0.0,0.0,0.0,2.0,0.0,0.0
125743,0.0,0.0,0.0,0.0,0.0,0.0,0.0
126712,0.0,0.0,0.0,0.0,1.0,0.0,0.0
126713,0.0,0.0,0.0,0.0,0.0,0.0,0.0
126722,0.0,0.0,0.0,0.0,1.0,0.0,0.0
126723,0.0,0.0,0.0,0.0,0.0,0.0,0.0
128693,0.0,0.0,0.0,0.0,1.0,0.0,0.0
128694,0.0,0.0,0.0,0.0,0.0,0.0,0.0
128695,0.0,0.0,0.0,0.0,1.0,0.0,0.0
128696,0.0,0.0,0.0,0.0,0.0,0.0,0.0
129437,0.0,0.0,0.0,0.0,1.0,0.0,0.0
129438,0.0,0.0,0.0,0.0,0.0,0.0,0.0
129442,0.0,0.0,0.0,0.0,1.0,0.0,0.0
129445,0.0,0.0,0.0,0.0,0.0,0.0,0.0
133684,0.0,0.0,0.0,0.0,1.0,0.0,0.0
133685,0.0,0.0,0.0,0.0,0.0,0.0,0.0
133686,0.0,0.0,0.0,0.0,1.0,0.0,0.0
133690,0.0,0.0,0.0,0.0,0.0,0.0,0.0
133691,0.0,0.0,0.0,0.0,1.0,0.0,0.0
133692,0.0,0.0,0.0,0.0,0.0,0.0,0.0
133880,0.0,0.0,0.0,0.0,1.0,0.0,0.0
133883,0.0,0.0,0.0,0.0,0.0,0.0,0.0
133890,0.0,0.0,0.0,0.0,1.0,0.0,0.0
133891,0.0,0.0,0.0,0.0,0.0,0.0,0.0
136967,0.0,0.0,0.0,0.0,1.0,0.0,0.0
136972,0.0,0.0,0.0,0.0,0.0,0.0,0.0
137226,0.0,0.0,0.0,0.0,1.0,0.0,0.0
137229,0.0,0.0,0.0,0.0,0.0,0.0,0.0
137606,0.0,0.0,0.0,0.0,1.0,0.0,0.0
137608,0.0,0.0,0.0,0.0,0.0,0.0,0.0
137609,0.0,0.0,0.0,0.0,1.0,0.0,0.0
137610,0.0,0.0,0.0,0.0,0.0,0.0,0.0
137611,0.0,0.0,0.0,0.0,1.0,0.0,0.0
137613,0.0,0.0,0.0,0.0,0.0,0.0,0.0
137927,0.0,0.0,0.0,0.0,1.0,0.0,0.0
137928,0.0,0.0,0.0,0.0,0.0,0.0,0.0
137995,0.0,0.0,0.0,0.0,1.0,0.0,0.0
137996,0.0,0.0,0.0,0.0,0.0,0.0,0.0
137998,0.0,0.0,0.0,0.0,1.0,0.0,0.0
137999,0.0,0.0,0.0,0.0,0.0,0.0,0.0
140561,0.0,0.0,0.0,0.0,1.0,0.0,0.0
140562,0.0,0.0,0.0,0.0,0.0,0.0,0.0
140567,0.0,0.0,0.0,0.0,1.0,0.0,0.0
140570,0.0,0.0,0.0,0.0,0.0,0.0,0.0
141769,0.0,0.0,0.0,0.0,1.0,0.0,0.0
141770,0.0,0.0,0.0,0.0,0.0,0.0,0.0
141771,0.0,0.0,0.0,0.0,1.0,0.0,0.0
141773,0.0,0.0,0.0,0.0,0.0,0.0,0.0
142809,0.0,0.0,0.0,0.0,1.0,0.0,0.0
142810,0.0,0.0,0.0,0.0,0.0,0.0,0.0
143908,0.0,0.0,0.0,0.0,1.0,0.0,0.0
143914,0.0,0.0,0.0,0.0,0.0,0.0,0.0
144781,0.0,0.0,0.0,0.0,1.0,0.0,0.0
144784,0.0,0.0,0.0,0.0,0.0,0.0,0.0
145050,0.0,0.0,0.0,0.0,1.0,0.0,0.0
145051,0.0,0.0,0.0,0.0,0.0,0.0,0.0
145052,0.0,0.0,0.0,0.0,1.0,0.0,0.0
145053,0.0,0.0,0.0,0.0,0.0,0.0,0.0
145054,0.0,0.0,0.0,0.0,1.0,0.0,0.0
145058,0.0,0.0,0.0,0.0,0.0,0.0,0.0
145059,0.0,0.0,0.0,0.0,1.0,0.0,0.0
145060,0.0,0.0,0.0,0.0,2.0,0.0,0.0
145061,0.0,0.0,0.0,0.0,0.0,0.0,0.0
147215,0.0,0.0,0.0,0.0,1.0,0.0,0.0
147216,0.0,0.0,0.0,0.0,0.0,0.0,0.0
148943,0.0,0.0,0.0,1.0,0.0,0.0,0.0
148944,0.0,0.0,0.0,0.0,0.0,0.0,0.0
149822,0.0,0.0,0.0,0.0,1.0,0.0,0.0
149823,0.0,0.0,0.0,0.0,0.0,0.0,0.0
150895,0.0,0.0,0.0,0.0,1.0,0.0,0.0
150896,0.0,0.0,0.0,0.0,0.0,0.0,0.0
150897,0.0,0.0,0.0,0.0,1.0,0.0,0.0
150898,0.0,0.0,0.0,0.0,0.0,0.0,0.0
150899,0.0,0.0,0.0,0.0,1.0,0.0,0.0
150901,0.0,0.0,0.0,0.0,0.0,0.0,0.0
150951,0.0,0.0,0.0,0.0,1.0,0.0,0.0
150954,0.0,0.0,0.0,0.0,0.0,0.0,0.0
150955,0.0,0.0,0.0,0.0,1.0,0.0,0.0
150957,0.0,0.0,0.0,0.0,0.0,0.0,0.0
150960,0.0,0.0,0.0,0.0,1.0,0.0,0.0
150961,0.0,0.0,0.0,0.0,2.0,0.0,0.0
150962,0.0,0.0,0.0,0.0,0.0,0.0,0.0
151265,0.0,0.0,0.0,0.0,1.0,0.0,0.0
151268,0.0,0.0,0.0,0.0,0.0,0.0,0.0
151269,0.0,0.0,0.0,0.0,1.0,0.0,0.0
151270,0.0,0.0,0.0,0.0,0.0,0.0,0.0
154360,0.0,0.0,0.0,0.0,1.0,0.0,0.0
154361,0.0,0.0,0.0,0.0,0.0,0.0,0.0
154374,0.0,0.0,0.0,0.0,1.0,0.0,0.0
154375,0.0,0.0,0.0,0.0,0.0,0.0,0.0
155365,0.0,0.0,0.0,0.0,1.0,0.0,0.0
155366,0.0,0.0,0.0,0.0,0.0,0.0,0.0
155429,0.0,0.0,0.0,0.0,1.0,0.0,0.0
155430,0.0,0.0,0.0,0.0,0.0,0.0,0.0
155431,0.0,0.0,0.0,0.0,1.0,0.0,0.0
155432,0.0,0.0,0.0,0.0,0.0,0.0,0.0
155885,0.0,0.0,0.0,0.0,1.0,0.0,0.0
155886,0.0,0.0,0.0,0.0,0.0,0.0,0.0
165209,0.0,0.0,0.0,0.0,1.0,0.0,0.0
165212,0.0,0.0,0.0,0.0,0.0,0.0,0.0
165213,0.0,0.0,0.0,0.0,1.0,0.0,0.0
165215,0.0,0.0,0.0,0.0,0.0,0.0,0.0
165216,0.0,0.0,0.0,0.0,1.0,0.0,0.0
165218,0.0,0.0,0.0,0.0,2.0,0.0,0.0
165219,0.0,0.0,0.0,0.0,0.0,0.0,0.0
168014,0.0,0.0,0.0,0.0,1.0,0.0,0.0
168015,0.0,0.0,0.0,0.0,0.0,0.0,0.0
169175,0.0,0.0,0.0,0.0,1.0,0.0,0.0
169176,0.0,0.0,0.0,0.0,0.0,0.0,0.0
169182,0.0,0.0,0.0,0.0,1.0,0.0,0.0
169184,0.0,0.0,0.0,0.0,0.0,0.0,0.0
169227,0.0,0.0,0.0,0.0,1.0,0.0,0.0
169228,0.0,0.0,0.0,0.0,0.0,0.0,0.0
169229,0.0,0.0,0.0,0.0,1.0,0.0,0.0
169231,0.0,0.0,0.0,0.0,0.0,0.0,0.0
170438,0.0,0.0,0.0,0.0,1.0,0.0,0.0
170441,0.0,0.0,0.0,0.0,0.0,0.0,0.0
170442,0.0,0.0,0.0,0.0,1.0,0.0,0.0
170443,0.0,0.0,0.0,0.0,2.0,0.0,0.0
170444,0.0,0.0,0.0,0.0,0.0,0.0,0.0
174219,0.0,0.0,0.0,0.0,1.0,0.0,0.0
174220,0.0,0.0,0.0,0.0,0.0,0.0,0.0
174221,0.0,0.0,0.0,0.0,1.0,0.0,0.0
174226,0.0,0.0,0.0,0.0,2.0,0.0,0.0
174227,0.0,0.0,0.0,0.0,0.0,0.0,0.0
177617,0.0,0.0,0.0,0.0,1.0,0.0,0.0
177622,0.0,0.0,0.0,0.0,0.0,0.0,0.0
181498,0.0,0.0,0.0,0.0,1.0,0.0,0.0
181499,0.0,0.0,0.0,0.0,0.0,0.0,0.0
182619,0.0,0.0,0.0,0.0,1.0,0.0,0.0
182620,0.0,0.0,0.0,0.0,0.0,0.0,0.0
182621,0.0,0.0,0.0,0.0,1.0,0.0,0.0
182622,0.0,0.0,0.0,0.0,0.0,0.0,0.0
184188,0.0,0.0,0.0,0.0,1.0,0.0,0.0
184189,0.0,0.0,0.0,0.0,0.0,0.0,0.0
186229,0.0,0.0,0.0,0.0,1.0,0.0,0.0
186230,0.0,0.0,0.0,0.0,0.0,0.0,0.0
186237,0.0,0.0,0.0,0.0,1.0,0.0,0.0
186238,0.0,0.0,0.0,0.0,0.0,0.0,0.0
187824,0.0,0.0,0.0,0.0,1.0,0.0,0.0
187825,0.0,0.0,0.0,0.0,0.0,0.0,0.0
188048,0.0,0.0,0.0,0.0,1.0,0.0,0.0
188049,0.0,0.0,0.0,0.0,0.0,0.0,0.0
188848,0.0,0.0,0.0,0.0,1.0,0.0,0.0
188849,0.0,0.0,0.0,0.0,0.0,0.0,0.0
190621,0.0,0.0,0.0,0.0,1.0,0.0,0.0
190622,0.0,0.0,0.0,0.0,0.0,0.0,0.0
194110,0.0,0.0,0.0,0.0,1.0,0.0,0.0
194111,0.0,0.0,0.0,0.0,2.0,0.0,0.0
194112,0.0,0.0,0.0,0.0,0.0,0.0,0.0
199818,0.0,0.0,0.0,0.0,1.0,0.0,0.0
199819,0.0,0.0,0.0,0.0,0.0,0.0,0.0
200000,0.0,0.0,0.0,0.0,0.0,0.0,1.0
200001,0.0,0.0,0.0,0.0,0.0,0.0,0.0
200116,0.0,0.0,0.0,0.0,1.0,0.0,0.0
200119,0.0,0.0,0.0,0.0,2.0,0.0,0.0
200120,0.0,0.0,0.0,0.0,0.0,0.0,0.0
200135,0.0,0.0,0.0,1.0,0.0,0.0,0.0
200141,0.0,0.0,0.0,0.0,0.0,0.0,0.0
200159,0.0,0.0,0.0,1.0,0.0,0.0,0.0
200160,0.0,0.0,0.0,0.0,0.0,0.0,0.0
200187,0.0,0.0,0.0,1.0,0.0,0.0,0.0
200191,0.0,0.0,0.0,2.0,0.0,1.0,0.0
200192,0.0,0.0,0.0,0.0,0.0,0.0,0.0
200241,0.0,0.0,1.0,0.0,0.0,0.0,0.0
200244,0.0,0.0,0.0,0.0,0.0,0.0,0.0
200247,0.0,0.0,1.0,0.0,0.0,0.0,0.0
200249,0.0,0.0,0.0,0.0,0.0,0.0,0.0
200250,0.0,0.0,1.0,0.0,0.0,0.0,0.0
200253,0.0,0.0,0.0,0.0,0.0,0.0,0.0
200809,0.0,0.0,1.0,0.0,0.0,0.0,0.0
200811,0.0,0.0,0.0,0.0,0.0,0.0,0.0
201143,0.0,0.0,0.0,0.0,1.0,0.0,0.0
201144,0.0,0.0,0.0,0.0,0.0,0.0,0.0
201145,0.0,0.0,0.0,0.0,1.0,0.0,0.0
201146,0.0,0.0,0.0,0.0,0.0,0.0,0.0
201147,0.0,0.0,0.0,0.0,1.0,0.0,0.0
201148,0.0,0.0,0.0,0.0,0.0,0.0,0.0
201149,0.0,0.0,0.0,0.0,1.0,0.0,0.0
201150,0.0,0.0,0.0,0.0,0.0,0.0,0.0
201154,0.0,0.0,0.0,0.0,1.0,0.0,0.0
201155,0.0,0.0,0.0,0.0,0.0,0.0,0.0
201208,0.0,0.0,0.0,0.0,1.0,0.0,0.0
201210,0.0,0.0,0.0,0.0,2.0,0.0,0.0
201211,0.0,0.0,0.0,0.0,0.0,0.0,0.0
202343,0.0,0.0,0.0,0.0,1.0,0.0,0.0
202348,0.0,0.0,0.0,0.0,0.0,0.0,0.0
202689,0.0,0.0,0.0,0.0,1.0,0.0,0.0
202690,0.0,0.0,0.0,0.0,0.0,0.0,0.0
203373,0.0,0.0,0.0,0.0,1.0,0.0,0.0
203374,0.0,0.0,0.0,0.0,0.0,0.0,0.0
204600,0.0,0.0,0.0,0.0,1.0,0.0,0.0
204601,0.0,0.0,0.0,0.0,0.0,0.0,0.0
206087,0.0,0.0,0.0,0.0,1.0,0.0,0.0
206088,0.0,0.0,0.0,1.0,1.0,0.0,0.0
206089,0.0,0.0,0.0,0.0,1.0,0.0,0.0
206090,0.0,0.0,0.0,1.0,1.0,0.0,0.0
206091,0.0,0.0,0.0,0.0,1.0,0.0,0.0
206092,0.0,0.0,0.0,0.0,0.0,0.0,0.0
206109,0.0,0.0,0.0,0.0,1.0,0.0,0.0
206110,0.0,0.0,0.0,0.0,0.0,0.0,0.0
207585,0.0,0.0,0.0,0.0,1.0,0.0,0.0
207586,0.0,0.0,0.0,0.0,0.0,0.0,0.0
207607,0.0,0.0,0.0,0.0,1.0,0.0,0.0
207609,0.0,0.0,0.0,0.0,2.0,0.0,0.0
207610,0.0,0.0,0.0,0.0,0.0,0.0,0.0
209237,0.0,0.0,0.0,0.0,1.0,0.0,0.0
209238,0.0,0.0,0.0,0.0,0.0,0.0,0.0
209472,0.0,0.0,0.0,0.0,1.0,0.0,0.0
209473,0.0,0.0,0.0,0.0,0.0,0.0,0.0
209490,0.0,0.0,0.0,0.0,1.0,0.0,0.0
209491,0.0,0.0,0.0,0.0,0.0,0.0,0.0
209492,0.0,0.0,0.0,0.0,1.0,0.0,0.0
209493,0.0,0.0,0.0,0.0,0.0,0.0,0.0
209494,0.0,0.0,0.0,0.0,1.0,0.0,0.0
209495,0.0,0.0,0.0,0.0,0.0,0.0,0.0
209497,0.0,0.0,0.0,0.0,1.0,0.0,0.0
209498,0.0,0.0,0.0,0.0,0.0,0.0,0.0
209499,0.0,0.0,0.0,0.0,1.0,0.0,0.0
209501,0.0,0.0,0.0,0.0,2.0,0.0,0.0
209502,0.0,0.0,0.0,0.0,0.0,0.0,0.0
210351,0.0,0.0,1.0,0.0,0.0,0.0,0.0
210353,0.0,0.0,0.0,0.0,0.0,0.0,0.0
210354,0.0,0.0,1.0,0.0,0.0,0.0,0.0
210357,0.0,0.0,0.0,0.0,0.0,0.0,0.0
210371,0.0,0.0,1.0,0.0,0.0,0.0,0.0
210373,0.0,0.0,0.0,0.0,0.0,0.0,0.0
210376,0.0,0.0,1.0,0.0,0.0,0.0,0.0
210377,0.0,0.0,0.0,0.0,0.0,0.0,0.0
210383,0.0,0.0,1.0,0.0,0.0,0.0,0.0
210385,0.0,0.0,0.0,0.0,0.0,0.0,0.0
210387,0.0,0.0,1.0,0.0,0.0,0.0,0.0
210389,0.0,0.0,0.0,0.0,0.0,0.0,0.0
210461,0.0,0.0,1.0,0.0,0.0,0.0,0.0
210462,0.0,0.0,0.0,0.0,0.0,0.0,0.0
210468,0.0,0.0,1.0,0.0,0.0,0.0,0.0
210474,0.0,0.0,0.0,0.0,0.0,0.0,0.0
210485,0.0,0.0,1.0,0.0,0.0,0.0,0.0
210494,0.0,0.0,0.0,0.0,0.0,0.0,0.0
210501,0.0,0.0,1.0,0.0,0.0,0.0,0.0
210502,0.0,0.0,0.0,0.0,0.0,0.0,0.0
210503,0.0,0.0,1.0,0.0,0.0,0.0,0.0
210506,0.0,0.0,0.0,0.0,0.0,0.0,0.0
210507,0.0,0.0,1.0,0.0,0.0,0.0,0.0
210526,0.0,0.0,0.0,0.0,0.0,0.0,0.0
210529,0.0,0.0,1.0,0.0,0.0,0.0,0.0
210530,0.0,0.0,0.0,0.0,0.0,0.0,0.0
210531,0.0,0.0,1.0,0.0,0.0,0.0,0.0
210534,0.0,0.0,0.0,0.0,0.0,0.0,0.0
210535,0.0,0.0,1.0,0.0,0.0,0.0,0.0
210562,0.0,0.0,0.0,0.0,0.0,0.0,0.0
210569,0.0,0.0,1.0,0.0,0.0,0.0,0.0
210570,0.0,0.0,0.0,0.0,0.0,0.0,0.0
211096,0.0,0.0,0.0,0.0,1.0,0.0,0.0
211097,0.0,0.0,0.0,0.0,0.0,0.0,0.0
211291,0.0,0.0,1.0,0.0,0.0,0.0,0.0
211293,0.0,0.0,1.0,0.0,1.0,0.0,0.0
211296,0.0,0.0,1.0,0.0,0.0,0.0,0.0
211338,0.0,0.0,0.0,0.0,0.0,0.0,0.0
211339,0.0,0.0,1.0,0.0,0.0,0.0,0.0
211363,0.0,0.0,0.0,0.0,0.0,0.0,0.0
211366,0.0,0.0,1.0,0.0,0.0,0.0,0.0
211367,0.0,0.0,0.0,0.0,0.0,0.0,0.0
211378,0.0,0.0,1.0,0.0,0.0,0.0,0.0
211383,0.0,0.0,0.0,0.0,0.0,0.0,0.0
211386,0.0,0.0,1.0,0.0,0.0,0.0,0.0
211387,0.0,0.0,0.0,0.0,0.0,0.0,0.0
211388,0.0,0.0,1.0,0.0,0.0,0.0,0.0
211395,0.0,0.0,0.0,0.0,0.0,0.0,0.0
211425,0.0,0.0,1.0,0.0,0.0,0.0,0.0
211427,0.0,0.0,0.0,0.0,0.0,0.0,0.0
211432,0.0,0.0,1.0,0.0,0.0,0.0,0.0
211435,0.0,0.0,0.0,0.0,0.0,0.0,0.0
211441,0.0,0.0,1.0,0.0,0.0,0.0,0.0
211443,0.0,0.0,0.0,0.0,0.0,0.0,0.0
211462,0.0,0.0,1.0,0.0,0.0,0.0,0.0
211463,0.0,0.0,0.0,0.0,0.0,0.0,0.0
211470,0.0,0.0,1.0,0.0,0.0,0.0,0.0
211471,0.0,0.0,0.0,0.0,0.0,0.0,0.0
211473,0.0,0.0,1.0,0.0,0.0,0.0,0.0
211475,0.0,0.0,0.0,0.0,0.0,0.0,0.0
211477,0.0,0.0,1.0,0.0,0.0,0.0,0.0
211479,0.0,0.0,0.0,0.0,0.0,0.0,0.0
211490,0.0,0.0,1.0,0.0,0.0,0.0,0.0
211491,0.0,0.0,0.0,0.0,0.0,0.0,0.0
211492,0.0,0.0,1.0,0.0,0.0,0.0,0.0
211495,0.0,0.0,0.0,0.0,0.0,0.0,0.0
211496,0.0,0.0,1.0,0.0,0.0,0.0,0.0
211507,0.0,0.0,0.0,0.0,0.0,0.0,0.0
211508,0.0,0.0,1.0,0.0,0.0,0.0,0.0
211519,0.0,0.0,0.0,0.0,0.0,0.0,0.0
211775,0.0,0.0,1.0,0.0,0.0,0.0,0.0
211777,0.0,0.0,0.0,0.0,0.0,0.0,0.0
211820,0.0,0.0,1.0,0.0,0.0,0.0,0.0
211825,0.0,0.0,0.0,0.0,0.0,0.0,0.0
211828,0.0,0.0,1.0,0.0,0.0,0.0,0.0
211841,0.0,0.0,0.0,0.0,0.0,0.0,0.0
211848,0.0,0.0,1.0,0.0,0.0,0.0,0.0
211849,0.0,0.0,0.0,0.0,0.0,0.0,0.0
211875,0.0,0.0,1.0,0.0,0.0,0.0,0.0
211877,0.0,0.0,0.0,0.0,0.0,0.0,0.0
211879,0.0,0.0,1.0,0.0,0.0,0.0,0.0
211881,0.0,0.0,0.0,0.0,0.0,0.0,0.0
211883,0.0,0.0,1.0,0.0,0.0,0.0,0.0
211885,0.0,0.0,0.0,0.0,0.0,0.0,0.0
211888,0.0,0.0,1.0,0.0,0.0,0.0,0.0
211889,0.0,0.0,0.0,0.0,0.0,0.0,0.0
211890,0.0,0.0,1.0,0.0,0.0,0.0,0.0
211897,0.0,0.0,0.0,0.0,0.0,0.0,0.0
211898,0.0,0.0,1.0,0.0,0.0,0.0,0.0
211901,0.0,0.0,0.0,0.0,0.0,0.0,0.0
211904,0.0,0.0,1.0,0.0,0.0,0.0,0.0
211905,0.0,0.0,0.0,0.0,0.0,0.0,0.0
211906,0.0,0.0,1.0,0.0,0.0,0.0,0.0
211909,0.0,0.0,0.0,0.0,0.0,0.0,0.0
211910,0.0,0.0,1.0,0.0,0.0,0.0,0.0
211917,0.0,0.0,0.0,0.0,0.0,0.0,0.0
211918,0.0,0.0,1.0,0.0,0.0,0.0,0.0
211921,0.0,0.0,0.0,0.0,0.0,0.0,0.0
211924,0.0,0.0,1.0,0.0,0.0,0.0,0.0
211929,0.0,0.0,0.0,0.0,0.0,0.0,0.0
211930,0.0,0.0,1.0,0.0,0.0,0.0,0.0
211933,0.0,0.0,0.0,0.0,0.0,0.0,0.0
211936,0.0,0.0,1.0,0.0,0.0,0.0,0.0
211937,0.0,0.0,0.0,0.0,0.0,0.0,0.0
211938,0.0,0.0,1.0,0.0,0.0,0.0,0.0
211998,0.0,0.0,0.0,0.0,0.0,0.0,0.0
212009,0.0,0.0,1.0,0.0,0.0,0.0,0.0
212010,0.0,0.0,0.0,0.0,0.0,0.0,0.0
212012,0.0,0.0,1.0,0.0,0.0,0.0,0.0
212014,0.0,0.0,0.0,0.0,0.0,0.0,0.0
212016,0.0,0.0,1.0,0.0,0.0,0.0,0.0
212018,0.0,0.0,0.0,0.0,0.0,0.0,0.0
212021,0.0,0.0,1.0,0.0,0.0,0.0,0.0
212046,0.0,0.0,0.0,0.0,0.0,0.0,0.0
212048,0.0,0.0,1.0,0.0,0.0,0.0,0.0
212050,0.0,0.0,0.0,0.0,0.0,0.0,0.0
212061,0.0,0.0,1.0,0.0,0.0,0.0,0.0
212078,0.0,0.0,1.0,0.0,1.0,0.0,0.0
212079,0.0,0.0,1.0,0.0,0.0,0.0,0.0
212195,0.0,0.0,0.0,0.0,0.0,0.0,0.0
212424,0.0,0.0,0.0,0.0,1.0,0.0,0.0
212425,0.0,0.0,0.0,0.0,0.0,0.0,0.0
212762,0.0,0.0,0.0,0.0,1.0,0.0,0.0
212763,0.0,0.0,0.0,0.0,0.0,0.0,0.0
212764,0.0,0.0,0.0,0.0,1.0,0.0,0.0
212767,0.0,0.0,0.0,0.0,0.0,0.0,0.0
212770,0.0,0.0,0.0,0.0,1.0,0.0,0.0
212773,0.0,0.0,0.0,0.0,2.0,0.0,0.0
212774,0.0,0.0,0.0,0.0,0.0,0.0,0.0
212794,0.0,0.0,1.0,0.0,0.0,0.0,0.0
213233,0.0,0.0,1.0,0.0,1.0,0.0,0.0
213236,0.0,0.0,1.0,0.0,0.0,0.0,0.0
213242,0.0,0.0,1.0,0.0,1.0,0.0,0.0
213243,0.0,0.0,1.0,0.0,0.0,0.0,0.0
213589,0.0,2.0,1.0,0.0,0.0,0.0,0.0
213590,0.0,0.0,1.0,0.0,0.0,0.0,0.0
216087,0.0,0.0,1.0,0.0,1.0,0.0,0.0
216088,0.0,0.0,1.0,0.0,0.0,0.0,0.0
218263,0.0,0.0,0.0,0.0,0.0,0.0,0.0
218265,0.0,0.0,1.0,0.0,0.0,0.0,0.0
218271,0.0,0.0,0.0,0.0,0.0,0.0,0.0
218272,0.0,0.0,1.0,0.0,0.0,0.0,0.0
218287,0.0,0.0,0.0,0.0,0.0,0.0,0.0
218288,0.0,0.0,1.0,0.0,0.0,0.0,0.0
218858,0.0,0.0,1.0,0.0,1.0,0.0,0.0
218859,0.0,0.0,1.0,0.0,0.0,0.0,0.0
219386,0.0,0.0,1.0,0.0,1.0,0.0,0.0
219389,0.0,0.0,1.0,0.0,0.0,0.0,0.0
219390,0.0,0.0,1.0,0.0,1.0,0.0,0.0
219391,0.0,0.0,1.0,0.0,0.0,0.0,0.0
219392,0.0,0.0,1.0,0.0,1.0,0.0,0.0
219394,0.0,0.0,1.0,0.0,0.0,0.0,0.0
221394,0.0,0.0,1.0,0.0,1.0,0.0,0.0
221395,0.0,0.0,1.0,0.0,0.0,0.0,0.0
221397,0.0,0.0,1.0,0.0,1.0,0.0,0.0
221398,0.0,0.0,1.0,0.0,0.0,0.0,0.0
221399,0.0,0.0,1.0,0.0,1.0,0.0,0.0
221400,0.0,0.0,1.0,0.0,0.0,0.0,0.0
222201,0.0,0.0,1.0,0.0,1.0,0.0,0.0
222202,0.0,0.0,1.0,0.0,0.0,0.0,0.0
222203,0.0,0.0,1.0,0.0,1.0,0.0,0.0
222204,0.0,0.0,1.0,0.0,0.0,0.0,0.0
222207,0.0,0.0,1.0,0.0,1.0,0.0,0.0
222209,0.0,0.0,1.0,0.0,0.0,0.0,0.0
222210,0.0,0.0,1.0,0.0,1.0,0.0,0.0
222211,0.0,0.0,1.0,0.0,0.0,0.0,0.0
222212,0.0,0.0,1.0,0.0,1.0,0.0,0.0
222213,0.0,0.0,1.0,0.0,0.0,0.0,0.0
222877,0.0,0.0,1.0,0.0,1.0,0.0,0.0
222878,0.0,0.0,1.0,0.0,0.0,0.0,0.0
223884,0.0,0.0,1.0,0.0,1.0,0.0,0.0
223885,0.0,0.0,1.0,0.0,0.0,0.0,0.0
224486,0.0,0.0,1.0,0.0,1.0,0.0,0.0
224487,0.0,0.0,1.0,0.0,0.0,0.0,0.0
224491,0.0,0.0,1.0,0.0,1.0,0.0,0.0
224492,0.0,0.0,1.0,0.0,0.0,0.0,0.0
225363,0.0,0.0,1.0,0.0,1.0,0.0,0.0
225367,0.0,0.0,1.0,0.0,0.0,0.0,0.0
225449,0.0,0.0,1.0,0.0,1.0,0.0,0.0
225451,0.0,0.0,1.0,0.0,2.0,0.0,0.0
225452,0.0,0.0,1.0,0.0,0.0,0.0,0.0
226199,0.0,0.0,1.0,0.0,1.0,0.0,0.0
226200,0.0,0.0,1.0,0.0,0.0,0.0,0.0
226215,0.0,0.0,1.0,0.0,1.0,0.0,0.0
226216,0.0,0.0,1.0,0.0,0.0,0.0,0.0
228806,0.0,0.0,0.0,0.0,0.0,0.0,0.0
228813,0.0,0.0,1.0,0.0,0.0,0.0,0.0
228814,0.0,0.0,0.0,0.0,0.0,0.0,0.0
229104,0.0,0.0,0.0,0.0,1.0,0.0,0.0
229106,0.0,0.0,0.0,0.0,0.0,0.0,0.0
229870,0.0,0.0,0.0,0.0,1.0,0.0,0.0
229871,0.0,0.0,0.0,0.0,0.0,0.0,0.0
230024,0.0,0.0,0.0,0.0,1.0,0.0,0.0
230025,0.0,0.0,0.0,0.0,0.0,0.0,0.0
230029,0.0,0.0,0.0,0.0,1.0,0.0,0.0
230030,0.0,0.0,0.0,0.0,0.0,0.0,0.0
230062,0.0,0.0,1.0,0.0,0.0,0.0,0.0
230064,0.0,0.0,0.0,0.0,0.0,0.0,0.0
230065,0.0,0.0,1.0,0.0,0.0,0.0,0.0
230068,0.0,0.0,0.0,0.0,0.0,0.0,0.0
230071,0.0,0.0,1.0,0.0,0.0,0.0,0.0
230072,0.0,0.0,0.0,0.0,0.0,0.0,0.0
230074,0.0,0.0,1.0,0.0,0.0,0.0,0.0
230076,0.0,0.0,0.0,0.0,0.0,0.0,0.0
230082,0.0,0.0,1.0,0.0,0.0,0.0,0.0
230096,0.0,0.0,0.0,0.0,0.0,0.0,0.0
230097,0.0,0.0,1.0,0.0,0.0,0.0,0.0
230104,0.0,0.0,0.0,0.0,0.0,0.0,0.0
230109,0.0,0.0,1.0,0.0,0.0,0.0,0.0
230112,0.0,0.0,0.0,0.0,0.0,0.0,0.0
230114,0.0,0.0,1.0,0.0,0.0,0.0,0.0
230116,0.0,0.0,0.0,0.0,0.0,0.0,0.0
230146,0.0,0.0,1.0,0.0,0.0,0.0,0.0
230152,0.0,0.0,0.0,0.0,0.0,0.0,0.0
230159,0.0,0.0,1.0,0.0,0.0,0.0,0.0
230160,0.0,0.0,0.0,0.0,0.0,0.0,0.0
230702,0.0,0.0,0.0,0.0,1.0,0.0,0.0
230706,0.0,0.0,0.0,0.0,0.0,0.0,0.0
232081,0.0,0.0,0.0,0.0,1.0,0.0,0.0
232082,0.0,0.0,0.0,0.0,0.0,0.0,0.0
234470,0.0,0.0,0.0,0.0,1.0,0.0,0.0
234473,0.0,0.0,0.0,0.0,0.0,0.0,0.0
234486,0.0,0.0,0.0,0.0,1.0,0.0,0.0
234487,0.0,0.0,0.0,0.0,0.0,0.0,0.0
234488,0.0,0.0,0.0,0.0,1.0,0.0,0.0
234492,0.0,0.0,0.0,0.0,0.0,0.0,0.0
234981,0.0,0.0,0.0,0.0,1.0,0.0,0.0
234982,0.0,0.0,0.0,0.0,0.0,0.0,0.0
234983,0.0,0.0,0.0,0.0,1.0,0.0,0.0
234984,0.0,0.0,0.0,0.0,0.0,0.0,0.0
234985,0.0,0.0,0.0,0.0,1.0,0.0,0.0
234986,0.0,0.0,0.0,0.0,0.0,0.0,0.0
234987,0.0,0.0,0.0,0.0,1.0,0.0,0.0
234991,0.0,0.0,0.0,0.0,0.0,0.0,0.0
235340,0.0,0.0,1.0,0.0,0.0,0.0,0.0
235341,0.0,0.0,0.0,0.0,0.0,0.0,0.0
235343,0.0,0.0,1.0,0.0,0.0,0.0,0.0
235345,0.0,0.0,0.0,0.0,0.0,0.0,0.0
235351,0.0,0.0,1.0,0.0,0.0,0.0,0.0
235369,0.0,0.0,0.0,0.0,0.0,0.0,0.0
235403,0.0,0.0,1.0,0.0,0.0,0.0,0.0
235405,0.0,0.0,0.0,0.0,0.0,0.0,0.0
235432,0.0,0.0,1.0,0.0,0.0,0.0,0.0
235433,0.0,0.0,0.0,0.0,0.0,0.0,0.0
235444,0.0,0.0,1.0,0.0,0.0,0.0,0.0
235445,0.0,0.0,0.0,0.0,0.0,0.0,0.0
235447,0.0,0.0,1.0,0.0,0.0,0.0,0.0
235449,0.0,0.0,0.0,0.0,0.0,0.0,0.0
235450,0.0,0.0,1.0,0.0,0.0,0.0,0.0
235685,0.0,0.0,0.0,0.0,0.0,0.0,0.0
235688,0.0,0.0,1.0,0.0,0.0,0.0,0.0
235689,0.0,0.0,0.0,0.0,0.0,0.0,0.0
235690,0.0,0.0,1.0,0.0,0.0,0.0,0.0
235693,0.0,0.0,0.0,0.0,0.0,0.0,0.0
235694,0.0,0.0,1.0,0.0,0.0,0.0,0.0
235697,0.0,0.0,0.0,0.0,0.0,0.0,0.0
235703,0.0,0.0,1.0,0.0,0.0,0.0,0.0
235709,0.0,0.0,0.0,0.0,0.0,0.0,0.0
235726,0.0,0.0,1.0,0.0,0.0,0.0,0.0
235729,0.0,0.0,0.0,0.0,0.0,0.0,0.0
237887,0.0,0.0,0.0,1.0,0.0,0.0,0.0
237888,0.0,0.0,0.0,0.0,0.0,0.0,0.0
239956,0.0,0.0,0.0,0.0,1.0,0.0,0.0
239957,0.0,0.0,0.0,0.0,0.0,0.0,0.0
239958,0.0,0.0,0.0,0.0,1.0,0.0,0.0
239959,0.0,0.0,0.0,0.0,0.0,0.0,0.0
241467,0.0,0.0,0.0,0.0,1.0,0.0,0.0
241468,0.0,0.0,0.0,0.0,0.0,0.0,0.0
241999,0.0,0.0,0.0,0.0,1.0,0.0,0.0
242000,0.0,0.0,0.0,0.0,0.0,0.0,0.0
242002,0.0,0.0,0.0,0.0,1.0,0.0,0.0
242003,0.0,0.0,0.0,0.0,0.0,0.0,0.0
242043,0.0,0.0,0.0,0.0,1.0,0.0,0.0
242044,0.0,0.0,0.0,0.0,0.0,0.0,0.0
242387,0.0,0.0,0.0,0.0,1.0,0.0,0.0
242388,0.0,0.0,0.0,0.0,0.0,0.0,0.0
242485,0.0,0.0,0.0,0.0,1.0,0.0,0.0
242486,0.0,0.0,0.0,0.0,0.0,0.0,0.0
242495,0.0,0.0,0.0,0.0,1.0,0.0,0.0
242501,0.0,0.0,0.0,0.0,0.0,0.0,0.0
242798,0.0,0.0,0.0,0.0,1.0,0.0,0.0
242799,0.0,0.0,0.0,0.0,0.0,0.0,0.0
242801,0.0,0.0,0.0,0.0,1.0,0.0,0.0
242802,0.0,0.0,0.0,0.0,0.0,0.0,0.0
242821,0.0,0.0,0.0,0.0,1.0,0.0,0.0
242822,0.0,0.0,0.0,0.0,2.0,0.0,0.0
242823,0.0,0.0,0.0,0.0,0.0,0.0,0.0
242909,0.0,0.0,0.0,0.0,1.0,0.0,0.0
242912,0.0,0.0,0.0,0.0,0.0,0.0,0.0
243795,0.0,0.0,0.0,0.0,1.0,0.0,0.0
243796,0.0,0.0,0.0,0.0,0.0,0.0,0.0
243798,0.0,0.0,0.0,0.0,1.0,0.0,0.0
243801,0.0,0.0,0.0,0.0,0.0,0.0,0.0
244234,0.0,0.0,0.0,0.0,1.0,0.0,0.0
244237,0.0,0.0,0.0,0.0,0.0,0.0,0.0
244457,0.0,0.0,0.0,0.0,1.0,0.0,0.0
244458,0.0,0.0,0.0,0.0,0.0,0.0,0.0
244459,0.0,0.0,0.0,0.0,1.0,0.0,0.0
244460,0.0,0.0,0.0,0.0,0.0,0.0,0.0
245202,0.0,0.0,0.0,0.0,1.0,0.0,0.0
245203,0.0,0.0,0.0,0.0,0.0,0.0,0.0
245207,0.0,0.0,0.0,0.0,1.0,0.0,0.0
245210,0.0,0.0,0.0,0.0,0.0,0.0,0.0
246428,0.0,0.0,0.0,0.0,1.0,0.0,0.0
246429,0.0,0.0,0.0,0.0,0.0,0.0,0.0
246430,0.0,0.0,0.0,0.0,1.0,0.0,0.0
246434,0.0,0.0,0.0,0.0,0.0,0.0,0.0
246788,0.0,0.0,0.0,0.0,1.0,0.0,0.0
246789,0.0,0.0,0.0,0.0,0.0,0.0,0.0
246792,0.0,0.0,0.0,0.0,1.0,0.0,0.0
246794,0.0,0.0,0.0,0.0,0.0,0.0,0.0
247106,0.0,0.0,0.0,0.0,1.0,0.0,0.0
247107,0.0,0.0,0.0,0.0,0.0,0.0,0.0
247725,0.0,0.0,0.0,0.0,1.0,0.0,0.0
247726,0.0,0.0,0.0,0.0,0.0,0.0,0.0
248229,0.0,0.0,0.0,0.0,1.0,0.0,0.0
248230,0.0,0.0,0.0,0.0,0.0,0.0,0.0
248237,0.0,0.0,0.0,0.0,1.0,0.0,0.0
248238,0.0,0.0,0.0,0.0,0.0,0.0,0.0
249180,0.0,0.0,0.0,0.0,1.0,0.0,0.0
249181,0.0,0.0,0.0,0.0,0.0,0.0,0.0
249468,0.0,0.0,0.0,0.0,1.0,0.0,0.0
249474,0.0,0.0,0.0,0.0,0.0,0.0,0.0
249475,0.0,0.0,0.0,0.0,1.0,0.0,0.0
249476,0.0,0.0,0.0,0.0,0.0,0.0,0.0
249482,0.0,0.0,0.0,0.0,1.0,0.0,0.0
249484,0.0,0.0,0.0,0.0,0.0,0.0,0.0
249488,0.0,0.0,0.0,0.0,1.0,0.0,0.0
249489,0.0,0.0,0.0,0.0,0.0,0.0,0.0
249490,0.0,0.0,0.0,0.0,1.0,0.0,0.0
249493,0.0,0.0,0.0,0.0,0.0,0.0,0.0
249497,0.0,0.0,0.0,0.0,1.0,0.0,0.0
249499,0.0,0.0,0.0,0.0,2.0,0.0,0.0
249500,0.0,0.0,0.0,0.0,0.0,0.0,0.0
249855,0.0,0.0,0.0,0.0,1.0,0.0,0.0
249858,0.0,0.0,0.0,0.0,0.0,0.0,0.0
251032,0.0,0.0,0.0,0.0,1.0,0.0,0.0
251035,0.0,0.0,0.0,0.0,0.0,0.0,0.0
251036,0.0,0.0,0.0,0.0,1.0,0.0,0.0
251037,0.0,0.0,0.0,0.0,0.0,0.0,0.0
254725,0.0,0.0,0.0,0.0,1.0,0.0,0.0
254726,0.0,0.0,0.0,0.0,0.0,0.0,0.0
254727,0.0,0.0,0.0,0.0,1.0,0.0,0.0
254728,0.0,0.0,0.0,0.0,0.0,0.0,0.0
255028,0.0,0.0,0.0,0.0,1.0,0.0,0.0
255029,0.0,0.0,0.0,0.0,0.0,0.0,0.0
255031,0.0,0.0,0.0,0.0,1.0,0.0,0.0
255032,0.0,0.0,0.0,0.0,0.0,0.0,0.0
255033,0.0,0.0,0.0,0.0,1.0,0.0,0.0
255034,0.0,0.0,0.0,0.0,0.0,0.0,0.0
255055,0.0,0.0,0.0,0.0,1.0,0.0,0.0
255058,0.0,0.0,0.0,0.0,0.0,0.0,0.0
255336,0.0,0.0,0.0,0.0,1.0,0.0,0.0
255337,0.0,0.0,0.0,0.0,2.0,0.0,0.0
255338,0.0,0.0,0.0,0.0,0.0,0.0,0.0
256094,0.0,0.0,0.0,0.0,1.0,0.0,0.0
256095,0.0,0.0,0.0,0.0,0.0,0.0,0.0
256096,0.0,0.0,0.0,0.0,1.0,0.0,0.0
256097,0.0,0.0,0.0,0.0,0.0,0.0,0.0
256104,0.0,0.0,0.0,0.0,1.0,0.0,0.0
256105,0.0,0.0,0.0,0.0,0.0,0.0,0.0
256932,0.0,0.0,0.0,0.0,1.0,0.0,0.0
256935,0.0,0.0,0.0,0.0,0.0,0.0,0.0
257391,0.0,0.0,0.0,0.0,1.0,0.0,0.0
257392,0.0,0.0,0.0,0.0,0.0,0.0,0.0
257394,0.0,0.0,0.0,0.0,1.0,0.0,0.0
257395,0.0,0.0,0.0,0.0,0.0,0.0,0.0
257396,0.0,0.0,0.0,0.0,1.0,0.0,0.0
257397,0.0,0.0,0.0,0.0,0.0,0.0,0.0
257685,0.0,0.0,0.0,0.0,1.0,0.0,0.0
257686,0.0,0.0,0.0,0.0,0.0,0.0,0.0
257688,0.0,0.0,0.0,0.0,1.0,0.0,0.0
257689,0.0,0.0,0.0,0.0,0.0,0.0,0.0
257758,0.0,0.0,0.0,0.0,1.0,0.0,0.0
257759,0.0,0.0,0.0,0.0,0.0,0.0,0.0
257760,0.0,0.0,0.0,0.0,1.0,0.0,0.0
257761,0.0,0.0,0.0,0.0,0.0,0.0,0.0
257994,0.0,0.0,0.0,0.0,1.0,0.0,0.0
257997,0.0,0.0,0.0,0.0,0.0,0.0,0.0
257998,0.0,0.0,0.0,0.0,1.0,0.0,0.0
258001,0.0,0.0,0.0,0.0,0.0,0.0,0.0
258002,0.0,0.0,0.0,0.0,1.0,0.0,0.0
258004,0.0,0.0,0.0,0.0,0.0,0.0,0.0
258309,0.0,0.0,0.0,0.0,1.0,0.0,0.0
258310,0.0,0.0,0.0,0.0,0.0,0.0,0.0
258567,0.0,0.0,0.0,0.0,1.0,0.0,0.0
258568,0.0,0.0,0.0,0.0,0.0,0.0,0.0
258569,0.0,0.0,0.0,0.0,1.0,0.0,0.0
258570,0.0,0.0,0.0,0.0,0.0,0.0,0.0
259887,0.0,0.0,0.0,0.0,1.0,0.0,0.0
259891,0.0,0.0,0.0,0.0,2.0,0.0,0.0
259892,0.0,0.0,0.0,0.0,0.0,0.0,0.0
260093,0.0,0.0,0.0,0.0,1.0,0.0,0.0
260094,0.0,0.0,0.0,0.0,0.0,0.0,0.0
260095,0.0,0.0,0.0,0.0,1.0,0.0,0.0
260097,0.0,0.0,0.0,0.0,0.0,0.0,0.0
261158,0.0,0.0,0.0,0.0,1.0,0.0,0.0
261159,0.0,0.0,0.0,0.0,0.0,0.0,0.0
261631,0.0,0.0,0.0,0.0,1.0,0.0,0.0
261634,0.0,0.0,0.0,0.0,0.0,0.0,0.0
261635,0.0,0.0,0.0,0.0,1.0,0.0,0.0
261636,0.0,0.0,0.0,0.0,0.0,0.0,0.0
261637,0.0,0.0,0.0,0.0,1.0,0.0,0.0
261638,0.0,0.0,0.0,0.0,0.0,0.0,0.0
261639,0.0,0.0,0.0,0.0,1.0,0.0,0.0
261640,0.0,0.0,0.0,0.0,0.0,0.0,0.0
261641,0.0,0.0,0.0,0.0,1.0,0.0,0.0
261643,0.0,0.0,0.0,0.0,0.0,0.0,0.0
261644,0.0,0.0,0.0,0.0,1.0,0.0,0.0
261645,0.0,0.0,0.0,0.0,0.0,0.0,0.0
261646,0.0,0.0,0.0,0.0,1.0,0.0,0.0
261647,0.0,0.0,0.0,0.0,0.0,0.0,0.0
261648,0.0,0.0,0.0,0.0,1.0,0.0,0.0
261649,0.0,0.0,0.0,0.0,0.0,0.0,0.0
261668,0.0,0.0,0.0,0.0,1.0,0.0,0.0
261669,0.0,0.0,0.0,0.0,0.0,0.0,0.0
261836,0.0,0.0,0.0,0.0,1.0,0.0,0.0
261837,0.0,0.0,0.0,0.0,0.0,0.0,0.0
262635,0.0,0.0,0.0,0.0,1.0,0.0,0.0
262636,0.0,0.0,0.0,0.0,0.0,0.0,0.0
262637,0.0,0.0,0.0,0.0,1.0,0.0,0.0
262638,0.0,0.0,0.0,0.0,0.0,0.0,0.0
262639,0.0,0.0,0.0,0.0,1.0,0.0,0.0
262642,0.0,0.0,0.0,0.0,0.0,0.0,0.0
262643,0.0,0.0,0.0,0.0,1.0,0.0,0.0
262644,0.0,0.0,0.0,0.0,0.0,0.0,0.0
262816,0.0,0.0,0.0,0.0,1.0,0.0,0.0
262818,0.0,0.0,0.0,0.0,2.0,0.0,0.0
262819,0.0,0.0,0.0,0.0,0.0,0.0,0.0
263758,0.0,0.0,0.0,0.0,1.0,0.0,0.0
263759,0.0,0.0,0.0,0.0,0.0,0.0,0.0
263760,0.0,0.0,0.0,0.0,1.0,0.0,0.0
263761,0.0,0.0,0.0,0.0,0.0,0.0,0.0
263762,0.0,0.0,0.0,0.0,1.0,0.0,0.0
263764,0.0,0.0,0.0,0.0,0.0,0.0,0.0
263765,0.0,0.0,0.0,0.0,1.0,0.0,0.0
263768,0.0,0.0,0.0,0.0,0.0,0.0,0.0
263795,0.0,0.0,0.0,0.0,1.0,0.0,0.0
263801,0.0,0.0,0.0,0.0,0.0,0.0,0.0
263825,0.0,0.0,0.0,0.0,1.0,0.0,0.0
263826,0.0,0.0,0.0,0.0,0.0,0.0,0.0
263827,0.0,0.0,0.0,0.0,1.0,0.0,0.0
263830,0.0,0.0,0.0,0.0,0.0,0.0,0.0
265523,0.0,0.0,0.0,0.0,1.0,0.0,0.0
265524,0.0,0.0,0.0,0.0,0.0,0.0,0.0
265867,0.0,0.0,0.0,0.0,1.0,0.0,0.0
265870,0.0,0.0,0.0,0.0,0.0,0.0,0.0
265871,0.0,0.0,0.0,0.0,1.0,0.0,0.0
265872,0.0,0.0,0.0,0.0,0.0,0.0,0.0
265873,0.0,0.0,0.0,0.0,1.0,0.0,0.0
265874,0.0,0.0,0.0,0.0,2.0,0.0,0.0
265875,0.0,0.0,0.0,0.0,0.0,0.0,0.0
265887,0.0,0.0,0.0,1.0,0.0,0.0,0.0
265888,0.0,0.0,0.0,0.0,0.0,0.0,0.0
265894,0.0,0.0,0.0,1.0,0.0,0.0,0.0
265902,0.0,0.0,0.0,0.0,0.0,0.0,0.0
266045,0.0,0.0,0.0,1.0,0.0,0.0,0.0
266046,0.0,0.0,0.0,0.0,0.0,0.0,0.0
266222,0.0,0.0,0.0,1.0,0.0,0.0,0.0
266229,0.0,0.0,0.0,1.0,1.0,0.0,0.0
266230,0.0,0.0,0.0,1.0,0.0,0.0,0.0
266329,0.0,0.0,0.0,0.0,0.0,0.0,0.0
266331,0.0,0.0,0.0,1.0,0.0,0.0,0.0
266400,0.0,0.0,0.0,2.0,0.0,1.0,0.0
266401,0.0,0.0,0.0,0.0,0.0,0.0,0.0
266437,0.0,0.0,1.0,0.0,0.0,0.0,0.0
266438,0.0,0.0,0.0,0.0,0.0,0.0,0.0
266443,0.0,0.0,1.0,0.0,0.0,0.0,0.0
266459,0.0,0.0,0.0,0.0,0.0,0.0,0.0
266479,0.0,0.0,1.0,0.0,0.0,0.0,0.0
266480,0.0,0.0,0.0,0.0,0.0,0.0,0.0
267023,0.0,0.0,1.0,0.0,1.0,0.0,0.0
267024,0.0,0.0,1.0,0.0,0.0,0.0,0.0
267026,0.0,0.0,0.0,0.0,0.0,0.0,0.0
267030,0.0,0.0,1.0,0.0,0.0,0.0,0.0
267043,0.0,0.0,0.0,0.0,0.0,0.0,0.0
267054,0.0,0.0,1.0,0.0,0.0,0.0,0.0
267056,0.0,0.0,0.0,0.0,0.0,0.0,0.0
267062,0.0,0.0,1.0,0.0,0.0,0.0,0.0
267064,0.0,0.0,0.0,0.0,0.0,0.0,0.0
267076,0.0,0.0,1.0,0.0,0.0,0.0,0.0
267077,0.0,0.0,0.0,0.0,0.0,0.0,0.0
267083,0.0,0.0,1.0,0.0,0.0,0.0,0.0
267177,0.0,0.0,0.0,0.0,0.0,0.0,0.0
267178,0.0,0.0,1.0,0.0,0.0,0.0,0.0
267181,0.0,0.0,0.0,0.0,0.0,0.0,0.0
267380,0.0,0.0,1.0,0.0,0.0,0.0,0.0
267382,0.0,0.0,0.0,0.0,0.0,0.0,0.0
267383,0.0,0.0,1.0,0.0,0.0,0.0,0.0
267450,0.0,0.0,1.0,0.0,1.0,0.0,0.0
267452,0.0,0.0,1.0,0.0,0.0,0.0,0.0
269359,0.0,0.0,1.0,0.0,1.0,0.0,0.0
269360,0.0,0.0,1.0,0.0,0.0,0.0,0.0
269487,0.0,0.0,1.0,0.0,1.0,0.0,0.0
269488,0.0,0.0,1.0,0.0,0.0,0.0,0.0
269489,0.0,0.0,1.0,0.0,1.0,0.0,0.0
269490,0.0,0.0,1.0,0.0,0.0,0.0,0.0
269494,0.0,0.0,1.0,0.0,1.0,0.0,0.0
269495,0.0,0.0,1.0,1.0,1.0,0.0,0.0
269496,0.0,0.0,1.0,1.0,2.0,0.0,0.0
269497,0.0,0.0,1.0,1.0,0.0,0.0,0.0
269502,0.0,0.0,1.0,2.0,0.0,1.0,0.0
269503,0.0,0.0,0.0,0.0,0.0,0.0,0.0
269540,0.0,0.0,1.0,0.0,0.0,0.0,0.0
269546,0.0,0.0,0.0,0.0,0.0,0.0,0.0
269553,0.0,0.0,1.0,0.0,0.0,0.0,0.0
269555,0.0,0.0,0.0,0.0,0.0,0.0,0.0
269561,0.0,0.0,1.0,0.0,0.0,0.0,0.0
269563,0.0,0.0,0.0,0.0,0.0,0.0,0.0
269566,0.0,0.0,1.0,0.0,0.0,0.0,0.0
269702,0.0,0.0,0.0,0.0,0.0,0.0,0.0
269703,0.0,0.0,1.0,0.0,0.0,0.0,0.0
269706,0.0,0.0,0.0,0.0,0.0,0.0,0.0
269745,0.0,0.0,1.0,0.0,0.0,0.0,0.0
269746,0.0,0.0,0.0,0.0,0.0,0.0,0.0
269747,0.0,0.0,1.0,0.0,0.0,0.0,0.0
269765,0.0,0.0,0.0,0.0,0.0,0.0,0.0
269766,0.0,0.0,1.0,0.0,0.0,0.0,0.0
270552,0.0,0.0,0.0,0.0,0.0,0.0,0.0
271545,0.0,0.0,0.0,0.0,1.0,0.0,0.0
271546,0.0,0.0,0.0,0.0,0.0,0.0,0.0
273480,0.0,0.0,0.0,0.0,1.0,0.0,0.0
273481,0.0,0.0,0.0,0.0,0.0,0.0,0.0
273482,0.0,0.0,0.0,0.0,1.0,0.0,0.0
273483,0.0,0.0,0.0,0.0,0.0,0.0,0.0
276564,0.0,0.0,0.0,0.0,1.0,0.0,0.0
276565,0.0,0.0,0.0,0.0,0.0,0.0,0.0
276566,0.0,0.0,0.0,0.0,1.0,0.0,0.0
276568,0.0,0.0,0.0,0.0,2.0,0.0,0.0
276569,0.0,0.0,0.0,0.0,0.0,0.0,0.0
278027,0.0,0.0,0.0,0.0,1.0,0.0,0.0
278029,0.0,0.0,0.0,0.0,2.0,0.0,0.0
278030,0.0,0.0,0.0,0.0,0.0,0.0,0.0
282720,0.0,0.0,0.0,0.0,1.0,0.0,0.0
282721,0.0,0.0,0.0,0.0,0.0,0.0,0.0
282722,0.0,0.0,0.0,0.0,1.0,0.0,0.0
282724,0.0,0.0,0.0,0.0,2.0,0.0,0.0
282725,0.0,0.0,0.0,0.0,0.0,0.0,0.0
282731,0.0,0.0,0.0,1.0,0.0,0.0,0.0
282732,0.0,0.0,0.0,0.0,0.0,0.0,0.0
282734,0.0,0.0,0.0,1.0,0.0,0.0,0.0
282735,0.0,0.0,0.0,0.0,0.0,0.0,0.0
282786,0.0,0.0,0.0,1.0,0.0,0.0,0.0
282793,0.0,0.0,0.0,0.0,0.0,0.0,0.0
282794,0.0,0.0,0.0,1.0,0.0,0.0,0.0
282800,0.0,0.0,0.0,0.0,0.0,0.0,0.0
282802,0.0,0.0,0.0,1.0,0.0,0.0,0.0
282803,0.0,0.0,0.0,0.0,0.0,0.0,0.0
284357,0.0,0.0,0.0,0.0,1.0,0.0,0.0
284360,0.0,0.0,0.0,0.0,0.0,0.0,0.0
284452,0.0,0.0,0.0,0.0,1.0,0.0,0.0
284453,0.0,0.0,0.0,0.0,0.0,0.0,0.0
284836,0.0,2.0,0.0,0.0,0.0,1.0,0.0
284837,0.0,0.0,0.0,0.0,0.0,0.0,0.0
284921,0.0,0.0,1.0,0.0,0.0,0.0,0.0
284922,0.0,0.0,0.0,0.0,0.0,0.0,0.0
284926,0.0,0.0,1.0,0.0,0.0,0.0,0.0
284927,0.0,0.0,0.0,0.0,0.0,0.0,0.0
284930,0.0,0.0,1.0,0.0,0.0,0.0,0.0
284958,0.0,0.0,2.0,0.0,0.0,0.0,0.0
284959,0.0,0.0,0.0,0.0,0.0,0.0,0.0
284998,0.0,0.0,1.0,0.0,0.0,0.0,0.0
285005,0.0,0.0,0.0,0.0,0.0,0.0,0.0
285007,0.0,0.0,1.0,0.0,0.0,0.0,0.0
285009,0.0,0.0,0.0,0.0,0.0,0.0,0.0
285011,0.0,0.0,1.0,0.0,0.0,0.0,0.0
285028,0.0,0.0,2.0,0.0,0.0,0.0,0.0
285029,0.0,0.0,0.0,0.0,0.0,0.0,0.0
285089,0.0,0.0,1.0,0.0,0.0,0.0,0.0
285091,0.0,0.0,0.0,0.0,0.0,0.0,0.0
285232,0.0,0.0,1.0,0.0,0.0,0.0,0.0
285245,0.0,0.0,0.0,0.0,0.0,0.0,0.0
285536,0.0,0.0,0.0,0.0,1.0,0.0,0.0
285540,0.0,0.0,0.0,0.0,0.0,0.0,0.0
287145,0.0,0.0,0.0,0.0,1.0,0.0,0.0
287146,0.0,0.0,0.0,0.0,0.0,0.0,0.0
287246,0.0,0.0,0.0,0.0,1.0,0.0,0.0
287247,0.0,0.0,0.0,0.0,0.0,0.0,0.0
287630,0.0,0.0,0.0,0.0,1.0,0.0,0.0
287631,0.0,0.0,0.0,0.0,0.0,0.0,0.0
288271,0.0,0.0,0.0,0.0,1.0,0.0,0.0
288272,0.0,0.0,0.0,0.0,0.0,0.0,0.0
288368,0.0,0.0,0.0,0.0,1.0,0.0,0.0
288369,0.0,0.0,0.0,0.0,0.0,0.0,0.0
289852,0.0,0.0,0.0,0.0,1.0,0.0,0.0
289857,0.0,0.0,0.0,0.0,0.0,0.0,0.0
289875,0.0,0.0,0.0,0.0,1.0,0.0,0.0
289876,0.0,0.0,0.0,0.0,0.0,0.0,0.0
291250,0.0,0.0,0.0,1.0,0.0,0.0,0.0
291251,0.0,0.0,0.0,0.0,0.0,0.0,0.0
291658,0.0,0.0,0.0,1.0,0.0,0.0,0.0
291659,0.0,0.0,0.0,0.0,0.0,0.0,0.0
292401,0.0,0.0,0.0,0.0,1.0,0.0,0.0
292403,0.0,0.0,0.0,0.0,2.0,0.0,0.0
292404,0.0,0.0,0.0,0.0,0.0,0.0,0.0
295600,0.0,0.0,0.0,0.0,1.0,0.0,0.0
295601,0.0,0.0,0.0,0.0,0.0,0.0,0.0
295602,0.0,0.0,0.0,0.0,1.0,0.0,0.0
295604,0.0,0.0,0.0,0.0,0.0,0.0,0.0
295613,0.0,0.0,0.0,0.0,1.0,0.0,0.0
295616,0.0,0.0,0.0,0.0,0.0,0.0,0.0
295617,0.0,0.0,0.0,0.0,1.0,0.0,0.0
295620,0.0,0.0,0.0,0.0,2.0,0.0,0.0
295621,0.0,0.0,0.0,0.0,0.0,0.0,0.0
296410,0.0,0.0,0.0,0.0,1.0,0.0,0.0
296412,0.0,0.0,0.0,0.0,2.0,0.0,0.0
296413,0.0,0.0,0.0,0.0,0.0,0.0,0.0
297409,0.0,0.0,0.0,0.0,1.0,0.0,0.0
297411,0.0,0.0,0.0,0.0,0.0,0.0,0.0
299882,0.0,0.0,0.0,0.0,1.0,0.0,0.0
299883,0.0,0.0,0.0,0.0,0.0,0.0,0.0
303679,0.0,0.0,0.0,0.0,1.0,0.0,0.0
303680,0.0,0.0,0.0,0.0,0.0,0.0,0.0
305846,0.0,0.0,0.0,0.0,1.0,0.0,0.0
305847,0.0,0.0,0.0,0.0,0.0,0.0,0.0
309452,0.0,0.0,0.0,0.0,1.0,0.0,0.0
309453,0.0,0.0,0.0,0.0,0.0,0.0,0.0
311550,0.0,0.0,0.0,0.0,1.0,0.0,0.0
311551,0.0,0.0,0.0,0.0,0.0,0.0,0.0
312135,0.0,0.0,0.0,0.0,1.0,0.0,0.0
312138,0.0,0.0,0.0,0.0,0.0,0.0,0.0
313413,0.0,0.0,0.0,0.0,1.0,0.0,0.0
313414,0.0,0.0,0.0,0.0,0.0,0.0,0.0
316011,0.0,0.0,0.0,0.0,1.0,0.0,0.0
316012,0.0,0.0,0.0,0.0,0.0,0.0,0.0
316204,0.0,0.0,0.0,0.0,1.0,0.0,0.0
316205,0.0,0.0,0.0,0.0,0.0,0.0,0.0
316835,0.0,0.0,0.0,0.0,1.0,0.0,0.0
316836,0.0,0.0,0.0,0.0,0.0,0.0,0.0
318610,0.0,0.0,0.0,0.0,1.0,0.0,0.0
318613,0.0,0.0,0.0,0.0,0.0,0.0,0.0
318627,0.0,0.0,0.0,0.0,1.0,0.0,0.0
318630,0.0,0.0,0.0,0.0,0.0,0.0,0.0
318637,0.0,0.0,0.0,0.0,1.0,0.0,0.0
318638,0.0,0.0,0.0,0.0,0.0,0.0,0.0
323089,0.0,0.0,0.0,0.0,1.0,0.0,0.0
323092,0.0,0.0,0.0,0.0,0.0,0.0,0.0
323144,0.0,0.0,0.0,0.0,1.0,0.0,0.0
323148,0.0,0.0,0.0,0.0,0.0,0.0,0.0
323152,0.0,0.0,0.0,0.0,1.0,0.0,0.0
323154,0.0,0.0,0.0,0.0,2.0,0.0,0.0
323155,0.0,0.0,0.0,0.0,0.0,0.0,0.0
326373,0.0,0.0,0.0,0.0,1.0,0.0,0.0
326374,0.0,0.0,0.0,0.0,0.0,0.0,0.0
326380,0.0,0.0,0.0,0.0,1.0,0.0,0.0
326384,0.0,0.0,0.0,0.0,0.0,0.0,0.0
326386,0.0,0.0,0.0,0.0,1.0,0.0,0.0
326387,0.0,0.0,0.0,0.0,0.0,0.0,0.0
326397,0.0,0.0,0.0,0.0,1.0,0.0,0.0
326398,0.0,0.0,0.0,0.0,0.0,0.0,0.0
327412,0.0,0.0,0.0,0.0,1.0,0.0,0.0
327414,0.0,0.0,0.0,0.0,0.0,0.0,0.0
329693,0.0,0.0,0.0,0.0,1.0,0.0,0.0
329694,0.0,0.0,0.0,0.0,0.0,0.0,0.0
331133,0.0,0.0,0.0,0.0,1.0,0.0,0.0
331134,0.0,0.0,0.0,0.0,0.0,0.0,0.0
332375,0.0,0.0,0.0,0.0,1.0,0.0,0.0
332376,0.0,0.0,0.0,0.0,0.0,0.0,0.0
334299,0.0,0.0,0.0,0.0,1.0,0.0,0.0
334304,0.0,0.0,0.0,0.0,0.0,0.0,0.0
334899,0.0,0.0,0.0,0.0,1.0,0.0,0.0
334904,0.0,0.0,0.0,0.0,0.0,0.0,0.0
337181,0.0,0.0,0.0,0.0,1.0,0.0,0.0
337182,0.0,0.0,0.0,0.0,0.0,0.0,0.0
337183,0.0,0.0,0.0,0.0,1.0,0.0,0.0
337185,0.0,0.0,0.0,0.0,0.0,0.0,0.0
337193,0.0,0.0,0.0,0.0,1.0,0.0,0.0
337195,0.0,0.0,0.0,0.0,0.0,0.0,0.0
338575,0.0,0.0,0.0,0.0,1.0,0.0,0.0
338578,0.0,0.0,0.0,0.0,0.0,0.0,0.0
338580,0.0,0.0,0.0,0.0,1.0,0.0,0.0
338581,0.0,0.0,0.0,0.0,0.0,0.0,0.0
338582,0.0,0.0,0.0,0.0,1.0,0.0,0.0
338583,0.0,0.0,0.0,0.0,0.0,0.0,0.0
339609,0.0,0.0,0.0,0.0,1.0,0.0,0.0
339614,0.0,0.0,0.0,0.0,0.0,0.0,0.0
339615,0.0,0.0,0.0,0.0,1.0,0.0,0.0
339616,0.0,0.0,0.0,0.0,0.0,0.0,0.0
340620,0.0,0.0,0.0,0.0,1.0,0.0,0.0
340621,0.0,0.0,0.0,0.0,0.0,0.0,0.0
340622,0.0,0.0,0.0,0.0,1.0,0.0,0.0
340626,0.0,0.0,0.0,0.0,0.0,0.0,0.0
352015,0.0,0.0,0.0,0.0,1.0,0.0,0.0
352016,0.0,0.0,0.0,0.0,0.0,0.0,0.0
352018,0.0,0.0,0.0,0.0,1.0,0.0,0.0
352019,0.0,0.0,0.0,0.0,0.0,0.0,0.0
352020,0.0,0.0,0.0,0.0,1.0,0.0,0.0
352021,0.0,0.0,0.0,0.0,0.0,0.0,0.0
354239,0.0,0.0,0.0,0.0,1.0,0.0,0.0
354240,0.0,0.0,0.0,0.0,0.0,0.0,0.0
354854,0.0,0.0,0.0,0.0,1.0,0.0,0.0
354855,0.0,0.0,0.0,0.0,0.0,0.0,0.0
354857,0.0,0.0,0.0,0.0,1.0,0.0,0.0
354860,0.0,0.0,0.0,0.0,0.0,0.0,0.0
359569,0.0,0.0,0.0,0.0,1.0,0.0,0.0
359570,0.0,0.0,0.0,0.0,0.0,0.0,0.0
359571,0.0,0.0,0.0,0.0,1.0,0.0,0.0
359577,0.0,0.0,0.0,0.0,0.0,0.0,0.0
359613,0.0,0.0,0.0,0.0,1.0,0.0,0.0
359614,0.0,0.0,0.0,0.0,0.0,0.0,0.0
359805,0.0,0.0,0.0,0.0,1.0,0.0,0.0
359809,0.0,0.0,0.0,0.0,2.0,0.0,0.0
359810,0.0,0.0,0.0,0.0,0.0,0.0,0.0
362451,0.0,0.0,0.0,0.0,1.0,0.0,0.0
362452,0.0,0.0,0.0,0.0,0.0,0.0,0.0
366278,0.0,0.0,0.0,0.0,1.0,0.0,0.0
366279,0.0,0.0,0.0,0.0,0.0,0.0,0.0
368186,0.0,0.0,0.0,0.0,1.0,0.0,0.0
368187,0.0,0.0,0.0,0.0,0.0,0.0,0.0
368190,0.0,0.0,0.0,0.0,1.0,0.0,0.0
368194,0.0,0.0,0.0,0.0,0.0,0.0,0.0
369032,0.0,0.0,0.0,0.0,1.0,0.0,0.0
369037,0.0,0.0,0.0,0.0,2.0,0.0,0.0
369038,0.0,0.0,0.0,0.0,0.0,0.0,0.0
369425,0.0,0.0,0.0,0.0,1.0,0.0,0.0
369426,0.0,0.0,0.0,0.0,0.0,0.0,0.0
370307,0.0,0.0,0.0,0.0,1.0,0.0,0.0
370308,0.0,0.0,0.0,0.0,0.0,0.0,0.0
371877,0.0,0.0,0.0,0.0,1.0,0.0,0.0
371880,0.0,0.0,0.0,0.0,0.0,0.0,0.0
371931,0.0,0.0,0.0,0.0,1.0,0.0,0.0
371932,0.0,0.0,0.0,0.0,0.0,0.0,0.0
376573,0.0,0.0,0.0,0.0,1.0,0.0,0.0
376574,0.0,0.0,0.0,0.0,0.0,0.0,0.0
376575,0.0,0.0,0.0,0.0,1.0,0.0,0.0
376576,0.0,0.0,0.0,0.0,0.0,0.0,0.0
379059,0.0,0.0,0.0,0.0,1.0,0.0,0.0
379061,0.0,0.0,0.0,0.0,2.0,0.0,0.0
379062,0.0,0.0,0.0,0.0,0.0,0.0,0.0
388342,0.0,0.0,0.0,0.0,1.0,0.0,0.0
388343,0.0,0.0,0.0,0.0,0.0,0.0,0.0
388344,0.0,0.0,0.0,0.0,1.0,0.0,0.0
388348,0.0,0.0,0.0,0.0,0.0,0.0,0.0
388349,0.0,0.0,0.0,0.0,1.0,0.0,0.0
388362,0.0,0.0,0.0,0.0,0.0,0.0,0.0
392098,0.0,0.0,0.0,0.0,1.0,0.0,0.0
392099,0.0,0.0,0.0,0.0,0.0,0.0,0.0
393946,0.0,0.0,0.0,0.0,1.0,0.0,0.0
393947,0.0,0.0,0.0,0.0,0.0,0.0,0.0
393948,0.0,0.0,0.0,0.0,1.0,0.0,0.0
393949,0.0,0.0,0.0,0.0,0.0,0.0,0.0
395616,0.0,0.0,0.0,0.0,1.0,0.0,0.0
395617,0.0,0.0,0.0,0.0,0.0,0.0,0.0
395620,0.0,0.0,0.0,0.0,1.0,0.0,0.0
395622,0.0,0.0,0.0,0.0,0.0,0.0,0.0
396552,0.0,0.0,0.0,0.0,1.0,0.0,0.0
396553,0.0,0.0,0.0,0.0,0.0,0.0,0.0
400000,0.0,0.0,0.0,0.0,0.0,0.0,1.0
400001,0.0,0.0,0.0,0.0,0.0,0.0,0.0
400146,0.0,0.0,0.0,0.0,1.0,0.0,0.0
400148,0.0,0.0,0.0,0.0,0.0,0.0,0.0
400408,0.0,0.0,0.0,0.0,1.0,0.0,0.0
400410,0.0,0.0,0.0,0.0,2.0,0.0,0.0
400411,0.0,0.0,0.0,0.0,0.0,0.0,0.0
400875,0.0,0.0,0.0,1.0,0.0,0.0,0.0
400989,0.0,0.0,0.0,0.0,0.0,0.0,0.0
400999,0.0,0.0,0.0,1.0,0.0,0.0,0.0
401063,0.0,2.0,0.0,1.0,0.0,1.0,0.0
401064,0.0,0.0,0.0,0.0,0.0,0.0,0.0
401100,0.0,0.0,1.0,0.0,0.0,0.0,0.0
401103,0.0,0.0,0.0,0.0,0.0,0.0,0.0
401104,0.0,0.0,1.0,0.0,0.0,0.0,0.0
401110,0.0,0.0,0.0,0.0,0.0,0.0,0.0
401163,0.0,0.0,1.0,0.0,0.0,0.0,0.0
401200,0.0,0.0,0.0,0.0,0.0,0.0,0.0
401849,0.0,0.0,1.0,0.0,0.0,0.0,0.0
401851,0.0,0.0,0.0,0.0,0.0,0.0,0.0
401888,0.0,0.0,1.0,0.0,0.0,0.0,0.0
401889,0.0,0.0,0.0,0.0,0.0,0.0,0.0
401892,0.0,0.0,1.0,0.0,0.0,0.0,0.0
401893,0.0,0.0,0.0,0.0,0.0,0.0,0.0
401895,0.0,0.0,1.0,0.0,0.0,0.0,0.0
401931,0.0,0.0,0.0,0.0,0.0,0.0,0.0
401934,0.0,0.0,1.0,0.0,0.0,0.0,0.0
401935,0.0,0.0,0.0,0.0,0.0,0.0,0.0
401936,0.0,0.0,1.0,0.0,0.0,0.0,0.0
401954,0.0,0.0,0.0,0.0,0.0,0.0,0.0
401955,0.0,0.0,1.0,0.0,0.0,0.0,0.0
401962,0.0,0.0,0.0,0.0,0.0,0.0,0.0
401988,0.0,0.0,1.0,0.0,0.0,0.0,0.0
401989,0.0,0.0,0.0,0.0,0.0,0.0,0.0
403025,0.0,0.0,0.0,0.0,1.0,0.0,0.0
403026,0.0,0.0,0.0,0.0,0.0,0.0,0.0
403069,0.0,0.0,0.0,0.0,1.0,0.0,0.0
403070,0.0,0.0,0.0,0.0,0.0,0.0,0.0
403093,0.0,0.0,1.0,0.0,0.0,0.0,0.0
403094,0.0,0.0,0.0,0.0,0.0,0.0,0.0
403105,0.0,0.0,1.0,0.0,0.0,0.0,0.0
403106,0.0,0.0,0.0,0.0,0.0,0.0,0.0
403112,0.0,0.0,1.0,0.0,0.0,0.0,0.0
403118,0.0,0.0,1.0,0.0,1.0,0.0,0.0
403119,0.0,0.0,1.0,0.0,0.0,0.0,0.0
403662,0.0,0.0,1.0,0.0,1.0,0.0,0.0
403663,0.0,0.0,1.0,0.0,0.0,0.0,0.0
403664,0.0,0.0,1.0,0.0,1.0,0.0,0.0
403665,0.0,0.0,1.0,0.0,0.0,0.0,0.0
403667,0.0,0.0,1.0,0.0,1.0,0.0,0.0
403668,0.0,0.0,1.0,0.0,0.0,0.0,0.0
403669,0.0,0.0,1.0,0.0,1.0,0.0,0.0
403672,0.0,0.0,1.0,0.0,0.0,0.0,0.0
403673,0.0,0.0,1.0,0.0,1.0,0.0,0.0
403674,0.0,0.0,1.0,0.0,0.0,0.0,0.0
404131,0.0,0.0,1.0,0.0,1.0,0.0,0.0
404132,0.0,0.0,1.0,0.0,0.0,0.0,0.0
404133,0.0,0.0,1.0,0.0,1.0,0.0,0.0
404134,0.0,0.0,1.0,0.0,0.0,0.0,0.0
404255,0.0,0.0,1.0,0.0,1.0,0.0,0.0
404256,0.0,0.0,1.0,0.0,0.0,0.0,0.0
405095,0.0,0.0,0.0,0.0,0.0,0.0,0.0
405283,0.0,0.0,1.0,0.0,0.0,0.0,0.0
405284,0.0,0.0,0.0,0.0,0.0,0.0,0.0
405285,0.0,0.0,1.0,0.0,0.0,0.0,0.0
405292,0.0,0.0,0.0,0.0,0.0,0.0,0.0
405299,0.0,0.0,1.0,0.0,0.0,0.0,0.0
405445,0.0,0.0,0.0,0.0,0.0,0.0,0.0
405460,0.0,0.0,1.0,0.0,0.0,0.0,0.0
405461,0.0,0.0,0.0,0.0,0.0,0.0,0.0
405466,0.0,0.0,1.0,0.0,0.0,0.0,0.0
405469,0.0,0.0,0.0,0.0,0.0,0.0,0.0
405475,0.0,0.0,1.0,0.0,0.0,0.0,0.0
405489,0.0,0.0,0.0,0.0,0.0,0.0,0.0
405491,0.0,0.0,1.0,0.0,0.0,0.0,0.0
405506,0.0,0.0,0.0,0.0,0.0,0.0,0.0
405516,0.0,0.0,1.0,0.0,0.0,0.0,0.0
405538,0.0,0.0,0.0,0.0,0.0,0.0,0.0
405544,0.0,0.0,1.0,0.0,0.0,0.0,0.0
405695,0.0,0.0,0.0,0.0,0.0,0.0,0.0
405696,0.0,0.0,1.0,0.0,0.0,0.0,0.0
405831,0.0,0.0,0.0,0.0,0.0,0.0,0.0
405833,0.0,0.0,1.0,0.0,0.0,0.0,0.0
405835,0.0,0.0,0.0,0.0,0.0,0.0,0.0
405840,0.0,0.0,1.0,0.0,0.0,0.0,0.0
405851,0.0,0.0,0.0,0.0,0.0,0.0,0.0
405857,0.0,0.0,1.0,0.0,0.0,0.0,0.0
405859,0.0,0.0,0.0,0.0,0.0,0.0,0.0
405860,0.0,0.0,1.0,0.0,0.0,0.0,0.0
405976,0.0,0.0,1.0,0.0,1.0,0.0,0.0
405982,0.0,0.0,1.0,0.0,0.0,0.0,0.0
407189,0.0,0.0,0.0,0.0,0.0,0.0,0.0
407454,0.0,0.0,0.0,0.0,1.0,0.0,0.0
407456,0.0,0.0,0.0,0.0,0.0,0.0,0.0
407468,0.0,0.0,0.0,0.0,1.0,0.0,0.0
407469,0.0,0.0,0.0,0.0,0.0,0.0,0.0
407470,0.0,0.0,0.0,0.0,1.0,0.0,0.0
407471,0.0,0.0,0.0,0.0,0.0,0.0,0.0
407473,0.0,0.0,0.0,0.0,1.0,0.0,0.0
407474,0.0,0.0,0.0,0.0,0.0,0.0,0.0
407475,0.0,0.0,0.0,0.0,1.0,0.0,0.0
407476,0.0,0.0,0.0,0.0,0.0,0.0,0.0
407477,0.0,0.0,0.0,0.0,1.0,0.0,0.0
407481,0.0,0.0,0.0,0.0,0.0,0.0,0.0
407482,0.0,0.0,0.0,0.0,1.0,0.0,0.0
407483,0.0,0.0,0.0,0.0,0.0,0.0,0.0
407484,0.0,0.0,0.0,0.0,1.0,0.0,0.0
407485,0.0,0.0,1.0,0.0,1.0,0.0,0.0
407486,0.0,0.0,0.0,0.0,1.0,0.0,0.0
407487,0.0,0.0,0.0,0.0,0.0,0.0,0.0
407488,0.0,0.0,1.0,0.0,1.0,0.0,0.0
407490,0.0,0.0,0.0,0.0,0.0,0.0,0.0
407501,0.0,0.0,1.0,0.0,0.0,0.0,0.0
407502,0.0,0.0,0.0,0.0,0.0,0.0,0.0
407508,0.0,0.0,1.0,0.0,0.0,0.0,0.0
407510,0.0,0.0,0.0,0.0,0.0,0.0,0.0
407513,0.0,0.0,1.0,0.0,0.0,0.0,0.0
407514,0.0,0.0,0.0,0.0,0.0,0.0,0.0
407586,0.0,0.0,1.0,0.0,0.0,0.0,0.0
407591,0.0,0.0,0.0,0.0,0.0,0.0,0.0
407592,0.0,0.0,1.0,0.0,0.0,0.0,0.0
407595,0.0,0.0,0.0,0.0,0.0,0.0,0.0
407602,0.0,0.0,1.0,0.0,0.0,0.0,0.0
407603,0.0,0.0,0.0,0.0,0.0,0.0,0.0
407604,0.0,0.0,1.0,0.0,0.0,0.0,0.0
407607,0.0,0.0,0.0,0.0,0.0,0.0,0.0
407610,0.0,0.0,1.0,0.0,0.0,0.0,0.0
407615,0.0,0.0,0.0,0.0,0.0,0.0,0.0
407617,0.0,0.0,1.0,0.0,0.0,0.0,0.0
407631,0.0,0.0,0.0,0.0,0.0,0.0,0.0
407632,0.0,0.0,1.0,0.0,0.0,0.0,0.0
407635,0.0,0.0,0.0,0.0,0.0,0.0,0.0
407645,0.0,0.0,1.0,0.0,0.0,0.0,0.0
407647,0.0,0.0,0.0,0.0,0.0,0.0,0.0
407649,0.0,0.0,1.0,0.0,0.0,0.0,0.0
407689,0.0,0.0,1.0,0.0,1.0,0.0,0.0
407692,0.0,0.0,1.0,0.0,0.0,0.0,0.0
407890,0.0,0.0,1.0,0.0,1.0,0.0,0.0
407891,0.0,0.0,1.0,0.0,0.0,0.0,0.0
408100,0.0,0.0,1.0,0.0,1.0,0.0,0.0
408103,0.0,0.0,1.0,0.0,0.0,0.0,0.0
408116,0.0,0.0,1.0,0.0,1.0,0.0,0.0
408117,0.0,0.0,1.0,0.0,0.0,0.0,0.0
408436,0.0,0.0,1.0,0.0,1.0,0.0,0.0
408437,0.0,0.0,1.0,0.0,0.0,0.0,0.0
408438,0.0,0.0,1.0,0.0,1.0,0.0,0.0
408440,0.0,0.0,1.0,0.0,0.0,0.0,0.0
408443,0.0,0.0,1.0,0.0,1.0,0.0,0.0
408444,0.0,0.0,1.0,0.0,0.0,0.0,0.0
408654,0.0,0.0,1.0,0.0,1.0,0.0,0.0
408655,0.0,0.0,1.0,0.0,0.0,0.0,0.0
410398,0.0,0.0,1.0,0.0,1.0,0.0,0.0
410399,0.0,0.0,1.0,0.0,0.0,0.0,0.0
410558,0.0,0.0,0.0,0.0,0.0,0.0,0.0
410568,0.0,0.0,1.0,0.0,0.0,0.0,0.0
410570,0.0,0.0,0.0,0.0,0.0,0.0,0.0
411716,0.0,0.0,0.0,0.0,1.0,0.0,0.0
411717,0.0,0.0,0.0,0.0,0.0,0.0,0.0
413180,0.0,0.0,0.0,0.0,1.0,0.0,0.0
413181,0.0,0.0,0.0,0.0,2.0,0.0,0.0
413182,0.0,0.0,0.0,0.0,0.0,0.0,0.0
413625,0.0,0.0,0.0,0.0,1.0,0.0,0.0
413626,0.0,0.0,0.0,0.0,0.0,0.0,0.0
413627,0.0,0.0,0.0,0.0,1.0,0.0,0.0
413634,0.0,0.0,0.0,0.0,2.0,0.0,0.0
413635,0.0,0.0,0.0,0.0,0.0,0.0,0.0
413642,0.0,0.0,1.0,0.0,0.0,0.0,0.0
413645,0.0,0.0,0.0,0.0,0.0,0.0,0.0
413648,0.0,0.0,1.0,0.0,0.0,0.0,0.0
413649,0.0,0.0,0.0,0.0,0.0,0.0,0.0
413651,0.0,0.0,1.0,0.0,0.0,0.0,0.0
413653,0.0,0.0,0.0,0.0,0.0,0.0,0.0
413655,0.0,0.0,1.0,0.0,0.0,0.0,0.0
413657,0.0,0.0,0.0,0.0,0.0,0.0,0.0
413658,0.0,0.0,1.0,0.0,0.0,0.0,0.0
413759,0.0,0.0,1.0,1.0,0.0,0.0,0.0
413860,0.0,0.0,1.0,0.0,0.0,0.0,0.0
414010,0.0,0.0,1.0,1.0,0.0,0.0,0.0
414011,0.0,0.0,1.0,0.0,0.0,0.0,0.0
414017,0.0,0.0,1.0,1.0,0.0,0.0,0.0
414025,0.0,0.0,1.0,0.0,0.0,0.0,0.0
414264,0.0,2.0,1.0,0.0,0.0,0.0,0.0
414265,0.0,0.0,1.0,0.0,0.0,0.0,0.0
415479,0.0,0.0,1.0,0.0,1.0,0.0,0.0
415480,0.0,0.0,1.0,0.0,0.0,0.0,0.0
415481,0.0,0.0,1.0,0.0,1.0,0.0,0.0
415482,0.0,0.0,1.0,0.0,0.0,0.0,0.0
415693,0.0,0.0,1.0,0.0,1.0,0.0,0.0
415694,0.0,0.0,1.0,0.0,0.0,0.0,0.0
415716,0.0,0.0,1.0,0.0,1.0,0.0,0.0
415717,0.0,0.0,1.0,0.0,0.0,0.0,0.0
415718,0.0,0.0,1.0,0.0,1.0,0.0,0.0
415719,0.0,0.0,1.0,0.0,0.0,0.0,0.0
416197,0.0,0.0,1.0,0.0,1.0,0.0,0.0
416198,0.0,0.0,1.0,0.0,0.0,0.0,0.0
416199,0.0,0.0,1.0,0.0,1.0,0.0,0.0
416202,0.0,0.0,1.0,0.0,0.0,0.0,0.0
416400,0.0,0.0,1.0,0.0,1.0,0.0,0.0
416401,0.0,0.0,1.0,0.0,0.0,0.0,0.0
419985,0.0,0.0,1.0,0.0,1.0,0.0,0.0
419986,0.0,0.0,1.0,0.0,0.0,0.0,0.0
422065,0.0,0.0,1.0,0.0,1.0,0.0,0.0
422066,0.0,0.0,1.0,0.0,2.0,0.0,0.0
422067,0.0,0.0,1.0,0.0,0.0,0.0,0.0
422267,0.0,0.0,1.0,0.0,1.0,0.0,0.0
422268,0.0,0.0,1.0,0.0,0.0,0.0,0.0
423484,0.0,0.0,1.0,0.0,1.0,0.0,0.0
423485,0.0,0.0,1.0,0.0,0.0,0.0,0.0
423486,0.0,0.0,1.0,0.0,1.0,0.0,0.0
423489,0.0,0.0,1.0,0.0,0.0,0.0,0.0
424076,0.0,0.0,0.0,0.0,0.0,0.0,0.0
424793,0.0,0.0,1.0,0.0,0.0,0.0,0.0
424795,0.0,0.0,0.0,0.0,0.0,0.0,0.0
424802,0.0,0.0,1.0,0.0,0.0,0.0,0.0
424803,0.0,0.0,0.0,0.0,0.0,0.0,0.0
424804,0.0,0.0,1.0,0.0,0.0,0.0,0.0
424807,0.0,0.0,0.0,0.0,0.0,0.0,0.0
424842,0.0,0.0,1.0,0.0,0.0,0.0,0.0
424843,0.0,0.0,0.0,0.0,0.0,0.0,0.0
424846,0.0,0.0,1.0,0.0,0.0,0.0,0.0
424847,0.0,0.0,0.0,0.0,0.0,0.0,0.0
424848,0.0,0.0,1.0,0.0,0.0,0.0,0.0
424851,0.0,0.0,0.0,0.0,0.0,0.0,0.0
424852,0.0,0.0,1.0,0.0,0.0,0.0,0.0
424859,0.0,0.0,0.0,0.0,0.0,0.0,0.0
424865,0.0,0.0,1.0,0.0,0.0,0.0,0.0
424887,0.0,0.0,0.0,0.0,0.0,0.0,0.0
424889,0.0,0.0,1.0,0.0,0.0,0.0,0.0
424891,0.0,0.0,0.0,0.0,0.0,0.0,0.0
424914,0.0,0.0,1.0,0.0,0.0,0.0,0.0
424915,0.0,0.0,0.0,0.0,0.0,0.0,0.0
424918,0.0,0.0,1.0,0.0,0.0,0.0,0.0
424927,0.0,0.0,0.0,0.0,0.0,0.0,0.0
424929,0.0,0.0,1.0,0.0,0.0,0.0,0.0
425323,0.0,0.0,1.0,0.0,1.0,0.0,0.0
425324,0.0,0.0,1.0,0.0,0.0,0.0,0.0
426846,0.0,0.0,1.0,0.0,1.0,0.0,0.0
426848,0.0,0.0,1.0,0.0,2.0,0.0,0.0
426849,0.0,0.0,1.0,0.0,0.0,0.0,0.0
427698,0.0,0.0,1.0,0.0,1.0,0.0,0.0
427700,0.0,0.0,1.0,0.0,2.0,0.0,0.0
427701,0.0,0.0,1.0,0.0,0.0,0.0,0.0
427996,0.0,0.0,1.0,0.0,1.0,0.0,0.0
427999,0.0,0.0,1.0,0.0,0.0,0.0,0.0
430296,0.0,0.0,0.0,0.0,0.0,0.0,0.0
430302,0.0,0.0,1.0,0.0,0.0,0.0,0.0
430308,0.0,0.0,0.0,0.0,0.0,0.0,0.0
430309,0.0,0.0,1.0,0.0,0.0,0.0,0.0
430328,0.0,0.0,0.0,0.0,0.0,0.0,0.0
430335,0.0,0.0,1.0,0.0,0.0,0.0,0.0
430372,0.0,0.0,0.0,0.0,0.0,0.0,0.0
430374,0.0,0.0,1.0,0.0,0.0,0.0,0.0
430404,0.0,0.0,0.0,0.0,0.0,0.0,0.0
430421,0.0,0.0,1.0,0.0,0.0,0.0,0.0
430472,0.0,0.0,0.0,0.0,0.0,0.0,0.0
430487,0.0,0.0,1.0,0.0,0.0,0.0,0.0
430488,0.0,0.0,0.0,0.0,0.0,0.0,0.0
430489,0.0,0.0,1.0,0.0,0.0,0.0,0.0
430492,0.0,0.0,0.0,0.0,0.0,0.0,0.0
430494,0.0,0.0,1.0,0.0,0.0,0.0,0.0
430516,0.0,0.0,0.0,0.0,0.0,0.0,0.0
430517,0.0,0.0,1.0,0.0,0.0,0.0,0.0
430643,0.0,0.0,0.0,0.0,0.0,0.0,0.0
430645,0.0,0.0,1.0,0.0,0.0,0.0,0.0
430647,0.0,0.0,0.0,0.0,0.0,0.0,0.0
430866,0.0,0.0,1.0,0.0,0.0,0.0,0.0
430867,0.0,0.0,0.0,0.0,0.0,0.0,0.0
430870,0.0,0.0,1.0,0.0,0.0,0.0,0.0
430871,0.0,0.0,0.0,0.0,0.0,0.0,0.0
430874,0.0,0.0,1.0,0.0,0.0,0.0,0.0
430875,0.0,0.0,0.0,0.0,0.0,0.0,0.0
430878,0.0,0.0,1.0,0.0,0.0,0.0,0.0
430883,0.0,0.0,0.0,0.0,0.0,0.0,0.0
430884,0.0,0.0,1.0,0.0,0.0,0.0,0.0
430887,0.0,0.0,0.0,0.0,0.0,0.0,0.0
430888,0.0,0.0,1.0,0.0,0.0,0.0,0.0
430907,0.0,0.0,0.0,0.0,0.0,0.0,0.0
430908,0.0,0.0,1.0,0.0,0.0,0.0,0.0
430915,0.0,0.0,0.0,0.0,0.0,0.0,0.0
430917,0.0,0.0,1.0,0.0,0.0,0.0,0.0
430919,0.0,0.0,0.0,0.0,0.0,0.0,0.0
430925,0.0,0.0,1.0,0.0,0.0,0.0,0.0
430999,0.0,0.0,0.0,0.0,0.0,0.0,0.0
431000,0.0,0.0,1.0,0.0,0.0,0.0,0.0
431003,0.0,0.0,0.0,0.0,0.0,0.0,0.0
431023,0.0,0.0,1.0,0.0,0.0,0.0,0.0
431066,0.0,0.0,0.0,0.0,0.0,0.0,0.0
431073,0.0,0.0,1.0,0.0,0.0,0.0,0.0
431086,0.0,0.0,0.0,0.0,0.0,0.0,0.0
431124,0.0,0.0,1.0,0.0,0.0,0.0,0.0
431126,0.0,0.0,0.0,0.0,0.0,0.0,0.0
431128,0.0,0.0,1.0,0.0,0.0,0.0,0.0
431130,0.0,0.0,0.0,0.0,0.0,0.0,0.0
431132,0.0,0.0,1.0,0.0,0.0,0.0,0.0
431134,0.0,0.0,0.0,0.0,0.0,0.0,0.0
431147,0.0,0.0,1.0,0.0,0.0,0.0,0.0
431154,0.0,0.0,0.0,0.0,0.0,0.0,0.0
431156,0.0,0.0,1.0,0.0,0.0,0.0,0.0
431158,0.0,0.0,0.0,0.0,0.0,0.0,0.0
431159,0.0,0.0,1.0,0.0,0.0,0.0,0.0
431178,0.0,0.0,0.0,0.0,0.0,0.0,0.0
431180,0.0,0.0,1.0,0.0,0.0,0.0,0.0
431182,0.0,0.0,0.0,0.0,0.0,0.0,0.0
431185,0.0,0.0,1.0,0.0,0.0,0.0,0.0
431186,0.0,0.0,0.0,0.0,0.0,0.0,0.0
431187,0.0,0.0,1.0,0.0,0.0,0.0,0.0
431190,0.0,0.0,0.0,0.0,0.0,0.0,0.0
431697,0.0,0.0,0.0,0.0,1.0,0.0,0.0
431698,0.0,0.0,0.0,0.0,0.0,0.0,0.0
431699,0.0,0.0,0.0,0.0,1.0,0.0,0.0
431701,0.0,0.0,0.0,0.0,0.0,0.0,0.0
431715,0.0,0.0,0.0,0.0,1.0,0.0,0.0
431718,0.0,0.0,0.0,0.0,0.0,0.0,0.0
432178,0.0,0.0,0.0,0.0,1.0,0.0,0.0
432179,0.0,0.0,0.0,0.0,0.0,0.0,0.0
432481,0.0,0.0,0.0,0.0,1.0,0.0,0.0
432482,0.0,0.0,0.0,0.0,0.0,0.0,0.0
432483,0.0,0.0,0.0,0.0,1.0,0.0,0.0
432485,0.0,0.0,0.0,0.0,0.0,0.0,0.0
432981,0.0,0.0,0.0,0.0,1.0,0.0,0.0
432982,0.0,0.0,0.0,0.0,0.0,0.0,0.0
433249,0.0,0.0,0.0,0.0,1.0,0.0,0.0
433250,0.0,0.0,0.0,0.0,0.0,0.0,0.0
433251,0.0,0.0,0.0,0.0,1.0,0.0,0.0
433252,0.0,0.0,0.0,0.0,0.0,0.0,0.0
433503,0.0,0.0,1.0,0.0,0.0,0.0,0.0
433507,0.0,0.0,1.0,0.0,1.0,0.0,0.0
433508,0.0,0.0,1.0,0.0,0.0,0.0,0.0
433520,0.0,0.0,0.0,0.0,0.0,0.0,0.0
433521,0.0,0.0,1.0,0.0,0.0,0.0,0.0
436848,0.0,0.0,1.0,0.0,1.0,0.0,0.0
436851,0.0,0.0,1.0,0.0,0.0,0.0,0.0
436956,0.0,0.0,1.0,0.0,1.0,0.0,0.0
436957,0.0,0.0,1.0,0.0,0.0,0.0,0.0
436958,0.0,0.0,1.0,0.0,1.0,0.0,0.0
436959,0.0,0.0,1.0,0.0,0.0,0.0,0.0
436975,0.0,0.0,1.0,0.0,1.0,0.0,0.0
436976,0.0,0.0,1.0,0.0,0.0,0.0,0.0
436978,0.0,0.0,1.0,0.0,1.0,0.0,0.0
436979,0.0,0.0,1.0,0.0,0.0,0.0,0.0
436980,0.0,0.0,1.0,0.0,1.0,0.0,0.0
436981,0.0,0.0,1.0,0.0,0.0,0.0,0.0
437026,0.0,0.0,1.0,0.0,1.0,0.0,0.0
437027,0.0,0.0,1.0,0.0,0.0,0.0,0.0
437060,0.0,0.0,1.0,0.0,1.0,0.0,0.0
437061,0.0,0.0,1.0,0.0,0.0,0.0,0.0
437972,0.0,0.0,0.0,0.0,0.0,0.0,0.0
437982,0.0,0.0,1.0,0.0,0.0,0.0,0.0
437984,0.0,0.0,0.0,0.0,0.0,0.0,0.0
437991,0.0,0.0,1.0,0.0,0.0,0.0,0.0
437992,0.0,0.0,0.0,0.0,0.0,0.0,0.0
437994,0.0,0.0,1.0,0.0,0.0,0.0,0.0
438004,0.0,0.0,0.0,0.0,0.0,0.0,0.0
438007,0.0,0.0,1.0,0.0,0.0,0.0,0.0
438008,0.0,0.0,0.0,0.0,0.0,0.0,0.0
438030,0.0,0.0,1.0,0.0,0.0,0.0,0.0
438052,0.0,0.0,0.0,0.0,0.0,0.0,0.0
438053,0.0,0.0,1.0,0.0,0.0,0.0,0.0
438056,0.0,0.0,0.0,0.0,0.0,0.0,0.0
438058,0.0,0.0,1.0,0.0,0.0,0.0,0.0
438060,0.0,0.0,0.0,0.0,0.0,0.0,0.0
438062,0.0,0.0,1.0,0.0,0.0,0.0,0.0
438064,0.0,0.0,0.0,0.0,0.0,0.0,0.0
438065,0.0,0.0,1.0,0.0,0.0,0.0,0.0
438086,0.0,0.0,1.0,0.0,1.0,0.0,0.0
438087,0.0,0.0,1.0,0.0,0.0,0.0,0.0
438093,0.0,0.0,1.0,0.0,1.0,0.0,0.0
438095,0.0,0.0,1.0,0.0,0.0,0.0,0.0
438096,0.0,0.0,1.0,0.0,1.0,0.0,0.0
438099,0.0,0.0,1.0,0.0,0.0,0.0,0.0
438101,0.0,0.0,1.0,0.0,1.0,0.0,0.0
438102,0.0,0.0,1.0,0.0,0.0,0.0,0.0
438103,0.0,0.0,1.0,0.0,1.0,0.0,0.0
438104,0.0,0.0,1.0,0.0,0.0,0.0,0.0
438105,0.0,0.0,1.0,0.0,1.0,0.0,0.0
438107,0.0,0.0,1.0,0.0,0.0,0.0,0.0
438113,0.0,0.0,1.0,0.0,1.0,0.0,0.0
438115,0.0,0.0,1.0,0.0,0.0,0.0,0.0
438153,0.0,0.0,1.0,0.0,1.0,0.0,0.0
438154,0.0,0.0,1.0,0.0,0.0,0.0,0.0
438172,0.0,0.0,1.0,0.0,1.0,0.0,0.0
438173,0.0,0.0,1.0,0.0,0.0,0.0,0.0
438241,0.0,0.0,1.0,0.0,1.0,0.0,0.0
438243,0.0,0.0,1.0,0.0,0.0,0.0,0.0
438879,0.0,0.0,1.0,0.0,1.0,0.0,0.0
438880,0.0,0.0,1.0,0.0,0.0,0.0,0.0
438881,0.0,0.0,1.0,0.0,1.0,0.0,0.0
438885,0.0,0.0,1.0,0.0,0.0,0.0,0.0
438886,0.0,0.0,1.0,0.0,1.0,0.0,0.0
438887,0.0,0.0,1.0,0.0,0.0,0.0,0.0
438889,0.0,0.0,1.0,0.0,1.0,0.0,0.0
438890,0.0,0.0,1.0,0.0,0.0,0.0,0.0
439149,0.0,0.0,1.0,0.0,1.0,0.0,0.0
439150,0.0,0.0,1.0,0.0,0.0,0.0,0.0
439348,0.0,0.0,1.0,0.0,1.0,0.0,0.0
439351,0.0,0.0,1.0,0.0,0.0,0.0,0.0
439355,0.0,0.0,1.0,0.0,1.0,0.0,0.0
439356,0.0,0.0,1.0,0.0,0.0,0.0,0.0
439410,0.0,0.0,1.0,0.0,1.0,0.0,0.0
439414,0.0,0.0,1.0,0.0,0.0,0.0,0.0
439418,0.0,0.0,1.0,0.0,1.0,0.0,0.0
439419,0.0,0.0,1.0,0.0,0.0,0.0,0.0
439420,0.0,0.0,1.0,0.0,1.0,0.0,0.0
439424,0.0,0.0,1.0,0.0,0.0,0.0,0.0
440211,0.0,0.0,1.0,0.0,1.0,0.0,0.0
440212,0.0,0.0,1.0,0.0,0.0,0.0,0.0
440213,0.0,0.0,1.0,0.0,1.0,0.0,0.0
440214,0.0,0.0,1.0,0.0,0.0,0.0,0.0
440419,0.0,0.0,1.0,0.0,1.0,0.0,0.0
440424,0.0,0.0,1.0,0.0,0.0,0.0,0.0
440425,0.0,0.0,1.0,0.0,1.0,0.0,0.0
440427,0.0,0.0,1.0,0.0,0.0,0.0,0.0
440501,0.0,0.0,1.0,0.0,1.0,0.0,0.0
440507,0.0,0.0,1.0,0.0,0.0,0.0,0.0
440519,0.0,0.0,1.0,0.0,1.0,0.0,0.0
440520,0.0,0.0,1.0,0.0,0.0,0.0,0.0
440646,0.0,0.0,1.0,0.0,1.0,0.0,0.0
440647,0.0,0.0,1.0,0.0,0.0,0.0,0.0
440803,0.0,0.0,1.0,0.0,1.0,0.0,0.0
440804,0.0,0.0,1.0,0.0,2.0,0.0,0.0
440805,0.0,0.0,1.0,0.0,0.0,0.0,0.0
441151,0.0,0.0,0.0,0.0,0.0,0.0,0.0
441165,0.0,0.0,1.0,0.0,0.0,0.0,0.0
441171,0.0,0.0,0.0,0.0,0.0,0.0,0.0
441173,0.0,0.0,1.0,0.0,0.0,0.0,0.0
441183,0.0,0.0,0.0,0.0,0.0,0.0,0.0
442786,0.0,0.0,0.0,0.0,1.0,0.0,0.0
442788,0.0,0.0,0.0,0.0,0.0,0.0,0.0
443008,0.0,0.0,0.0,1.0,0.0,0.0,0.0
443011,0.0,0.0,0.0,0.0,0.0,0.0,0.0
443140,0.0,0.0,0.0,0.0,1.0,0.0,0.0
443141,0.0,0.0,0.0,0.0,0.0,0.0,0.0
443142,0.0,0.0,0.0,0.0,1.0,0.0,0.0
443147,0.0,0.0,0.0,0.0,2.0,0.0,0.0
443148,0.0,0.0,0.0,0.0,0.0,0.0,0.0
445618,0.0,0.0,0.0,0.0,1.0,0.0,0.0
445620,0.0,0.0,0.0,0.0,2.0,0.0,0.0
445621,0.0,0.0,0.0,0.0,0.0,0.0,0.0
447734,0.0,0.0,0.0,0.0,1.0,0.0,0.0
447735,0.0,0.0,0.0,0.0,0.0,0.0,0.0
447740,0.0,0.0,0.0,0.0,1.0,0.0,0.0
447741,0.0,0.0,0.0,0.0,0.0,0.0,0.0
447742,0.0,0.0,0.0,0.0,1.0,0.0,0.0
447744,0.0,0.0,0.0,0.0,2.0,0.0,0.0
447745,0.0,0.0,0.0,0.0,0.0,0.0,0.0
448374,0.0,0.0,0.0,0.0,1.0,0.0,0.0
448375,0.0,0.0,0.0,0.0,0.0,0.0,0.0
448378,0.0,0.0,0.0,0.0,1.0,0.0,0.0
448380,0.0,0.0,0.0,0.0,0.0,0.0,0.0
448381,0.0,0.0,0.0,0.0,1.0,0.0,0.0
448384,0.0,0.0,0.0,0.0,0.0,0.0,0.0
448614,0.0,0.0,0.0,0.0,1.0,0.0,0.0
448615,0.0,0.0,0.0,0.0,0.0,0.0,0.0
452274,0.0,0.0,0.0,0.0,1.0,0.0,0.0
452275,0.0,0.0,0.0,0.0,0.0,0.0,0.0
453514,0.0,0.0,0.0,0.0,1.0,0.0,0.0
453515,0.0,0.0,0.0,0.0,0.0,0.0,0.0
453516,0.0,0.0,0.0,0.0,1.0,0.0,0.0
453518,0.0,0.0,0.0,0.0,0.0,0.0,0.0
453519,0.0,0.0,0.0,0.0,1.0,0.0,0.0
453520,0.0,0.0,0.0,0.0,0.0,0.0,0.0
454090,0.0,0.0,0.0,0.0,1.0,0.0,0.0
454091,0.0,0.0,0.0,0.0,0.0,0.0,0.0
454095,0.0,0.0,0.0,0.0,1.0,0.0,0.0
454096,0.0,0.0,0.0,0.0,0.0,0.0,0.0
454362,0.0,0.0,0.0,0.0,1.0,0.0,0.0
454363,0.0,0.0,0.0,0.0,0.0,0.0,0.0
454365,0.0,0.0,0.0,0.0,1.0,0.0,0.0
454366,0.0,0.0,0.0,0.0,0.0,0.0,0.0
455107,0.0,0.0,0.0,0.0,1.0,0.0,0.0
455108,0.0,0.0,0.0,0.0,0.0,0.0,0.0
455109,0.0,0.0,0.0,0.0,1.0,0.0,0.0
455110,0.0,0.0,0.0,0.0,0.0,0.0,0.0
455111,0.0,0.0,0.0,0.0,1.0,0.0,0.0
455112,0.0,0.0,0.0,0.0,0.0,0.0,0.0
455420,0.0,0.0,0.0,0.0,1.0,0.0,0.0
455421,0.0,0.0,0.0,0.0,0.0,0.0,0.0
455423,0.0,0.0,0.0,0.0,1.0,0.0,0.0
455424,0.0,0.0,0.0,0.0,0.0,0.0,0.0
456628,0.0,0.0,0.0,0.0,1.0,0.0,0.0
456630,0.0,0.0,0.0,0.0,2.0,0.0,0.0
456631,0.0,0.0,0.0,0.0,0.0,0.0,0.0
458055,0.0,0.0,0.0,0.0,1.0,0.0,0.0
458058,0.0,0.0,0.0,0.0,0.0,0.0,0.0
458103,0.0,0.0,0.0,0.0,1.0,0.0,0.0
458104,0.0,0.0,0.0,0.0,0.0,0.0,0.0
461023,0.0,0.0,0.0,0.0,1.0,0.0,0.0
461024,0.0,0.0,0.0,0.0,0.0,0.0,0.0
462654,0.0,0.0,0.0,0.0,1.0,0.0,0.0
462655,0.0,0.0,0.0,0.0,0.0,0.0,0.0
462658,0.0,0.0,0.0,0.0,1.0,0.0,0.0
462659,0.0,0.0,0.0,0.0,0.0,0.0,0.0
463220,0.0,0.0,0.0,0.0,1.0,0.0,0.0
463221,0.0,0.0,0.0,0.0,0.0,0.0,0.0
463222,0.0,0.0,0.0,0.0,1.0,0.0,0.0
463225,0.0,0.0,0.0,0.0,0.0,0.0,0.0
463762,0.0,0.0,0.0,0.0,1.0,0.0,0.0
463763,0.0,0.0,0.0,0.0,0.0,0.0,0.0
463994,0.0,0.0,0.0,0.0,1.0,0.0,0.0
463996,0.0,0.0,0.0,0.0,2.0,0.0,0.0
463997,0.0,0.0,0.0,0.0,0.0,0.0,0.0
464359,0.0,0.0,0.0,0.0,1.0,0.0,0.0
464360,0.0,0.0,0.0,0.0,0.0,0.0,0.0
464361,0.0,0.0,0.0,0.0,1.0,0.0,0.0
464362,0.0,0.0,0.0,0.0,0.0,0.0,0.0
465686,0.0,0.0,0.0,0.0,1.0,0.0,0.0
465687,0.0,0.0,0.0,0.0,0.0,0.0,0.0
466095,0.0,0.0,0.0,0.0,1.0,0.0,0.0
466096,0.0,0.0,0.0,0.0,0.0,0.0,0.0
466972,0.0,0.0,0.0,0.0,1.0,0.0,0.0
466973,0.0,0.0,0.0,0.0,0.0,0.0,0.0
467360,0.0,0.0,0.0,0.0,1.0,0.0,0.0
467361,0.0,0.0,0.0,0.0,0.0,0.0,0.0
467377,0.0,0.0,0.0,0.0,1.0,0.0,0.0
467378,0.0,0.0,0.0,0.0,0.0,0.0,0.0
467385,0.0,0.0,0.0,0.0,1.0,0.0,0.0
467386,0.0,0.0,0.0,0.0,0.0,0.0,0.0
467392,0.0,0.0,0.0,0.0,1.0,0.0,0.0
467393,0.0,0.0,0.0,0.0,0.0,0.0,0.0
467751,0.0,0.0,0.0,0.0,1.0,0.0,0.0
467752,0.0,0.0,0.0,0.0,2.0,0.0,0.0
467753,0.0,0.0,0.0,0.0,0.0,0.0,0.0
468287,0.0,0.0,0.0,0.0,1.0,0.0,0.0
468288,0.0,0.0,0.0,0.0,0.0,0.0,0.0
468289,0.0,0.0,0.0,0.0,1.0,0.0,0.0
468292,0.0,0.0,0.0,0.0,0.0,0.0,0.0
469291,0.0,0.0,0.0,0.0,1.0,0.0,0.0
469292,0.0,0.0,0.0,0.0,0.0,0.0,0.0
469518,0.0,2.0,0.0,0.0,0.0,1.0,0.0
469519,0.0,0.0,0.0,0.0,0.0,0.0,0.0
469611,0.0,0.0,1.0,0.0,0.0,0.0,0.0
469612,0.0,0.0,0.0,0.0,0.0,0.0,0.0
469616,0.0,0.0,1.0,0.0,0.0,0.0,0.0
469619,0.0,0.0,0.0,0.0,0.0,0.0,0.0
469620,0.0,0.0,1.0,0.0,0.0,0.0,0.0
469637,0.0,0.0,1.0,0.0,1.0,0.0,0.0
469638,0.0,0.0,1.0,0.0,0.0,0.0,0.0
469683,0.0,0.0,0.0,0.0,0.0,0.0,0.0
469685,0.0,0.0,1.0,0.0,0.0,0.0,0.0
469697,0.0,0.0,0.0,0.0,0.0,0.0,0.0
469699,0.0,0.0,1.0,0.0,0.0,0.0,0.0
469700,0.0,0.0,0.0,0.0,0.0,0.0,0.0
469712,0.0,0.0,1.0,0.0,0.0,0.0,0.0
469717,0.0,0.0,0.0,0.0,0.0,0.0,0.0
470952,0.0,0.0,0.0,0.0,1.0,0.0,0.0
470953,0.0,0.0,0.0,0.0,0.0,0.0,0.0
471001,0.0,0.0,1.0,0.0,0.0,0.0,0.0
471002,0.0,0.0,0.0,0.0,0.0,0.0,0.0
473299,0.0,0.0,0.0,0.0,1.0,0.0,0.0
473300,0.0,0.0,0.0,0.0,0.0,0.0,0.0
474002,0.0,0.0,0.0,0.0,1.0,0.0,0.0
474003,0.0,0.0,0.0,0.0,0.0,0.0,0.0
474249,0.0,0.0,0.0,0.0,1.0,0.0,0.0
474251,0.0,0.0,0.0,0.0,0.0,0.0,0.0
474257,0.0,0.0,0.0,0.0,1.0,0.0,0.0
474258,0.0,0.0,0.0,0.0,0.0,0.0,0.0
474295,0.0,0.0,0.0,0.0,1.0,0.0,0.0
474297,0.0,0.0,0.0,0.0,2.0,0.0,0.0
474298,0.0,0.0,0.0,0.0,0.0,0.0,0.0
474719,0.0,0.0,1.0,0.0,0.0,0.0,0.0
474720,0.0,0.0,0.0,0.0,0.0,0.0,0.0
474727,0.0,0.0,1.0,0.0,0.0,0.0,0.0
474747,0.0,0.0,1.0,0.0,1.0,0.0,0.0
474748,0.0,0.0,1.0,0.0,0.0,0.0,0.0
474749,0.0,0.0,1.0,0.0,1.0,0.0,0.0
474750,0.0,0.0,1.0,0.0,0.0,0.0,0.0
474758,0.0,0.0,1.0,0.0,1.0,0.0,0.0
474759,0.0,0.0,1.0,0.0,0.0,0.0,0.0
474761,0.0,0.0,1.0,0.0,1.0,0.0,0.0
474762,0.0,0.0,1.0,0.0,0.0,0.0,0.0
474763,0.0,0.0,1.0,0.0,1.0,0.0,0.0
474764,0.0,0.0,1.0,0.0,0.0,0.0,0.0
474809,0.0,0.0,1.0,0.0,1.0,0.0,0.0
474811,0.0,0.0,1.0,0.0,2.0,0.0,0.0
474812,0.0,0.0,1.0,0.0,0.0,0.0,0.0
475086,0.0,0.0,0.0,0.0,0.0,0.0,0.0
475089,0.0,0.0,1.0,0.0,0.0,0.0,0.0
475167,0.0,0.0,0.0,0.0,0.0,0.0,0.0
475173,0.0,0.0,1.0,0.0,0.0,0.0,0.0
475179,0.0,0.0,0.0,0.0,0.0,0.0,0.0
475180,0.0,0.0,1.0,0.0,0.0,0.0,0.0
475265,0.0,0.0,0.0,0.0,0.0,0.0,0.0
475268,0.0,0.0,1.0,0.0,0.0,0.0,0.0
475277,0.0,0.0,0.0,0.0,0.0,0.0,0.0
475304,0.0,0.0,1.0,0.0,0.0,0.0,0.0
475309,0.0,0.0,0.0,0.0,0.0,0.0,0.0
475325,0.0,0.0,1.0,0.0,0.0,0.0,0.0
475326,0.0,0.0,0.0,0.0,0.0,0.0,0.0
475328,0.0,0.0,1.0,0.0,0.0,0.0,0.0
475330,0.0,0.0,0.0,0.0,0.0,0.0,0.0
475428,0.0,0.0,1.0,0.0,0.0,0.0,0.0
475435,0.0,0.0,0.0,0.0,0.0,0.0,0.0
475436,0.0,0.0,1.0,0.0,0.0,0.0,0.0
475472,0.0,0.0,0.0,0.0,0.0,0.0,0.0
475479,0.0,0.0,1.0,0.0,0.0,0.0,0.0
475484,0.0,0.0,0.0,0.0,0.0,0.0,0.0
475486,0.0,0.0,1.0,0.0,0.0,0.0,0.0
475500,0.0,0.0,0.0,0.0,0.0,0.0,0.0
475502,0.0,0.0,1.0,0.0,0.0,0.0,0.0
475513,0.0,0.0,0.0,0.0,0.0,0.0,0.0
475516,0.0,0.0,1.0,0.0,0.0,0.0,0.0
475517,0.0,0.0,0.0,0.0,0.0,0.0,0.0
475536,0.0,0.0,1.0,0.0,0.0,0.0,0.0
475537,0.0,0.0,0.0,0.0,0.0,0.0,0.0
475539,0.0,0.0,1.0,0.0,0.0,0.0,0.0
475541,0.0,0.0,0.0,0.0,0.0,0.0,0.0
475546,0.0,0.0,1.0,0.0,0.0,0.0,0.0
475549,0.0,0.0,0.0,0.0,0.0,0.0,0.0
475550,0.0,0.0,1.0,0.0,0.0,0.0,0.0
475553,0.0,0.0,0.0,0.0,0.0,0.0,0.0
475560,0.0,0.0,1.0,0.0,0.0,0.0,0.0
475561,0.0,0.0,0.0,0.0,0.0,0.0,0.0
475568,0.0,0.0,1.0,0.0,0.0,0.0,0.0
475569,0.0,0.0,0.0,0.0,0.0,0.0,0.0
475572,0.0,0.0,1.0,0.0,0.0,0.0,0.0
475602,0.0,0.0,0.0,0.0,0.0,0.0,0.0
475613,0.0,0.0,1.0,0.0,0.0,0.0,0.0
475614,0.0,0.0,0.0,0.0,0.0,0.0,0.0
475617,0.0,0.0,1.0,0.0,0.0,0.0,0.0
475618,0.0,0.0,0.0,0.0,0.0,0.0,0.0
475619,0.0,0.0,1.0,0.0,0.0,0.0,0.0
475630,0.0,0.0,0.0,0.0,0.0,0.0,0.0
475640,0.0,0.0,1.0,0.0,0.0,0.0,0.0
476008,0.0,0.0,0.0,0.0,0.0,0.0,0.0
476010,0.0,0.0,1.0,0.0,0.0,0.0,0.0
476012,0.0,0.0,0.0,0.0,0.0,0.0,0.0
476013,0.0,0.0,1.0,0.0,0.0,0.0,0.0
476016,0.0,0.0,0.0,0.0,0.0,0.0,0.0
476083,0.0,0.0,0.0,0.0,1.0,0.0,0.0
476085,0.0,0.0,0.0,0.0,0.0,0.0,0.0
476092,0.0,0.0,1.0,0.0,0.0,0.0,0.0
476093,0.0,0.0,1.0,0.0,1.0,0.0,0.0
476097,0.0,0.0,1.0,0.0,0.0,0.0,0.0
476098,0.0,0.0,1.0,0.0,1.0,0.0,0.0
476101,0.0,0.0,1.0,0.0,0.0,0.0,0.0
476110,0.0,0.0,0.0,0.0,0.0,0.0,0.0
476112,0.0,0.0,1.0,0.0,0.0,0.0,0.0
476114,0.0,0.0,0.0,0.0,0.0,0.0,0.0
476115,0.0,0.0,1.0,0.0,0.0,0.0,0.0
476118,0.0,0.0,0.0,0.0,0.0,0.0,0.0
476121,0.0,0.0,1.0,0.0,0.0,0.0,0.0
476122,0.0,0.0,0.0,0.0,0.0,0.0,0.0
476123,0.0,0.0,1.0,0.0,0.0,0.0,0.0
476126,0.0,0.0,0.0,0.0,0.0,0.0,0.0
476141,0.0,0.0,1.0,0.0,0.0,0.0,0.0
476142,0.0,0.0,0.0,0.0,0.0,0.0,0.0
476144,0.0,0.0,1.0,0.0,0.0,0.0,0.0
476158,0.0,0.0,0.0,0.0,0.0,0.0,0.0
476161,0.0,0.0,1.0,0.0,0.0,0.0,0.0
476162,0.0,0.0,0.0,0.0,0.0,0.0,0.0
476169,0.0,0.0,1.0,0.0,0.0,0.0,0.0
476170,0.0,0.0,0.0,0.0,0.0,0.0,0.0
476171,0.0,0.0,1.0,0.0,0.0,0.0,0.0
476187,0.0,0.0,0.0,0.0,0.0,0.0,0.0
476188,0.0,0.0,1.0,0.0,0.0,0.0,0.0
476191,0.0,0.0,0.0,0.0,0.0,0.0,0.0
476198,0.0,0.0,1.0,0.0,0.0,0.0,0.0
476199,0.0,0.0,0.0,0.0,0.0,0.0,0.0
476208,0.0,0.0,1.0,0.0,0.0,0.0,0.0
476211,0.0,0.0,0.0,0.0,0.0,0.0,0.0
476234,0.0,0.0,1.0,0.0,0.0,0.0,0.0
476235,0.0,0.0,0.0,0.0,0.0,0.0,0.0
476347,0.0,0.0,1.0,0.0,0.0,0.0,0.0
476357,0.0,0.0,0.0,0.0,0.0,0.0,0.0
476454,0.0,0.0,1.0,0.0,0.0,0.0,0.0
476459,0.0,0.0,0.0,0.0,0.0,0.0,0.0
476460,0.0,0.0,1.0,0.0,0.0,0.0,0.0
476467,0.0,0.0,0.0,0.0,0.0,0.0,0.0
476469,0.0,0.0,1.0,0.0,0.0,0.0,0.0
477327,0.0,0.0,0.0,0.0,0.0,0.0,0.0
477334,0.0,0.0,1.0,0.0,0.0,0.0,0.0
477339,0.0,0.0,0.0,0.0,0.0,0.0,0.0
477340,0.0,0.0,1.0,0.0,0.0,0.0,0.0
477355,0.0,0.0,0.0,0.0,0.0,0.0,0.0
477358,0.0,0.0,1.0,0.0,0.0,0.0,0.0
477359,0.0,0.0,0.0,0.0,0.0,0.0,0.0
477361,0.0,0.0,1.0,0.0,0.0,0.0,0.0
477368,0.0,0.0,0.0,0.0,0.0,0.0,0.0
477369,0.0,0.0,1.0,0.0,0.0,0.0,0.0
477384,0.0,0.0,0.0,0.0,0.0,0.0,0.0
477385,0.0,0.0,1.0,0.0,0.0,0.0,0.0
477388,0.0,0.0,0.0,0.0,0.0,0.0,0.0
477390,0.0,0.0,1.0,0.0,0.0,0.0,0.0
477396,0.0,0.0,0.0,0.0,0.0,0.0,0.0
477397,0.0,0.0,1.0,0.0,0.0,0.0,0.0
477400,0.0,0.0,0.0,0.0,0.0,0.0,0.0
477402,0.0,0.0,1.0,0.0,0.0,0.0,0.0
477404,0.0,0.0,0.0,0.0,0.0,0.0,0.0
477405,0.0,0.0,1.0,0.0,0.0,0.0,0.0
477408,0.0,0.0,0.0,0.0,0.0,0.0,0.0
477410,0.0,0.0,1.0,0.0,0.0,0.0,0.0
477412,0.0,0.0,0.0,0.0,0.0,0.0,0.0
477419,0.0,0.0,1.0,0.0,0.0,0.0,0.0
477428,0.0,0.0,0.0,0.0,0.0,0.0,0.0
477431,0.0,0.0,1.0,0.0,0.0,0.0,0.0
477433,0.0,0.0,0.0,0.0,0.0,0.0,0.0
477434,0.0,0.0,1.0,0.0,0.0,0.0,0.0
477437,0.0,0.0,0.0,0.0,0.0,0.0,0.0
477438,0.0,0.0,1.0,0.0,0.0,0.0,0.0
477477,0.0,0.0,0.0,0.0,0.0,0.0,0.0
477561,0.0,0.0,1.0,0.0,0.0,0.0,0.0
477619,0.0,0.0,0.0,0.0,0.0,0.0,0.0
477620,0.0,0.0,1.0,0.0,0.0,0.0,0.0
477623,0.0,0.0,0.0,0.0,0.0,0.0,0.0
477642,0.0,0.0,1.0,0.0,0.0,0.0,0.0
477652,0.0,0.0,0.0,0.0,0.0,0.0,0.0
477654,0.0,0.0,1.0,0.0,0.0,0.0,0.0
477795,0.0,0.0,1.0,0.0,1.0,0.0,0.0
477796,0.0,0.0,1.0,0.0,0.0,0.0,0.0
478672,0.0,0.0,1.0,0.0,1.0,0.0,0.0
478673,0.0,0.0,1.0,0.0,0.0,0.0,0.0
478675,0.0,0.0,1.0,0.0,1.0,0.0,0.0
478676,0.0,0.0,1.0,0.0,0.0,0.0,0.0
480866,0.0,0.0,1.0,0.0,1.0,0.0,0.0
480867,0.0,0.0,1.0,0.0,0.0,0.0,0.0
480871,0.0,0.0,1.0,0.0,1.0,0.0,0.0
480872,0.0,0.0,1.0,0.0,0.0,0.0,0.0
480900,0.0,0.0,1.0,0.0,1.0,0.0,0.0
480901,0.0,0.0,1.0,0.0,0.0,0.0,0.0
481249,0.0,0.0,1.0,0.0,1.0,0.0,0.0
481250,0.0,0.0,1.0,0.0,0.0,0.0,0.0
481551,0.0,0.0,1.0,0.0,1.0,0.0,0.0
481556,0.0,0.0,1.0,0.0,2.0,0.0,0.0
481557,0.0,0.0,1.0,0.0,0.0,0.0,0.0
482418,0.0,0.0,1.0,0.0,1.0,0.0,0.0
482419,0.0,0.0,1.0,0.0,0.0,0.0,0.0
482484,0.0,2.0,1.0,0.0,0.0,0.0,0.0
482485,0.0,0.0,1.0,0.0,0.0,0.0,0.0
482523,0.0,0.0,1.0,0.0,1.0,0.0,0.0
482526,0.0,0.0,1.0,0.0,0.0,0.0,0.0
483431,0.0,0.0,1.0,0.0,1.0,0.0,0.0
483432,0.0,0.0,1.0,0.0,0.0,0.0,0.0
483433,0.0,0.0,1.0,0.0,1.0,0.0,0.0
483438,0.0,0.0,1.0,0.0,0.0,0.0,0.0
483467,0.0,0.0,1.0,0.0,1.0,0.0,0.0
483468,0.0,0.0,1.0,0.0,0.0,0.0,0.0
483723,0.0,0.0,1.0,0.0,1.0,0.0,0.0
483724,0.0,0.0,1.0,0.0,0.0,0.0,0.0
483726,0.0,0.0,1.0,0.0,1.0,0.0,0.0
483727,0.0,0.0,1.0,0.0,0.0,0.0,0.0
483728,0.0,0.0,1.0,0.0,1.0,0.0,0.0
483729,0.0,0.0,1.0,0.0,0.0,0.0,0.0
483735,0.0,0.0,1.0,0.0,1.0,0.0,0.0
483736,0.0,0.0,1.0,0.0,0.0,0.0,0.0
484132,0.0,0.0,1.0,1.0,0.0,0.0,0.0
484133,0.0,0.0,1.0,0.0,0.0,0.0,0.0
484134,0.0,0.0,1.0,1.0,0.0,0.0,0.0
484135,0.0,0.0,1.0,1.0,1.0,0.0,0.0
484136,0.0,0.0,1.0,2.0,1.0,1.0,0.0
484137,0.0,0.0,0.0,0.0,0.0,0.0,0.0
484188,0.0,0.0,1.0,0.0,0.0,0.0,0.0
484190,0.0,0.0,0.0,0.0,0.0,0.0,0.0
484191,0.0,0.0,1.0,0.0,0.0,0.0,0.0
484192,0.0,0.0,0.0,0.0,0.0,0.0,0.0
484193,0.0,0.0,1.0,0.0,0.0,0.0,0.0
484200,0.0,0.0,0.0,0.0,0.0,0.0,0.0
484786,0.0,0.0,1.0,0.0,0.0,0.0,0.0
484787,0.0,0.0,0.0,0.0,0.0,0.0,0.0
484796,0.0,0.0,1.0,0.0,0.0,0.0,0.0
484798,0.0,0.0,0.0,0.0,0.0,0.0,0.0
484803,0.0,0.0,1.0,0.0,0.0,0.0,0.0
484804,0.0,0.0,0.0,0.0,0.0,0.0,0.0
484810,0.0,0.0,1.0,0.0,0.0,0.0,0.0
484811,0.0,0.0,0.0,0.0,0.0,0.0,0.0
484814,0.0,0.0,1.0,0.0,0.0,0.0,0.0
484815,0.0,0.0,0.0,0.0,0.0,0.0,0.0
485708,0.0,0.0,0.0,0.0,1.0,0.0,0.0
485709,0.0,0.0,0.0,0.0,0.0,0.0,0.0
486013,0.0,0.0,1.0,0.0,0.0,0.0,0.0
486014,0.0,0.0,0.0,0.0,0.0,0.0,0.0
486052,0.0,0.0,1.0,0.0,0.0,0.0,0.0
486054,0.0,0.0,0.0,0.0,0.0,0.0,0.0
486055,0.0,0.0,1.0,0.0,0.0,0.0,0.0
486069,0.0,0.0,0.0,0.0,0.0,0.0,0.0
486070,0.0,0.0,1.0,0.0,0.0,0.0,0.0
486072,0.0,0.0,0.0,0.0,0.0,0.0,0.0
486078,0.0,0.0,1.0,0.0,0.0,0.0,0.0
486083,0.0,0.0,0.0,0.0,0.0,0.0,0.0
486101,0.0,0.0,1.0,0.0,0.0,0.0,0.0
486102,0.0,0.0,0.0,0.0,0.0,0.0,0.0
486285,0.0,0.0,1.0,0.0,0.0,0.0,0.0
486286,0.0,0.0,0.0,0.0,0.0,0.0,0.0
486288,0.0,0.0,1.0,0.0,0.0,0.0,0.0
486289,0.0,0.0,0.0,0.0,0.0,0.0,0.0
486294,0.0,0.0,1.0,0.0,0.0,0.0,0.0
486297,0.0,0.0,0.0,0.0,0.0,0.0,0.0
486298,0.0,0.0,1.0,0.0,0.0,0.0,0.0
486300,0.0,0.0,0.0,0.0,0.0,0.0,0.0
486309,0.0,0.0,1.0,0.0,0.0,0.0,0.0
486311,0.0,0.0,0.0,0.0,0.0,0.0,0.0
486852,0.0,0.0,0.0,0.0,1.0,0.0,0.0
486855,0.0,0.0,0.0,0.0,0.0,0.0,0.0
487834,0.0,0.0,0.0,0.0,1.0,0.0,0.0
487837,0.0,0.0,0.0,0.0,0.0,0.0,0.0
489247,0.0,0.0,0.0,0.0,1.0,0.0,0.0
489248,0.0,0.0,0.0,0.0,0.0,0.0,0.0
490392,0.0,0.0,0.0,0.0,1.0,0.0,0.0
490393,0.0,0.0,0.0,0.0,0.0,0.0,0.0
490581,0.0,0.0,0.0,0.0,1.0,0.0,0.0
490582,0.0,0.0,0.0,0.0,0.0,0.0,0.0
490583,0.0,0.0,0.0,0.0,1.0,0.0,0.0
490585,0.0,0.0,0.0,0.0,0.0,0.0,0.0
490586,0.0,0.0,0.0,0.0,1.0,0.0,0.0
490587,0.0,0.0,0.0,0.0,0.0,0.0,0.0
490921,0.0,0.0,0.0,0.0,1.0,0.0,0.0
490924,0.0,0.0,0.0,0.0,0.0,0.0,0.0
495067,0.0,0.0,0.0,0.0,1.0,0.0,0.0
495070,0.0,0.0,0.0,0.0,0.0,0.0,0.0
495071,0.0,0.0,0.0,0.0,1.0,0.0,0.0
495073,0.0,0.0,0.0,0.0,0.0,0.0,0.0
495077,0.0,0.0,0.0,0.0,1.0,0.0,0.0
495078,0.0,0.0,0.0,0.0,0.0,0.0,0.0
495079,0.0,0.0,0.0,0.0,1.0,0.0,0.0
495080,0.0,0.0,0.0,0.0,0.0,0.0,0.0
495090,0.0,0.0,0.0,0.0,1.0,0.0,0.0
495091,0.0,0.0,0.0,0.0,0.0,0.0,0.0
495092,0.0,0.0,0.0,0.0,1.0,0.0,0.0
495093,0.0,0.0,0.0,0.0,0.0,0.0,0.0
496206,0.0,0.0,0.0,0.0,1.0,0.0,0.0
496207,0.0,0.0,0.0,0.0,0.0,0.0,0.0
496208,0.0,0.0,0.0,0.0,1.0,0.0,0.0
496209,0.0,0.0,0.0,0.0,0.0,0.0,0.0
496211,0.0,0.0,0.0,0.0,1.0,0.0,0.0
496212,0.0,0.0,0.0,0.0,0.0,0.0,0.0
496213,0.0,0.0,0.0,0.0,1.0,0.0,0.0
496214,0.0,0.0,0.0,0.0,0.0,0.0,0.0
496215,0.0,0.0,0.0,0.0,1.0,0.0,0.0
496216,0.0,0.0,0.0,0.0,0.0,0.0,0.0
496217,0.0,0.0,0.0,0.0,1.0,0.0,0.0
496219,0.0,0.0,0.0,0.0,0.0,0.0,0.0
496225,0.0,0.0,0.0,0.0,1.0,0.0,0.0
496226,0.0,0.0,0.0,0.0,0.0,0.0,0.0
496227,0.0,0.0,0.0,0.0,1.0,0.0,0.0
496229,0.0,0.0,0.0,0.0,0.0,0.0,0.0
496288,0.0,0.0,0.0,0.0,1.0,0.0,0.0
496289,0.0,0.0,0.0,0.0,0.0,0.0,0.0
496410,0.0,0.0,0.0,0.0,1.0,0.0,0.0
496411,0.0,0.0,0.0,0.0,0.0,0.0,0.0
496412,0.0,0.0,0.0,0.0,1.0,0.0,0.0
496413,0.0,0.0,0.0,0.0,0.0,0.0,0.0
496415,0.0,0.0,0.0,0.0,1.0,0.0,0.0
496416,0.0,0.0,0.0,0.0,0.0,0.0,0.0
496467,0.0,0.0,0.0,0.0,1.0,0.0,0.0
496468,0.0,0.0,0.0,0.0,2.0,0.0,0.0
496469,0.0,0.0,0.0,0.0,0.0,0.0,0.0
497468,0.0,0.0,0.0,0.0,1.0,0.0,0.0
497469,0.0,0.0,0.0,0.0,0.0,0.0,0.0
497473,0.0,0.0,0.0,0.0,1.0,0.0,0.0
497474,0.0,0.0,0.0,0.0,0.0,0.0,0.0
497475,0.0,0.0,0.0,0.0,1.0,0.0,0.0
497478,0.0,0.0,0.0,0.0,0.0,0.0,0.0
497528,0.0,0.0,0.0,0.0,1.0,0.0,0.0
497531,0.0,0.0,0.0,0.0,0.0,0.0,0.0
497571,0.0,0.0,0.0,0.0,1.0,0.0,0.0
497572,0.0,0.0,0.0,0.0,0.0,0.0,0.0
497945,0.0,0.0,0.0,0.0,1.0,0.0,0.0
497946,0.0,0.0,0.0,0.0,0.0,0.0,0.0
497947,0.0,0.0,0.0,0.0,1.0,0.0,0.0
497948,0.0,0.0,0.0,0.0,0.0,0.0,0.0
498595,0.0,0.0,0.0,0.0,1.0,0.0,0.0
498596,0.0,0.0,0.0,0.0,0.0,0.0,0.0
498667,0.0,0.0,1.0,0.0,0.0,0.0,0.0
498672,0.0,0.0,0.0,0.0,0.0,0.0,0.0
498674,0.0,0.0,1.0,0.0,0.0,0.0,0.0
498676,0.0,0.0,0.0,0.0,0.0,0.0,0.0
498678,0.0,0.0,1.0,0.0,0.0,0.0,0.0
498680,0.0,0.0,0.0,0.0,0.0,0.0,0.0
498683,0.0,0.0,1.0,0.0,0.0,0.0,0.0
498688,0.0,0.0,0.0,0.0,0.0,0.0,0.0
498695,0.0,0.0,1.0,0.0,0.0,0.0,0.0
498699,0.0,0.0,0.0,0.0,0.0,0.0,0.0
498782,0.0,0.0,1.0,0.0,0.0,0.0,0.0
498785,0.0,0.0,0.0,0.0,0.0,0.0,0.0
498826,0.0,0.0,1.0,0.0,0.0,0.0,0.0
498832,0.0,0.0,0.0,0.0,0.0,0.0,0.0
498835,0.0,0.0,1.0,0.0,0.0,0.0,0.0
498836,0.0,0.0,0.0,0.0,0.0,0.0,0.0
498842,0.0,0.0,1.0,0.0,0.0,0.0,0.0
498844,0.0,0.0,0.0,0.0,0.0,0.0,0.0
499283,0.0,0.0,1.0,0.0,0.0,0.0,0.0
499285,0.0,0.0,0.0,0.0,0.0,0.0,0.0
499286,0.0,0.0,1.0,0.0,0.0,0.0,0.0
499293,0.0,0.0,1.0,0.0,1.0,0.0,0.0
499294,0.0,0.0,1.0,0.0,0.0,0.0,0.0
499316,0.0,0.0,0.0,0.0,0.0,0.0,0.0
499318,0.0,0.0,1.0,0.0,0.0,0.0,0.0
499328,0.0,0.0,0.0,0.0,0.0,0.0,0.0
499904,0.0,0.0,1.0,0.0,1.0,0.0,0.0
499907,0.0,0.0,1.0,0.0,0.0,0.0,0.0
499912,0.0,0.0,1.0,0.0,1.0,0.0,0.0
499913,0.0,0.0,1.0,0.0,0.0,0.0,0.0
499944,0.0,0.0,0.0,0.0,0.0,0.0,0.0
499945,0.0,0.0,1.0,0.0,0.0,0.0,0.0
499964,0.0,0.0,0.0,0.0,0.0,0.0,0.0
499965,0.0,0.0,1.0,0.0,0.0,0.0,0.0
499968,0.0,0.0,0.0,0.0,0.0,0.0,0.0
500002,0.0,0.0,1.0,0.0,0.0,0.0,0.0
500003,0.0,0.0,0.0,0.0,0.0,0.0,0.0
500009,0.0,0.0,1.0,0.0,0.0,0.0,0.0
500011,0.0,0.0,0.0,0.0,0.0,0.0,0.0
501315,0.0,0.0,0.0,0.0,1.0,0.0,0.0
501316,0.0,0.0,0.0,0.0,0.0,0.0,0.0
503890,0.0,0.0,0.0,0.0,1.0,0.0,0.0
503891,0.0,0.0,0.0,0.0,0.0,0.0,0.0
505578,0.0,0.0,0.0,0.0,1.0,0.0,0.0
505581,0.0,0.0,0.0,0.0,0.0,0.0,0.0
506275,0.0,0.0,0.0,0.0,1.0,0.0,0.0
506276,0.0,0.0,0.0,0.0,0.0,0.0,0.0
506278,0.0,0.0,0.0,0.0,1.0,0.0,0.0
506279,0.0,0.0,0.0,0.0,0.0,0.0,0.0
507801,0.0,0.0,0.0,0.0,1.0,0.0,0.0
507802,0.0,0.0,0.0,0.0,0.0,0.0,0.0
508196,0.0,0.0,0.0,1.0,0.0,0.0,0.0
508198,0.0,0.0,0.0,0.0,0.0,0.0,0.0
508200,0.0,0.0,0.0,1.0,0.0,0.0,0.0
508201,0.0,0.0,0.0,0.0,0.0,0.0,0.0
510764,0.0,0.0,0.0,1.0,0.0,0.0,0.0
510767,0.0,0.0,0.0,0.0,0.0,0.0,0.0
511115,0.0,0.0,0.0,1.0,0.0,0.0,0.0
511116,0.0,0.0,0.0,0.0,0.0,0.0,0.0
511715,0.0,0.0,0.0,0.0,1.0,0.0,0.0
511716,0.0,0.0,0.0,0.0,0.0,0.0,0.0
513394,0.0,0.0,0.0,0.0,1.0,0.0,0.0
513395,0.0,0.0,0.0,0.0,0.0,0.0,0.0
513428,0.0,0.0,0.0,0.0,1.0,0.0,0.0
513429,0.0,0.0,0.0,0.0,0.0,0.0,0.0
516212,0.0,0.0,0.0,0.0,1.0,0.0,0.0
516213,0.0,0.0,0.0,0.0,0.0,0.0,0.0
517118,0.0,0.0,0.0,0.0,1.0,0.0,0.0
517119,0.0,0.0,0.0,0.0,0.0,0.0,0.0
517121,0.0,0.0,0.0,0.0,1.0,0.0,0.0
517124,0.0,0.0,0.0,0.0,0.0,0.0,0.0
517125,0.0,0.0,0.0,0.0,1.0,0.0,0.0
517127,0.0,0.0,0.0,0.0,0.0,0.0,0.0
517133,0.0,0.0,0.0,0.0,1.0,0.0,0.0
517137,0.0,0.0,0.0,0.0,0.0,0.0,0.0
517723,0.0,0.0,0.0,0.0,1.0,0.0,0.0
517725,0.0,0.0,0.0,0.0,0.0,0.0,0.0
518712,0.0,0.0,0.0,0.0,1.0,0.0,0.0
518713,0.0,0.0,0.0,0.0,0.0,0.0,0.0
520276,0.0,0.0,0.0,0.0,1.0,0.0,0.0
520277,0.0,0.0,0.0,0.0,0.0,0.0,0.0
520290,0.0,0.0,0.0,0.0,1.0,0.0,0.0
520291,0.0,0.0,0.0,0.0,0.0,0.0,0.0
521823,0.0,0.0,0.0,0.0,1.0,0.0,0.0
521826,0.0,0.0,0.0,0.0,2.0,0.0,0.0
521827,0.0,0.0,0.0,0.0,0.0,0.0,0.0
523356,0.0,0.0,0.0,0.0,1.0,0.0,0.0
523359,0.0,0.0,0.0,0.0,0.0,0.0,0.0
526529,0.0,0.0,0.0,0.0,1.0,0.0,0.0
526530,0.0,0.0,0.0,0.0,0.0,0.0,0.0
526654,0.0,0.0,0.0,0.0,1.0,0.0,0.0
526655,0.0,0.0,0.0,0.0,0.0,0.0,0.0
526656,0.0,0.0,0.0,0.0,1.0,0.0,0.0
526657,0.0,0.0,0.0,0.0,0.0,0.0,0.0
526658,0.0,0.0,0.0,0.0,1.0,0.0,0.0
526660,0.0,0.0,0.0,0.0,0.0,0.0,0.0
527439,0.0,0.0,0.0,0.0,1.0,0.0,0.0
527440,0.0,0.0,0.0,0.0,0.0,0.0,0.0
528538,0.0,0.0,0.0,0.0,1.0,0.0,0.0
528539,0.0,0.0,0.0,0.0,0.0,0.0,0.0
528576,0.0,0.0,0.0,0.0,1.0,0.0,0.0
528577,0.0,0.0,0.0,0.0,0.0,0.0,0.0
528578,0.0,0.0,0.0,0.0,1.0,0.0,0.0
528579,0.0,0.0,0.0,0.0,0.0,0.0,0.0
528797,0.0,0.0,0.0,0.0,1.0,0.0,0.0
528798,0.0,0.0,0.0,0.0,0.0,0.0,0.0
529364,0.0,0.0,0.0,0.0,1.0,0.0,0.0
529365,0.0,0.0,0.0,0.0,0.0,0.0,0.0
530874,0.0,0.0,0.0,0.0,1.0,0.0,0.0
530875,0.0,0.0,0.0,0.0,0.0,0.0,0.0
536115,0.0,0.0,0.0,0.0,1.0,0.0,0.0
536117,0.0,0.0,0.0,0.0,0.0,0.0,0.0
536121,0.0,0.0,0.0,0.0,1.0,0.0,0.0
536122,0.0,0.0,0.0,0.0,0.0,0.0,0.0
536123,0.0,0.0,0.0,0.0,1.0,0.0,0.0
536127,0.0,0.0,0.0,0.0,0.0,0.0,0.0
536403,0.0,0.0,0.0,0.0,1.0,0.0,0.0
536405,0.0,0.0,0.0,0.0,0.0,0.0,0.0
536406,0.0,0.0,0.0,0.0,1.0,0.0,0.0
536408,0.0,0.0,0.0,0.0,2.0,0.0,0.0
536409,0.0,0.0,0.0,0.0,0.0,0.0,0.0
536567,0.0,0.0,0.0,0.0,1.0,0.0,0.0
536568,0.0,0.0,0.0,0.0,0.0,0.0,0.0
536597,0.0,0.0,0.0,0.0,1.0,0.0,0.0
536599,0.0,0.0,0.0,0.0,0.0,0.0,0.0
538353,0.0,0.0,0.0,0.0,1.0,0.0,0.0
538354,0.0,0.0,0.0,0.0,0.0,0.0,0.0
538355,0.0,0.0,0.0,0.0,1.0,0.0,0.0
538356,0.0,0.0,0.0,0.0,0.0,0.0,0.0
539873,0.0,0.0,0.0,0.0,1.0,0.0,0.0
539874,0.0,0.0,0.0,0.0,0.0,0.0,0.0
539876,0.0,0.0,0.0,0.0,1.0,0.0,0.0
539881,0.0,0.0,0.0,0.0,0.0,0.0,0.0
541817,0.0,0.0,0.0,0.0,1.0,0.0,0.0
541820,0.0,0.0,0.0,0.0,0.0,0.0,0.0
542876,0.0,0.0,0.0,0.0,1.0,0.0,0.0
542879,0.0,0.0,0.0,0.0,0.0,0.0,0.0
543820,0.0,0.0,0.0,0.0,1.0,0.0,0.0
543821,0.0,0.0,0.0,0.0,0.0,0.0,0.0
543861,0.0,0.0,0.0,0.0,1.0,0.0,0.0
543862,0.0,0.0,0.0,0.0,0.0,0.0,0.0
543863,0.0,0.0,0.0,0.0,1.0,0.0,0.0
543865,0.0,0.0,0.0,0.0,0.0,0.0,0.0
548981,0.0,0.0,0.0,0.0,1.0,0.0,0.0
548982,0.0,0.0,0.0,0.0,0.0,0.0,0.0
550245,0.0,0.0,0.0,0.0,1.0,0.0,0.0
550246,0.0,0.0,0.0,0.0,0.0,0.0,0.0
550247,0.0,0.0,0.0,0.0,1.0,0.0,0.0
550249,0.0,0.0,0.0,0.0,0.0,0.0,0.0
554350,0.0,0.0,0.0,0.0,1.0,0.0,0.0
554351,0.0,0.0,0.0,0.0,0.0,0.0,0.0
554387,0.0,0.0,0.0,0.0,1.0,0.0,0.0
554388,0.0,0.0,0.0,0.0,0.0,0.0,0.0
554393,0.0,0.0,0.0,0.0,1.0,0.0,0.0
554394,0.0,0.0,0.0,0.0,0.0,0.0,0.0
554395,0.0,0.0,0.0,0.0,1.0,0.0,0.0
554396,0.0,0.0,0.0,0.0,0.0,0.0,0.0
556069,0.0,0.0,0.0,0.0,1.0,0.0,0.0
556072,0.0,0.0,0.0,0.0,0.0,0.0,0.0
556073,0.0,0.0,0.0,0.0,1.0,0.0,0.0
556075,0.0,0.0,0.0,0.0,0.0,0.0,0.0
556076,0.0,0.0,0.0,0.0,1.0,0.0,0.0
556080,0.0,0.0,0.0,0.0,0.0,0.0,0.0
556626,0.0,0.0,0.0,1.0,0.0,0.0,0.0
556627,0.0,0.0,0.0,0.0,0.0,0.0,0.0
556711,0.0,0.0,0.0,0.0,1.0,0.0,0.0
556712,0.0,0.0,0.0,0.0,0.0,0.0,0.0
556714,0.0,0.0,0.0,0.0,1.0,0.0,0.0
556715,0.0,0.0,0.0,0.0,0.0,0.0,0.0
557291,0.0,0.0,0.0,0.0,1.0,0.0,0.0
557297,0.0,0.0,0.0,0.0,0.0,0.0,0.0
559129,0.0,0.0,0.0,0.0,1.0,0.0,0.0
559130,0.0,0.0,0.0,0.0,0.0,0.0,0.0
559131,0.0,0.0,0.0,0.0,1.0,0.0,0.0
559132,0.0,0.0,0.0,0.0,0.0,0.0,0.0
559777,0.0,0.0,0.0,0.0,1.0,0.0,0.0
559778,0.0,0.0,0.0,0.0,0.0,0.0,0.0
559779,0.0,0.0,0.0,0.0,1.0,0.0,0.0
559781,0.0,0.0,0.0,0.0,0.0,0.0,0.0
559782,0.0,0.0,0.0,0.0,1.0,0.0,0.0
559783,0.0,0.0,0.0,0.0,0.0,0.0,0.0
560226,0.0,0.0,0.0,1.0,0.0,0.0,0.0
560227,0.0,0.0,0.0,0.0,0.0,0.0,0.0
562339,0.0,0.0,0.0,0.0,1.0,0.0,0.0
562340,0.0,0.0,0.0,0.0,0.0,0.0,0.0
566617,0.0,0.0,0.0,0.0,1.0,0.0,0.0
566623,0.0,0.0,0.0,0.0,0.0,0.0,0.0
566728,0.0,0.0,0.0,0.0,1.0,0.0,0.0
566729,0.0,0.0,0.0,0.0,0.0,0.0,0.0
567124,0.0,0.0,0.0,0.0,1.0,0.0,0.0
567125,0.0,0.0,0.0,0.0,0.0,0.0,0.0
567259,0.0,0.0,0.0,0.0,1.0,0.0,0.0
567264,0.0,0.0,0.0,0.0,2.0,0.0,0.0
567265,0.0,0.0,0.0,0.0,0.0,0.0,0.0
568415,0.0,0.0,0.0,0.0,1.0,0.0,0.0
568416,0.0,0.0,0.0,0.0,0.0,0.0,0.0
568856,0.0,0.0,0.0,0.0,1.0,0.0,0.0
568857,0.0,0.0,0.0,0.0,0.0,0.0,0.0
572281,0.0,0.0,0.0,0.0,1.0,0.0,0.0
572282,0.0,0.0,0.0,0.0,0.0,0.0,0.0
578888,0.0,0.0,0.0,0.0,1.0,0.0,0.0
578889,0.0,0.0,0.0,0.0,0.0,0.0,0.0
578891,0.0,0.0,0.0,0.0,1.0,0.0,0.0
578892,0.0,0.0,0.0,0.0,0.0,0.0,0.0
579029,0.0,0.0,0.0,0.0,1.0,0.0,0.0
579030,0.0,0.0,0.0,0.0,0.0,0.0,0.0
579454,0.0,0.0,0.0,0.0,1.0,0.0,0.0
579455,0.0,0.0,0.0,0.0,0.0,0.0,0.0
579736,0.0,0.0,0.0,0.0,1.0,0.0,0.0
579737,0.0,0.0,0.0,0.0,0.0,0.0,0.0
580337,0.0,0.0,0.0,0.0,1.0,0.0,0.0
580338,0.0,0.0,0.0,0.0,0.0,0.0,0.0
580339,0.0,0.0,0.0,0.0,1.0,0.0,0.0
580340,0.0,0.0,0.0,0.0,0.0,0.0,0.0
580341,0.0,0.0,0.0,0.0,1.0,0.0,0.0
580345,0.0,0.0,0.0,0.0,0.0,0.0,0.0
583566,0.0,0.0,0.0,0.0,1.0,0.0,0.0
583568,0.0,0.0,0.0,0.0,2.0,0.0,0.0
583569,0.0,0.0,0.0,0.0,0.0,0.0,0.0
588311,0.0,0.0,0.0,0.0,1.0,0.0,0.0
588312,0.0,0.0,0.0,0.0,0.0,0.0,0.0
588313,0.0,0.0,0.0,0.0,1.0,0.0,0.0
588315,0.0,0.0,0.0,0.0,0.0,0.0,0.0
591836,0.0,0.0,0.0,0.0,1.0,0.0,0.0
591837,0.0,0.0,0.0,0.0,0.0,0.0,0.0
591838,0.0,0.0,0.0,0.0,1.0,0.0,0.0
591839,0.0,0.0,0.0,0.0,0.0,0.0,0.0
592884,0.0,0.0,0.0,0.0,1.0,0.0,0.0
592885,0.0,0.0,0.0,0.0,0.0,0.0,0.0
593130,0.0,0.0,0.0,0.0,1.0,0.0,0.0
593131,0.0,0.0,0.0,0.0,0.0,0.0,0.0
593766,0.0,0.0,0.0,0.0,1.0,0.0,0.0
593767,0.0,0.0,0.0,0.0,0.0,0.0,0.0
595341,0.0,0.0,0.0,0.0,1.0,0.0,0.0
595342,0.0,0.0,0.0,0.0,0.0,0.0,0.0
595343,0.0,0.0,0.0,0.0,1.0,0.0,0.0
595344,0.0,0.0,0.0,0.0,0.0,0.0,0.0
595346,0.0,0.0,0.0,0.0,1.0,0.0,0.0
595347,0.0,0.0,0.0,0.0,0.0,0.0,0.0
595348,0.0,0.0,0.0,0.0,1.0,0.0,0.0
595349,0.0,0.0,0.0,0.0,0.0,0.0,0.0
595946,0.0,0.0,0.0,0.0,1.0,0.0,0.0
595947,0.0,0.0,0.0,0.0,0.0,0.0,0.0
597575,0.0,0.0,0.0,0.0,1.0,0.0,0.0
597576,0.0,0.0,0.0,0.0,0.0,0.0,0.0
597577,0.0,0.0,0.0,0.0,1.0,0.0,0.0
597579,0.0,0.0,0.0,0.0,0.0,0.0,0.0
597580,0.0,0.0,0.0,0.0,1.0,0.0,0.0
597581,0.0,0.0,0.0,0.0,0.0,0.0,0.0
598459,0.0,0.0,0.0,0.0,1.0,0.0,0.0
598460,0.0,0.0,0.0,0.0,0.0,0.0,0.0
600000,0.0,0.0,0.0,0.0,0.0,0.0,1.0
600001,0.0,0.0,0.0,0.0,0.0,0.0,0.0
600166,0.0,0.0,0.0,0.0,1.0,0.0,0.0
600167,0.0,0.0,0.0,0.0,0.0,0.0,0.0
600168,0.0,0.0,0.0,0.0,1.0,0.0,0.0
600171,0.0,0.0,0.0,0.0,2.0,0.0,0.0
600172,0.0,0.0,0.0,0.0,0.0,0.0,0.0
600516,0.0,0.0,0.0,0.0,1.0,0.0,0.0
600517,0.0,0.0,0.0,0.0,0.0,0.0,0.0
600518,0.0,0.0,0.0,0.0,1.0,0.0,0.0
600520,0.0,0.0,0.0,0.0,2.0,0.0,0.0
600521,0.0,0.0,0.0,0.0,0.0,0.0,0.0
600786,0.0,0.0,0.0,0.0,1.0,0.0,0.0
600787,0.0,0.0,0.0,0.0,0.0,0.0,0.0
600806,0.0,0.0,0.0,0.0,1.0,0.0,0.0
600808,0.0,0.0,0.0,0.0,2.0,0.0,0.0
600809,0.0,0.0,0.0,0.0,0.0,0.0,0.0
601662,0.0,2.0,0.0,0.0,0.0,1.0,0.0
601663,0.0,0.0,0.0,0.0,0.0,0.0,0.0
602615,0.0,0.0,1.0,0.0,0.0,0.0,0.0
602619,0.0,0.0,1.0,0.0,1.0,0.0,0.0
602623,0.0,0.0,1.0,0.0,0.0,0.0,0.0
602661,0.0,0.0,0.0,0.0,0.0,0.0,0.0
602663,0.0,0.0,1.0,0.0,0.0,0.0,0.0
602668,0.0,0.0,0.0,0.0,0.0,0.0,0.0
602669,0.0,0.0,1.0,0.0,0.0,0.0,0.0
602679,0.0,0.0,0.0,0.0,0.0,0.0,0.0
602682,0.0,0.0,1.0,0.0,0.0,0.0,0.0
602686,0.0,0.0,0.0,0.0,0.0,0.0,0.0
602688,0.0,0.0,1.0,0.0,0.0,0.0,0.0
602690,0.0,0.0,0.0,0.0,0.0,0.0,0.0
602710,0.0,0.0,1.0,0.0,0.0,0.0,0.0
602711,0.0,0.0,0.0,0.0,0.0,0.0,0.0
602712,0.0,0.0,1.0,0.0,0.0,0.0,0.0
602715,0.0,0.0,0.0,0.0,0.0,0.0,0.0
603320,0.0,0.0,0.0,0.0,1.0,0.0,0.0
603321,0.0,0.0,0.0,0.0,0.0,0.0,0.0
604450,0.0,0.0,0.0,0.0,1.0,0.0,0.0
604451,0.0,0.0,0.0,0.0,0.0,0.0,0.0
604455,0.0,0.0,0.0,0.0,1.0,0.0,0.0
604456,0.0,0.0,0.0,0.0,0.0,0.0,0.0
604457,0.0,0.0,0.0,0.0,1.0,0.0,0.0
604461,0.0,0.0,0.0,0.0,2.0,0.0,0.0
604462,0.0,0.0,0.0,0.0,0.0,0.0,0.0
606712,0.0,0.0,0.0,0.0,1.0,0.0,0.0
606713,0.0,0.0,0.0,0.0,0.0,0.0,0.0
606714,0.0,0.0,0.0,0.0,1.0,0.0,0.0
606715,0.0,0.0,0.0,0.0,0.0,0.0,0.0
606719,0.0,0.0,0.0,0.0,1.0,0.0,0.0
606720,0.0,0.0,0.0,0.0,0.0,0.0,0.0
606724,0.0,0.0,0.0,0.0,1.0,0.0,0.0
606725,0.0,0.0,0.0,0.0,0.0,0.0,0.0
606731,0.0,0.0,0.0,0.0,1.0,0.0,0.0
606736,0.0,0.0,0.0,0.0,0.0,0.0,0.0
606743,0.0,0.0,0.0,0.0,1.0,0.0,0.0
606744,0.0,0.0,0.0,0.0,0.0,0.0,0.0
606745,0.0,0.0,0.0,0.0,1.0,0.0,0.0
606748,0.0,0.0,0.0,0.0,0.0,0.0,0.0
607059,0.0,0.0,0.0,0.0,1.0,0.0,0.0
607060,0.0,0.0,0.0,0.0,0.0,0.0,0.0
607816,0.0,0.0,0.0,0.0,1.0,0.0,0.0
607817,0.0,0.0,0.0,0.0,0.0,0.0,0.0
608473,0.0,0.0,0.0,0.0,1.0,0.0,0.0
608474,0.0,0.0,0.0,0.0,0.0,0.0,0.0
608475,0.0,0.0,0.0,0.0,1.0,0.0,0.0
608478,0.0,0.0,0.0,0.0,0.0,0.0,0.0
609343,0.0,0.0,0.0,0.0,1.0,0.0,0.0
609346,0.0,0.0,0.0,0.0,0.0,0.0,0.0
611048,0.0,0.0,0.0,0.0,1.0,0.0,0.0
611050,0.0,0.0,0.0,0.0,2.0,0.0,0.0
611051,0.0,0.0,0.0,0.0,0.0,0.0,0.0
614410,0.0,0.0,0.0,0.0,1.0,0.0,0.0
614411,0.0,0.0,0.0,0.0,0.0,0.0,0.0
615040,0.0,0.0,0.0,0.0,1.0,0.0,0.0
615041,0.0,0.0,0.0,0.0,0.0,0.0,0.0
617838,0.0,0.0,0.0,0.0,1.0,0.0,0.0
617839,0.0,0.0,0.0,0.0,0.0,0.0,0.0
619261,0.0,0.0,0.0,0.0,1.0,0.0,0.0
619262,0.0,0.0,0.0,0.0,0.0,0.0,0.0
619264,0.0,0.0,0.0,0.0,1.0,0.0,0.0
619265,0.0,0.0,0.0,0.0,0.0,0.0,0.0
619389,0.0,0.0,0.0,0.0,1.0,0.0,0.0
619390,0.0,0.0,0.0,0.0,0.0,0.0,0.0
621315,0.0,0.0,0.0,1.0,0.0,0.0,0.0
621316,0.0,0.0,0.0,1.0,1.0,0.0,0.0
621317,0.0,0.0,0.0,1.0,0.0,0.0,0.0
621318,0.0,0.0,0.0,1.0,1.0,0.0,0.0
621320,0.0,0.0,0.0,0.0,0.0,0.0,0.0
622544,0.0,0.0,0.0,0.0,1.0,0.0,0.0
622545,0.0,0.0,0.0,0.0,0.0,0.0,0.0
622546,0.0,0.0,0.0,0.0,1.0,0.0,0.0
622547,0.0,0.0,0.0,0.0,0.0,0.0,0.0
622548,0.0,0.0,0.0,0.0,1.0,0.0,0.0
622550,0.0,0.0,0.0,0.0,0.0,0.0,0.0
622551,0.0,0.0,0.0,0.0,1.0,0.0,0.0
622552,0.0,0.0,0.0,0.0,0.0,0.0,0.0
622993,0.0,0.0,0.0,0.0,1.0,0.0,0.0
622994,0.0,0.0,0.0,0.0,0.0,0.0,0.0
623525,0.0,0.0,0.0,0.0,1.0,0.0,0.0
623526,0.0,0.0,0.0,0.0,0.0,0.0,0.0
623528,0.0,0.0,0.0,0.0,1.0,0.0,0.0
623529,0.0,0.0,0.0,0.0,0.0,0.0,0.0
624382,0.0,0.0,0.0,0.0,1.0,0.0,0.0
624386,0.0,0.0,0.0,0.0,2.0,0.0,0.0
624387,0.0,0.0,0.0,0.0,0.0,0.0,0.0
624835,0.0,0.0,0.0,0.0,1.0,0.0,0.0
624837,0.0,0.0,0.0,0.0,2.0,0.0,0.0
624838,0.0,0.0,0.0,0.0,0.0,0.0,0.0
625498,0.0,0.0,0.0,0.0,1.0,0.0,0.0
625501,0.0,0.0,0.0,0.0,0.0,0.0,0.0
625504,0.0,0.0,0.0,0.0,1.0,0.0,0.0
625505,0.0,0.0,0.0,0.0,0.0,0.0,0.0
625506,0.0,0.0,0.0,0.0,1.0,0.0,0.0
625508,0.0,0.0,0.0,0.0,0.0,0.0,0.0
626988,0.0,2.0,0.0,0.0,0.0,1.0,0.0
626989,0.0,0.0,0.0,0.0,0.0,0.0,0.0
627046,0.0,0.0,1.0,0.0,0.0,0.0,0.0
627047,0.0,0.0,0.0,0.0,0.0,0.0,0.0
627048,0.0,0.0,1.0,0.0,0.0,0.0,0.0
627064,0.0,0.0,0.0,0.0,0.0,0.0,0.0
627066,0.0,0.0,1.0,0.0,0.0,0.0,0.0
627085,0.0,0.0,0.0,0.0,0.0,0.0,0.0
627087,0.0,0.0,1.0,0.0,0.0,0.0,0.0
627088,0.0,0.0,0.0,0.0,0.0,0.0,0.0
627089,0.0,0.0,1.0,0.0,0.0,0.0,0.0
627091,0.0,0.0,0.0,0.0,0.0,0.0,0.0
627092,0.0,0.0,1.0,0.0,0.0,0.0,0.0
627098,0.0,0.0,0.0,0.0,0.0,0.0,0.0
627099,0.0,0.0,1.0,0.0,0.0,0.0,0.0
627108,0.0,0.0,0.0,0.0,0.0,0.0,0.0
630016,0.0,0.0,0.0,0.0,1.0,0.0,0.0
630017,0.0,0.0,0.0,0.0,0.0,0.0,0.0
630018,0.0,0.0,0.0,0.0,1.0,0.0,0.0
630019,0.0,0.0,0.0,0.0,0.0,0.0,0.0
630412,0.0,0.0,0.0,0.0,1.0,0.0,0.0
630413,0.0,0.0,0.0,0.0,2.0,0.0,0.0
630414,0.0,0.0,0.0,0.0,0.0,0.0,0.0
633924,0.0,0.0,0.0,0.0,1.0,0.0,0.0
633925,0.0,0.0,0.0,0.0,0.0,0.0,0.0
634452,0.0,0.0,0.0,0.0,1.0,0.0,0.0
634453,0.0,0.0,0.0,0.0,0.0,0.0,0.0
635035,0.0,0.0,0.0,0.0,1.0,0.0,0.0
635036,0.0,0.0,0.0,0.0,0.0,0.0,0.0
635441,0.0,0.0,0.0,0.0,1.0,0.0,0.0
635442,0.0,0.0,0.0,0.0,0.0,0.0,0.0
635443,0.0,0.0,0.0,0.0,1.0,0.0,0.0
635444,0.0,0.0,0.0,0.0,0.0,0.0,0.0
635445,0.0,0.0,0.0,0.0,1.0,0.0,0.0
635450,0.0,0.0,0.0,0.0,2.0,0.0,0.0
635451,0.0,0.0,0.0,0.0,0.0,0.0,0.0
636838,0.0,0.0,0.0,0.0,1.0,0.0,0.0
636842,0.0,0.0,0.0,0.0,0.0,0.0,0.0
637763,0.0,0.0,0.0,0.0,1.0,0.0,0.0
637764,0.0,0.0,0.0,0.0,0.0,0.0,0.0
638404,0.0,0.0,0.0,0.0,1.0,0.0,0.0
638405,0.0,0.0,0.0,0.0,0.0,0.0,0.0
638406,0.0,0.0,0.0,0.0,1.0,0.0,0.0
638407,0.0,0.0,0.0,0.0,0.0,0.0,0.0
638408,0.0,0.0,0.0,0.0,1.0,0.0,0.0
638410,0.0,0.0,0.0,0.0,0.0,0.0,0.0
638416,0.0,0.0,0.0,0.0,1.0,0.0,0.0
638417,0.0,0.0,0.0,0.0,0.0,0.0,0.0
638611,0.0,0.0,0.0,0.0,1.0,0.0,0.0
638612,0.0,0.0,0.0,0.0,0.0,0.0,0.0
638708,0.0,0.0,0.0,1.0,0.0,0.0,0.0
638709,0.0,0.0,0.0,1.0,1.0,0.0,0.0
638710,0.0,0.0,0.0,2.0,1.0,1.0,0.0
638711,0.0,0.0,0.0,0.0,0.0,0.0,0.0
639008,0.0,0.0,1.0,0.0,0.0,0.0,0.0
639009,0.0,0.0,0.0,0.0,0.0,0.0,0.0
639013,0.0,0.0,1.0,0.0,0.0,0.0,0.0
639027,0.0,0.0,0.0,0.0,0.0,0.0,0.0
639029,0.0,0.0,1.0,0.0,0.0,0.0,0.0
639031,0.0,0.0,0.0,0.0,0.0,0.0,0.0
639598,0.0,0.0,0.0,0.0,1.0,0.0,0.0
639599,0.0,0.0,0.0,0.0,0.0,0.0,0.0
639600,0.0,0.0,0.0,0.0,1.0,0.0,0.0
639601,0.0,0.0,0.0,0.0,0.0,0.0,0.0
639614,0.0,0.0,0.0,0.0,1.0,0.0,0.0
639617,0.0,0.0,0.0,0.0,0.0,0.0,0.0
639621,0.0,0.0,0.0,0.0,1.0,0.0,0.0
639622,0.0,0.0,0.0,0.0,0.0,0.0,0.0
639623,0.0,0.0,0.0,0.0,1.0,0.0,0.0
639626,0.0,0.0,0.0,0.0,0.0,0.0,0.0
639627,0.0,0.0,0.0,0.0,1.0,0.0,0.0
639628,0.0,0.0,1.0,1.0,1.0,0.0,0.0
639629,0.0,0.0,1.0,1.0,2.0,0.0,0.0
639630,0.0,0.0,1.0,1.0,0.0,0.0,0.0
639642,0.0,0.0,1.0,0.0,0.0,0.0,0.0
639643,0.0,0.0,1.0,1.0,0.0,0.0,0.0
639659,0.0,0.0,1.0,2.0,0.0,1.0,0.0
639660,0.0,0.0,0.0,0.0,0.0,0.0,0.0
640158,0.0,0.0,0.0,0.0,1.0,0.0,0.0
640159,0.0,0.0,0.0,0.0,0.0,0.0,0.0
640163,0.0,0.0,0.0,0.0,1.0,0.0,0.0
640164,0.0,0.0,0.0,0.0,0.0,0.0,0.0
640165,0.0,0.0,0.0,0.0,1.0,0.0,0.0
640166,0.0,0.0,0.0,0.0,0.0,0.0,0.0
640199,0.0,0.0,0.0,0.0,1.0,0.0,0.0
640200,0.0,0.0,0.0,0.0,0.0,0.0,0.0
643288,0.0,0.0,0.0,0.0,1.0,0.0,0.0
643289,0.0,0.0,0.0,0.0,0.0,0.0,0.0
643528,0.0,0.0,0.0,0.0,1.0,0.0,0.0
643529,0.0,0.0,0.0,0.0,0.0,0.0,0.0
643530,0.0,0.0,0.0,0.0,1.0,0.0,0.0
643535,0.0,0.0,0.0,0.0,0.0,0.0,0.0
643647,0.0,0.0,0.0,0.0,1.0,0.0,0.0
643649,0.0,0.0,0.0,0.0,2.0,0.0,0.0
643650,0.0,0.0,0.0,0.0,0.0,0.0,0.0
643908,0.0,0.0,1.0,0.0,0.0,0.0,0.0
643923,0.0,0.0,0.0,0.0,0.0,0.0,0.0
643924,0.0,0.0,1.0,0.0,0.0,0.0,0.0
643931,0.0,0.0,0.0,0.0,0.0,0.0,0.0
643933,0.0,0.0,1.0,0.0,0.0,0.0,0.0
643939,0.0,0.0,0.0,0.0,0.0,0.0,0.0
643946,0.0,0.0,1.0,0.0,0.0,0.0,0.0
643947,0.0,0.0,0.0,0.0,0.0,0.0,0.0
643949,0.0,0.0,1.0,0.0,0.0,0.0,0.0
643951,0.0,0.0,0.0,0.0,0.0,0.0,0.0
643952,0.0,0.0,1.0,0.0,0.0,0.0,0.0
643967,0.0,0.0,0.0,0.0,0.0,0.0,0.0
643969,0.0,0.0,1.0,0.0,0.0,0.0,0.0
643983,0.0,0.0,0.0,0.0,0.0,0.0,0.0
643996,0.0,0.0,1.0,0.0,0.0,0.0,0.0
643999,0.0,0.0,0.0,0.0,0.0,0.0,0.0
644000,0.0,0.0,1.0,0.0,0.0,0.0,0.0
644158,0.0,0.0,0.0,0.0,0.0,0.0,0.0
644208,0.0,0.0,1.0,0.0,0.0,0.0,0.0
644209,0.0,0.0,0.0,0.0,0.0,0.0,0.0
644210,0.0,0.0,1.0,0.0,0.0,0.0,0.0
644217,0.0,0.0,0.0,0.0,0.0,0.0,0.0
644220,0.0,0.0,1.0,0.0,0.0,0.0,0.0
644221,0.0,0.0,0.0,0.0,0.0,0.0,0.0
644232,0.0,0.0,1.0,0.0,0.0,0.0,0.0
644233,0.0,0.0,0.0,0.0,0.0,0.0,0.0
644434,0.0,0.0,1.0,0.0,0.0,0.0,0.0
644439,0.0,0.0,0.0,0.0,0.0,0.0,0.0
644440,0.0,0.0,1.0,0.0,0.0,0.0,0.0
644467,0.0,0.0,0.0,0.0,0.0,0.0,0.0
644468,0.0,0.0,1.0,0.0,0.0,0.0,0.0
644475,0.0,0.0,0.0,0.0,0.0,0.0,0.0
644486,0.0,0.0,1.0,0.0,0.0,0.0,0.0
644570,0.0,0.0,0.0,0.0,0.0,0.0,0.0
644571,0.0,0.0,1.0,0.0,0.0,0.0,0.0
644594,0.0,0.0,0.0,0.0,0.0,0.0,0.0
644596,0.0,0.0,1.0,0.0,0.0,0.0,0.0
644602,0.0,0.0,0.0,0.0,0.0,0.0,0.0
644604,0.0,0.0,1.0,0.0,0.0,0.0,0.0
644677,0.0,0.0,1.0,0.0,1.0,0.0,0.0
644678,0.0,0.0,1.0,0.0,0.0,0.0,0.0
644696,0.0,0.0,1.0,0.0,1.0,0.0,0.0
644699,0.0,0.0,1.0,0.0,0.0,0.0,0.0
645185,0.0,0.0,0.0,0.0,0.0,0.0,0.0
645219,0.0,0.0,1.0,0.0,0.0,0.0,0.0
645220,0.0,0.0,0.0,0.0,0.0,0.0,0.0
645221,0.0,0.0,1.0,0.0,0.0,0.0,0.0
645234,0.0,0.0,1.0,0.0,1.0,0.0,0.0
645235,0.0,0.0,1.0,0.0,0.0,0.0,0.0
645242,0.0,0.0,1.0,0.0,1.0,0.0,0.0
645243,0.0,0.0,1.0,0.0,0.0,0.0,0.0
645247,0.0,0.0,1.0,0.0,1.0,0.0,0.0
645248,0.0,0.0,1.0,0.0,0.0,0.0,0.0
645371,0.0,0.0,0.0,0.0,0.0,0.0,0.0
645372,0.0,0.0,1.0,0.0,0.0,0.0,0.0
645395,0.0,0.0,0.0,0.0,0.0,0.0,0.0
645396,0.0,0.0,1.0,0.0,0.0,0.0,0.0
645458,0.0,0.0,0.0,0.0,0.0,0.0,0.0
645460,0.0,0.0,1.0,0.0,0.0,0.0,0.0
645462,0.0,0.0,0.0,0.0,0.0,0.0,0.0
645710,0.0,0.0,1.0,0.0,0.0,0.0,0.0
645712,0.0,0.0,0.0,0.0,0.0,0.0,0.0
645723,0.0,0.0,1.0,0.0,0.0,0.0,0.0
645724,0.0,0.0,0.0,0.0,0.0,0.0,0.0
645727,0.0,0.0,1.0,0.0,0.0,0.0,0.0
645728,0.0,0.0,0.0,0.0,0.0,0.0,0.0
645729,0.0,0.0,1.0,0.0,0.0,0.0,0.0
645744,0.0,0.0,0.0,0.0,0.0,0.0,0.0
645746,0.0,0.0,1.0,0.0,0.0,0.0,0.0
645747,0.0,0.0,0.0,0.0,0.0,0.0,0.0
645749,0.0,0.0,1.0,0.0,0.0,0.0,0.0
645751,0.0,0.0,0.0,0.0,0.0,0.0,0.0
645756,0.0,0.0,1.0,0.0,0.0,0.0,0.0
648329,0.0,0.0,1.0,0.0,1.0,0.0,0.0
648330,0.0,0.0,1.0,0.0,0.0,0.0,0.0
648364,0.0,0.0,1.0,0.0,1.0,0.0,0.0
648365,0.0,0.0,1.0,0.0,0.0,0.0,0.0
648366,0.0,0.0,1.0,0.0,1.0,0.0,0.0
648367,0.0,0.0,1.0,0.0,0.0,0.0,0.0
648368,0.0,0.0,1.0,0.0,1.0,0.0,0.0
648369,0.0,0.0,1.0,0.0,0.0,0.0,0.0
648370,0.0,0.0,1.0,0.0,1.0,0.0,0.0
648371,0.0,0.0,1.0,0.0,0.0,0.0,0.0
648372,0.0,0.0,1.0,0.0,1.0,0.0,0.0
648373,0.0,0.0,1.0,0.0,0.0,0.0,0.0
648524,0.0,2.0,1.0,0.0,0.0,0.0,0.0
648525,0.0,0.0,1.0,0.0,0.0,0.0,0.0
650443,0.0,0.0,1.0,0.0,1.0,0.0,0.0
650444,0.0,0.0,1.0,0.0,0.0,0.0,0.0
651323,0.0,0.0,1.0,0.0,1.0,0.0,0.0
651324,0.0,0.0,1.0,0.0,0.0,0.0,0.0
651328,0.0,0.0,1.0,0.0,1.0,0.0,0.0
651330,0.0,0.0,1.0,0.0,2.0,0.0,0.0
651331,0.0,0.0,1.0,0.0,0.0,0.0,0.0
652476,0.0,0.0,1.0,0.0,1.0,0.0,0.0
652477,0.0,0.0,1.0,0.0,0.0,0.0,0.0
652990,0.0,0.0,0.0,0.0,0.0,0.0,0.0
652991,0.0,0.0,1.0,0.0,0.0,0.0,0.0
652993,0.0,0.0,0.0,0.0,0.0,0.0,0.0
653008,0.0,0.0,1.0,0.0,0.0,0.0,0.0
653009,0.0,0.0,0.0,0.0,0.0,0.0,0.0
653010,0.0,0.0,1.0,0.0,0.0,0.0,0.0
653013,0.0,0.0,0.0,0.0,0.0,0.0,0.0
653016,0.0,0.0,1.0,0.0,0.0,0.0,0.0
653029,0.0,0.0,0.0,0.0,0.0,0.0,0.0
653040,0.0,0.0,1.0,0.0,0.0,0.0,0.0
653041,0.0,0.0,0.0,0.0,0.0,0.0,0.0
653044,0.0,0.0,1.0,0.0,0.0,0.0,0.0
653045,0.0,0.0,0.0,0.0,0.0,0.0,0.0
653051,0.0,0.0,1.0,0.0,0.0,0.0,0.0
653053,0.0,0.0,0.0,0.0,0.0,0.0,0.0
653094,0.0,0.0,1.0,0.0,0.0,0.0,0.0
653096,0.0,0.0,0.0,0.0,0.0,0.0,0.0
653099,0.0,0.0,1.0,0.0,0.0,0.0,0.0
653100,0.0,0.0,0.0,0.0,0.0,0.0,0.0
654170,0.0,0.0,0.0,0.0,1.0,0.0,0.0
654173,0.0,0.0,0.0,0.0,0.0,0.0,0.0
654174,0.0,0.0,0.0,0.0,1.0,0.0,0.0
654175,0.0,0.0,0.0,0.0,0.0,0.0,0.0
655079,0.0,0.0,1.0,0.0,1.0,0.0,0.0
655080,0.0,0.0,1.0,0.0,0.0,0.0,0.0
655081,0.0,0.0,0.0,0.0,0.0,0.0,0.0
655084,0.0,0.0,1.0,0.0,0.0,0.0,0.0
655089,0.0,0.0,0.0,0.0,0.0,0.0,0.0
655091,0.0,0.0,1.0,0.0,0.0,0.0,0.0
655097,0.0,0.0,0.0,0.0,0.0,0.0,0.0
655100,0.0,0.0,1.0,0.0,0.0,0.0,0.0
655101,0.0,0.0,0.0,0.0,0.0,0.0,0.0
655248,0.0,0.0,1.0,0.0,0.0,0.0,0.0
655250,0.0,0.0,1.0,0.0,1.0,0.0,0.0
655251,0.0,0.0,1.0,0.0,0.0,0.0,0.0
655259,0.0,0.0,0.0,0.0,0.0,0.0,0.0
655273,0.0,0.0,1.0,0.0,0.0,0.0,0.0
655274,0.0,0.0,0.0,0.0,0.0,0.0,0.0
655281,0.0,0.0,1.0,0.0,0.0,0.0,0.0
655290,0.0,0.0,0.0,0.0,0.0,0.0,0.0
655292,0.0,0.0,1.0,0.0,0.0,0.0,0.0
655306,0.0,0.0,0.0,0.0,0.0,0.0,0.0
655317,0.0,0.0,1.0,0.0,0.0,0.0,0.0
655318,0.0,0.0,0.0,0.0,0.0,0.0,0.0
655320,0.0,0.0,1.0,0.0,0.0,0.0,0.0
655322,0.0,0.0,0.0,0.0,0.0,0.0,0.0
655323,0.0,0.0,1.0,0.0,0.0,0.0,0.0
655326,0.0,0.0,0.0,0.0,0.0,0.0,0.0
655327,0.0,0.0,1.0,0.0,0.0,0.0,0.0
655330,0.0,0.0,0.0,0.0,0.0,0.0,0.0
655335,0.0,0.0,1.0,0.0,0.0,0.0,0.0
655377,0.0,0.0,0.0,0.0,0.0,0.0,0.0
655378,0.0,0.0,1.0,0.0,0.0,0.0,0.0
655381,0.0,0.0,0.0,0.0,0.0,0.0,0.0
655382,0.0,0.0,1.0,0.0,0.0,0.0,0.0
655385,0.0,0.0,0.0,0.0,0.0,0.0,0.0
655386,0.0,0.0,1.0,0.0,0.0,0.0,0.0
655393,0.0,0.0,0.0,0.0,0.0,0.0,0.0
655395,0.0,0.0,1.0,0.0,0.0,0.0,0.0
655416,0.0,0.0,0.0,0.0,0.0,0.0,0.0
655419,0.0,0.0,1.0,0.0,0.0,0.0,0.0
655420,0.0,0.0,0.0,0.0,0.0,0.0,0.0
655784,0.0,0.0,0.0,0.0,1.0,0.0,0.0
655787,0.0,0.0,0.0,0.0,0.0,0.0,0.0
655788,0.0,0.0,0.0,0.0,1.0,0.0,0.0
655792,0.0,0.0,0.0,0.0,0.0,0.0,0.0
655939,0.0,0.0,1.0,0.0,0.0,0.0,0.0
655942,0.0,0.0,1.0,0.0,1.0,0.0,0.0
655943,0.0,0.0,1.0,0.0,0.0,0.0,0.0
655949,0.0,0.0,0.0,0.0,0.0,0.0,0.0
655954,0.0,0.0,1.0,0.0,0.0,0.0,0.0
655961,0.0,0.0,0.0,0.0,0.0,0.0,0.0
655962,0.0,0.0,1.0,0.0,0.0,0.0,0.0
655984,0.0,0.0,1.0,0.0,1.0,0.0,0.0
655985,0.0,0.0,1.0,0.0,0.0,0.0,0.0
656022,0.0,0.0,1.0,0.0,1.0,0.0,0.0
656023,0.0,0.0,1.0,0.0,0.0,0.0,0.0
656024,0.0,0.0,1.0,0.0,1.0,0.0,0.0
656025,0.0,0.0,1.0,0.0,0.0,0.0,0.0
656029,0.0,0.0,1.0,0.0,1.0,0.0,0.0
656030,0.0,0.0,1.0,0.0,0.0,0.0,0.0
656032,0.0,0.0,1.0,0.0,1.0,0.0,0.0
656033,0.0,0.0,1.0,0.0,0.0,0.0,0.0
656059,0.0,0.0,1.0,0.0,1.0,0.0,0.0
656062,0.0,0.0,1.0,0.0,0.0,0.0,0.0
656108,0.0,2.0,1.0,0.0,0.0,0.0,0.0
656109,0.0,0.0,1.0,0.0,0.0,0.0,0.0
656375,0.0,0.0,0.0,0.0,0.0,0.0,0.0
656544,0.0,0.0,1.0,0.0,0.0,0.0,0.0
656556,0.0,0.0,0.0,0.0,0.0,0.0,0.0
656558,0.0,0.0,1.0,0.0,0.0,0.0,0.0
656560,0.0,0.0,0.0,0.0,0.0,0.0,0.0
656717,0.0,0.0,1.0,0.0,0.0,0.0,0.0
656718,0.0,0.0,1.0,0.0,1.0,0.0,0.0
656720,0.0,0.0,1.0,0.0,2.0,0.0,0.0
656721,0.0,0.0,1.0,0.0,0.0,0.0,0.0
656734,0.0,0.0,0.0,0.0,0.0,0.0,0.0
656737,0.0,0.0,1.0,0.0,0.0,0.0,0.0
656738,0.0,0.0,0.0,0.0,0.0,0.0,0.0
656890,0.0,0.0,1.0,0.0,0.0,0.0,0.0
656892,0.0,0.0,0.0,0.0,0.0,0.0,0.0
656895,0.0,0.0,1.0,0.0,0.0,0.0,0.0
656907,0.0,0.0,0.0,0.0,0.0,0.0,0.0
656908,0.0,0.0,1.0,0.0,0.0,0.0,0.0
656947,0.0,0.0,0.0,0.0,0.0,0.0,0.0
656954,0.0,0.0,1.0,0.0,0.0,0.0,0.0
656955,0.0,0.0,0.0,0.0,0.0,0.0,0.0
656956,0.0,0.0,1.0,0.0,0.0,0.0,0.0
656963,0.0,0.0,0.0,0.0,0.0,0.0,0.0
656964,0.0,0.0,1.0,0.0,0.0,0.0,0.0
656980,0.0,0.0,1.0,0.0,1.0,0.0,0.0
656985,0.0,0.0,1.0,0.0,0.0,0.0,0.0
656986,0.0,0.0,1.0,0.0,1.0,0.0,0.0
656987,0.0,0.0,1.0,0.0,0.0,0.0,0.0
656989,0.0,0.0,1.0,0.0,1.0,0.0,0.0
656990,0.0,0.0,1.0,0.0,0.0,0.0,0.0
657272,0.0,0.0,1.0,0.0,1.0,0.0,0.0
657273,0.0,0.0,1.0,0.0,0.0,0.0,0.0
657400,0.0,0.0,0.0,0.0,0.0,0.0,0.0
657401,0.0,0.0,1.0,0.0,0.0,0.0,0.0
657436,0.0,0.0,0.0,0.0,0.0,0.0,0.0
657525,0.0,0.0,1.0,0.0,0.0,0.0,0.0
657527,0.0,0.0,0.0,0.0,0.0,0.0,0.0
657528,0.0,0.0,1.0,0.0,0.0,0.0,0.0
657531,0.0,0.0,0.0,0.0,0.0,0.0,0.0
657536,0.0,0.0,1.0,0.0,0.0,0.0,0.0
657558,0.0,0.0,1.0,0.0,1.0,0.0,0.0
657559,0.0,0.0,1.0,0.0,0.0,0.0,0.0
657582,0.0,0.0,0.0,0.0,0.0,0.0,0.0
657583,0.0,0.0,1.0,0.0,0.0,0.0,0.0
657598,0.0,0.0,0.0,0.0,0.0,0.0,0.0
657600,0.0,0.0,1.0,0.0,0.0,0.0,0.0
657601,0.0,0.0,0.0,0.0,0.0,0.0,0.0
657604,0.0,0.0,1.0,0.0,0.0,0.0,0.0
657605,0.0,0.0,0.0,0.0,0.0,0.0,0.0
657608,0.0,0.0,1.0,0.0,0.0,0.0,0.0
657609,0.0,0.0,0.0,0.0,0.0,0.0,0.0
657611,0.0,0.0,1.0,0.0,0.0,0.0,0.0
657613,0.0,0.0,0.0,0.0,0.0,0.0,0.0
657616,0.0,0.0,1.0,0.0,0.0,0.0,0.0
657617,0.0,0.0,0.0,0.0,0.0,0.0,0.0
657618,0.0,0.0,1.0,0.0,0.0,0.0,0.0
657633,0.0,0.0,0.0,0.0,0.0,0.0,0.0
657877,0.0,0.0,0.0,0.0,1.0,0.0,0.0
657878,0.0,0.0,0.0,0.0,0.0,0.0,0.0
657879,0.0,0.0,0.0,0.0,1.0,0.0,0.0
657880,0.0,0.0,0.0,0.0,0.0,0.0,0.0
657882,0.0,0.0,0.0,0.0,1.0,0.0,0.0
657883,0.0,0.0,0.0,0.0,0.0,0.0,0.0
657894,0.0,0.0,0.0,0.0,1.0,0.0,0.0
657895,0.0,0.0,0.0,0.0,0.0,0.0,0.0
657897,0.0,0.0,0.0,0.0,1.0,0.0,0.0
657900,0.0,0.0,0.0,0.0,0.0,0.0,0.0
657901,0.0,0.0,0.0,0.0,1.0,0.0,0.0
657902,0.0,0.0,0.0,0.0,0.0,0.0,0.0
657903,0.0,0.0,0.0,0.0,1.0,0.0,0.0
657904,0.0,0.0,0.0,0.0,0.0,0.0,0.0
658369,0.0,0.0,0.0,0.0,1.0,0.0,0.0
658370,0.0,0.0,0.0,0.0,0.0,0.0,0.0
658700,0.0,0.0,0.0,0.0,1.0,0.0,0.0
658703,0.0,0.0,0.0,0.0,0.0,0.0,0.0
658920,0.0,0.0,0.0,0.0,1.0,0.0,0.0
658921,0.0,0.0,0.0,0.0,0.0,0.0,0.0
659485,0.0,0.0,0.0,0.0,1.0,0.0,0.0
659486,0.0,0.0,0.0,0.0,0.0,0.0,0.0
660971,0.0,0.0,0.0,0.0,1.0,0.0,0.0
660974,0.0,0.0,0.0,0.0,2.0,0.0,0.0
660975,0.0,0.0,0.0,0.0,0.0,0.0,0.0
661102,0.0,0.0,0.0,0.0,1.0,0.0,0.0
661103,0.0,0.0,0.0,0.0,0.0,0.0,0.0
661208,0.0,0.0,0.0,0.0,1.0,0.0,0.0
661209,0.0,0.0,0.0,0.0,0.0,0.0,0.0
662918,0.0,0.0,0.0,0.0,1.0,0.0,0.0
662919,0.0,0.0,0.0,0.0,0.0,0.0,0.0
663392,0.0,0.0,0.0,0.0,1.0,0.0,0.0
663393,0.0,0.0,0.0,0.0,0.0,0.0,0.0
663668,0.0,2.0,0.0,0.0,0.0,1.0,0.0
663669,0.0,0.0,0.0,0.0,0.0,0.0,0.0
663753,0.0,0.0,1.0,0.0,0.0,0.0,0.0
663756,0.0,0.0,0.0,0.0,0.0,0.0,0.0
663760,0.0,0.0,1.0,0.0,0.0,0.0,0.0
663761,0.0,0.0,0.0,0.0,0.0,0.0,0.0
663762,0.0,0.0,1.0,0.0,0.0,0.0,0.0
663766,0.0,0.0,0.0,0.0,0.0,0.0,0.0
663850,0.0,0.0,1.0,0.0,0.0,0.0,0.0
663866,0.0,0.0,0.0,0.0,0.0,0.0,0.0
663870,0.0,0.0,1.0,0.0,0.0,0.0,0.0
663871,0.0,0.0,0.0,0.0,0.0,0.0,0.0
663873,0.0,0.0,1.0,0.0,0.0,0.0,0.0
663876,0.0,0.0,0.0,0.0,0.0,0.0,0.0
663885,0.0,0.0,1.0,0.0,0.0,0.0,0.0
663913,0.0,0.0,2.0,0.0,0.0,0.0,0.0
663914,0.0,0.0,0.0,0.0,0.0,0.0,0.0
664170,0.0,0.0,1.0,0.0,0.0,0.0,0.0
664171,0.0,0.0,0.0,0.0,0.0,0.0,0.0
664173,0.0,0.0,1.0,0.0,0.0,0.0,0.0
664192,0.0,0.0,1.0,0.0,1.0,0.0,0.0
664193,0.0,0.0,1.0,0.0,0.0,0.0,0.0
664194,0.0,0.0,1.0,0.0,1.0,0.0,0.0
664195,0.0,0.0,1.0,0.0,0.0,0.0,0.0
664223,0.0,0.0,2.0,0.0,0.0,0.0,0.0
664224,0.0,0.0,0.0,0.0,0.0,0.0,0.0
664317,0.0,0.0,1.0,0.0,0.0,0.0,0.0
664319,0.0,0.0,0.0,0.0,0.0,0.0,0.0
664343,0.0,0.0,1.0,0.0,0.0,0.0,0.0
664344,0.0,0.0,0.0,0.0,0.0,0.0,0.0
664346,0.0,0.0,1.0,0.0,0.0,0.0,0.0
664348,0.0,0.0,0.0,0.0,0.0,0.0,0.0
664424,0.0,0.0,1.0,0.0,0.0,0.0,0.0
664425,0.0,0.0,0.0,0.0,0.0,0.0,0.0
664426,0.0,0.0,1.0,0.0,0.0,0.0,0.0
664485,0.0,0.0,0.0,0.0,0.0,0.0,0.0
664487,0.0,0.0,1.0,0.0,0.0,0.0,0.0
664489,0.0,0.0,0.0,0.0,0.0,0.0,0.0
664492,0.0,0.0,1.0,0.0,0.0,0.0,0.0
664494,0.0,0.0,0.0,0.0,0.0,0.0,0.0
664520,0.0,0.0,1.0,0.0,0.0,0.0,0.0
664522,0.0,0.0,0.0,0.0,0.0,0.0,0.0
664525,0.0,0.0,1.0,0.0,0.0,0.0,0.0
664537,0.0,0.0,0.0,0.0,0.0,0.0,0.0
664540,0.0,0.0,1.0,0.0,0.0,0.0,0.0
664541,0.0,0.0,0.0,0.0,0.0,0.0,0.0
664602,0.0,0.0,1.0,0.0,0.0,0.0,0.0
664609,0.0,0.0,0.0,0.0,0.0,0.0,0.0
664611,0.0,0.0,1.0,0.0,0.0,0.0,0.0
664657,0.0,0.0,0.0,0.0,0.0,0.0,0.0
664659,0.0,0.0,1.0,0.0,0.0,0.0,0.0
664661,0.0,0.0,0.0,0.0,0.0,0.0,0.0
664663,0.0,0.0,1.0,0.0,0.0,0.0,0.0
664673,0.0,0.0,0.0,0.0,0.0,0.0,0.0
665647,0.0,0.0,0.0,0.0,1.0,0.0,0.0
665649,0.0,0.0,0.0,0.0,0.0,0.0,0.0
665650,0.0,0.0,0.0,0.0,1.0,0.0,0.0
665652,0.0,0.0,0.0,0.0,2.0,0.0,0.0
665653,0.0,0.0,0.0,0.0,0.0,0.0,0.0
666345,0.0,0.0,1.0,0.0,0.0,0.0,0.0
666346,0.0,0.0,0.0,0.0,0.0,0.0,0.0
666348,0.0,0.0,1.0,0.0,0.0,0.0,0.0
666350,0.0,0.0,0.0,0.0,0.0,0.0,0.0
666352,0.0,0.0,1.0,0.0,0.0,0.0,0.0
666354,0.0,0.0,0.0,0.0,0.0,0.0,0.0
666450,0.0,0.0,1.0,0.0,0.0,0.0,0.0
666451,0.0,0.0,0.0,0.0,0.0,0.0,0.0
666452,0.0,0.0,1.0,0.0,0.0,0.0,0.0
666454,0.0,0.0,0.0,0.0,0.0,0.0,0.0
666459,0.0,0.0,1.0,0.0,0.0,0.0,0.0
666462,0.0,0.0,0.0,0.0,0.0,0.0,0.0
666463,0.0,0.0,1.0,0.0,0.0,0.0,0.0
666479,0.0,2.0,1.0,0.0,0.0,0.0,0.0
666480,0.0,0.0,1.0,0.0,0.0,0.0,0.0
667861,0.0,0.0,0.0,0.0,0.0,0.0,0.0
667868,0.0,0.0,1.0,0.0,0.0,0.0,0.0
667872,0.0,0.0,0.0,0.0,0.0,0.0,0.0
667887,0.0,0.0,1.0,0.0,0.0,0.0,0.0
667961,0.0,0.0,0.0,0.0,0.0,0.0,0.0
667964,0.0,0.0,1.0,0.0,0.0,0.0,0.0
667965,0.0,0.0,0.0,0.0,0.0,0.0,0.0
672170,0.0,0.0,0.0,0.0,1.0,0.0,0.0
672171,0.0,0.0,0.0,0.0,0.0,0.0,0.0
672172,0.0,0.0,0.0,0.0,1.0,0.0,0.0
672173,0.0,0.0,0.0,0.0,0.0,0.0,0.0
672176,0.0,0.0,0.0,0.0,1.0,0.0,0.0
672177,0.0,0.0,0.0,0.0,0.0,0.0,0.0
673610,0.0,0.0,0.0,0.0,1.0,0.0,0.0
673611,0.0,0.0,0.0,0.0,0.0,0.0,0.0
676215,0.0,0.0,0.0,0.0,1.0,0.0,0.0
676216,0.0,0.0,0.0,0.0,0.0,0.0,0.0
676217,0.0,0.0,0.0,0.0,1.0,0.0,0.0
676218,0.0,0.0,0.0,0.0,0.0,0.0,0.0
676620,0.0,0.0,0.0,0.0,1.0,0.0,0.0
676623,0.0,0.0,0.0,0.0,0.0,0.0,0.0
676701,0.0,0.0,0.0,0.0,1.0,0.0,0.0
676702,0.0,0.0,0.0,0.0,0.0,0.0,0.0
677504,0.0,0.0,0.0,0.0,1.0,0.0,0.0
677506,0.0,0.0,0.0,0.0,0.0,0.0,0.0
677933,0.0,0.0,0.0,0.0,1.0,0.0,0.0
677934,0.0,0.0,0.0,0.0,0.0,0.0,0.0
677943,0.0,0.0,0.0,0.0,1.0,0.0,0.0
677944,0.0,0.0,0.0,0.0,0.0,0.0,0.0
677946,0.0,0.0,0.0,0.0,1.0,0.0,0.0
677947,0.0,0.0,0.0,0.0,0.0,0.0,0.0
677948,0.0,0.0,0.0,0.0,1.0,0.0,0.0
677949,0.0,0.0,0.0,0.0,0.0,0.0,0.0
678925,0.0,0.0,0.0,0.0,1.0,0.0,0.0
678926,0.0,0.0,0.0,0.0,0.0,0.0,0.0
678928,0.0,0.0,0.0,0.0,1.0,0.0,0.0
678929,0.0,0.0,0.0,0.0,0.0,0.0,0.0
678932,0.0,0.0,0.0,0.0,1.0,0.0,0.0
678933,0.0,0.0,0.0,0.0,0.0,0.0,0.0
679153,0.0,0.0,0.0,0.0,1.0,0.0,0.0
679155,0.0,0.0,0.0,0.0,0.0,0.0,0.0
679156,0.0,0.0,0.0,0.0,1.0,0.0,0.0
679157,0.0,0.0,0.0,0.0,0.0,0.0,0.0
679161,0.0,0.0,0.0,0.0,1.0,0.0,0.0
679162,0.0,0.0,0.0,0.0,0.0,0.0,0.0
680349,0.0,0.0,0.0,0.0,1.0,0.0,0.0
680350,0.0,0.0,0.0,0.0,0.0,0.0,0.0
680352,0.0,0.0,0.0,0.0,1.0,0.0,0.0
680353,0.0,0.0,0.0,0.0,0.0,0.0,0.0
680356,0.0,0.0,0.0,0.0,1.0,0.0,0.0
680360,0.0,0.0,0.0,0.0,0.0,0.0,0.0
680364,0.0,0.0,0.0,0.0,1.0,0.0,0.0
680365,0.0,0.0,0.0,0.0,0.0,0.0,0.0
680368,0.0,0.0,0.0,0.0,1.0,0.0,0.0
680369,0.0,0.0,0.0,0.0,0.0,0.0,0.0
680375,0.0,0.0,0.0,0.0,1.0,0.0,0.0
680377,0.0,0.0,0.0,0.0,0.0,0.0,0.0
680429,0.0,0.0,0.0,0.0,1.0,0.0,0.0
680430,0.0,0.0,0.0,0.0,0.0,0.0,0.0
680432,0.0,0.0,0.0,0.0,1.0,0.0,0.0
680435,0.0,0.0,0.0,0.0,0.0,0.0,0.0
681218,0.0,0.0,0.0,0.0,1.0,0.0,0.0
681219,0.0,0.0,0.0,0.0,0.0,0.0,0.0
681222,0.0,0.0,0.0,0.0,1.0,0.0,0.0
681223,0.0,0.0,0.0,0.0,0.0,0.0,0.0
682024,0.0,0.0,0.0,0.0,1.0,0.0,0.0
682025,0.0,0.0,0.0,0.0,0.0,0.0,0.0
682153,0.0,0.0,0.0,0.0,1.0,0.0,0.0
682155,0.0,0.0,0.0,0.0,2.0,0.0,0.0
682156,0.0,0.0,0.0,0.0,0.0,0.0,0.0
682482,0.0,0.0,0.0,0.0,1.0,0.0,0.0
682483,0.0,0.0,0.0,0.0,0.0,0.0,0.0
682484,0.0,0.0,0.0,0.0,1.0,0.0,0.0
682488,0.0,0.0,0.0,0.0,0.0,0.0,0.0
682493,0.0,0.0,0.0,0.0,1.0,0.0,0.0
682494,0.0,0.0,0.0,0.0,0.0,0.0,0.0
683128,0.0,2.0,0.0,0.0,0.0,1.0,0.0
683129,0.0,0.0,0.0,0.0,0.0,0.0,0.0
683201,0.0,0.0,1.0,0.0,0.0,0.0,0.0
683214,0.0,0.0,2.0,1.0,0.0,0.0,0.0
683215,0.0,0.0,0.0,1.0,0.0,0.0,0.0
683217,0.0,0.0,0.0,0.0,0.0,0.0,0.0
683218,0.0,0.0,0.0,1.0,0.0,0.0,0.0
683219,0.0,0.0,0.0,0.0,0.0,0.0,0.0
683221,0.0,0.0,0.0,1.0,0.0,0.0,0.0
683223,0.0,0.0,0.0,1.0,1.0,0.0,0.0
683224,0.0,0.0,0.0,2.0,1.0,1.0,0.0
683225,0.0,0.0,0.0,0.0,0.0,0.0,0.0
686554,0.0,0.0,1.0,0.0,0.0,0.0,0.0
686581,0.0,0.0,1.0,0.0,1.0,0.0,0.0
686582,0.0,0.0,1.0,0.0,0.0,0.0,0.0
686809,0.0,0.0,0.0,0.0,0.0,0.0,0.0
686842,0.0,0.0,1.0,0.0,0.0,0.0,0.0
686874,0.0,0.0,1.0,0.0,1.0,0.0,0.0
686875,0.0,0.0,1.0,0.0,0.0,0.0,0.0
687026,0.0,0.0,0.0,0.0,0.0,0.0,0.0
687123,0.0,0.0,1.0,0.0,0.0,0.0,0.0
687126,0.0,0.0,0.0,0.0,0.0,0.0,0.0
687127,0.0,0.0,1.0,0.0,0.0,0.0,0.0
687134,0.0,0.0,0.0,0.0,0.0,0.0,0.0
687208,0.0,0.0,1.0,0.0,0.0,0.0,0.0
687209,0.0,0.0,0.0,0.0,0.0,0.0,0.0
687211,0.0,0.0,1.0,0.0,0.0,0.0,0.0
687213,0.0,0.0,0.0,0.0,0.0,0.0,0.0
687216,0.0,0.0,1.0,0.0,0.0,0.0,0.0
687217,0.0,0.0,0.0,0.0,0.0,0.0,0.0
687485,0.0,0.0,1.0,0.0,0.0,0.0,0.0
687488,0.0,0.0,0.0,0.0,0.0,0.0,0.0
687499,0.0,0.0,1.0,0.0,0.0,0.0,0.0
687504,0.0,0.0,0.0,0.0,0.0,0.0,0.0
687506,0.0,0.0,1.0,0.0,0.0,0.0,0.0
687509,0.0,0.0,0.0,0.0,0.0,0.0,0.0
687539,0.0,0.0,1.0,0.0,0.0,0.0,0.0
687550,0.0,0.0,0.0,0.0,0.0,0.0,0.0
687551,0.0,0.0,1.0,0.0,0.0,0.0,0.0
687654,0.0,0.0,0.0,0.0,0.0,0.0,0.0
687656,0.0,0.0,1.0,0.0,0.0,0.0,0.0
687679,0.0,0.0,0.0,0.0,0.0,0.0,0.0
687690,0.0,0.0,1.0,0.0,0.0,0.0,0.0
687692,0.0,0.0,0.0,0.0,0.0,0.0,0.0
687931,0.0,0.0,1.0,0.0,0.0,0.0,0.0
687945,0.0,0.0,0.0,0.0,0.0,0.0,0.0
687946,0.0,0.0,1.0,0.0,0.0,0.0,0.0
688028,0.0,0.0,0.0,0.0,0.0,0.0,0.0
688032,0.0,0.0,1.0,0.0,0.0,0.0,0.0
688033,0.0,0.0,0.0,0.0,0.0,0.0,0.0
688034,0.0,0.0,1.0,0.0,0.0,0.0,0.0
688917,0.0,0.0,0.0,0.0,0.0,0.0,0.0
688945,0.0,0.0,1.0,0.0,0.0,0.0,0.0
688947,0.0,0.0,0.0,0.0,0.0,0.0,0.0
688950,0.0,0.0,1.0,0.0,0.0,0.0,0.0
688951,0.0,0.0,0.0,0.0,0.0,0.0,0.0
688952,0.0,0.0,1.0,0.0,0.0,0.0,0.0
688955,0.0,0.0,0.0,0.0,0.0,0.0,0.0
688957,0.0,0.0,1.0,0.0,0.0,0.0,0.0
689001,0.0,0.0,0.0,0.0,0.0,0.0,0.0
689165,0.0,0.0,1.0,0.0,0.0,0.0,0.0
689167,0.0,0.0,0.0,0.0,0.0,0.0,0.0
689178,0.0,0.0,1.0,0.0,0.0,0.0,0.0
689183,0.0,0.0,0.0,0.0,0.0,0.0,0.0
689184,0.0,0.0,1.0,0.0,0.0,0.0,0.0
689196,0.0,0.0,0.0,0.0,0.0,0.0,0.0
689197,0.0,0.0,1.0,0.0,0.0,0.0,0.0
689237,0.0,0.0,0.0,0.0,0.0,0.0,0.0
689238,0.0,0.0,1.0,0.0,0.0,0.0,0.0
689241,0.0,0.0,0.0,0.0,0.0,0.0,0.0
689243,0.0,0.0,1.0,0.0,0.0,0.0,0.0
689382,0.0,0.0,0.0,0.0,0.0,0.0,0.0
689383,0.0,0.0,1.0,0.0,0.0,0.0,0.0
689412,0.0,0.0,0.0,0.0,0.0,0.0,0.0
689413,0.0,0.0,1.0,0.0,0.0,0.0,0.0
689416,0.0,0.0,0.0,0.0,0.0,0.0,0.0
689427,0.0,0.0,1.0,0.0,0.0,0.0,0.0
689428,0.0,0.0,0.0,0.0,0.0,0.0,0.0
689431,0.0,0.0,1.0,0.0,0.0,0.0,0.0
689432,0.0,0.0,0.0,0.0,0.0,0.0,0.0
689433,0.0,0.0,1.0,0.0,0.0,0.0,0.0
689441,0.0,0.0,0.0,0.0,0.0,0.0,0.0
689493,0.0,0.0,1.0,0.0,0.0,0.0,0.0
689499,0.0,0.0,0.0,0.0,0.0,0.0,0.0
689500,0.0,0.0,1.0,0.0,0.0,0.0,0.0
689503,0.0,0.0,0.0,0.0,0.0,0.0,0.0
689933,0.0,0.0,1.0,0.0,0.0,0.0,0.0
689934,0.0,0.0,1.0,0.0,1.0,0.0,0.0
689935,0.0,0.0,1.0,0.0,0.0,0.0,0.0
690021,0.0,0.0,1.0,0.0,1.0,0.0,0.0
690022,0.0,0.0,1.0,0.0,0.0,0.0,0.0
690291,0.0,0.0,0.0,0.0,0.0,0.0,0.0
690298,0.0,0.0,1.0,0.0,0.0,0.0,0.0
690299,0.0,0.0,0.0,0.0,0.0,0.0,0.0
690317,0.0,0.0,1.0,0.0,0.0,0.0,0.0
691361,0.0,0.0,1.0,0.0,1.0,0.0,0.0
691362,0.0,0.0,1.0,0.0,0.0,0.0,0.0
691366,0.0,0.0,1.0,0.0,1.0,0.0,0.0
691371,0.0,0.0,1.0,0.0,0.0,0.0,0.0
691539,0.0,0.0,1.0,0.0,1.0,0.0,0.0
691540,0.0,0.0,1.0,0.0,0.0,0.0,0.0
692767,0.0,0.0,1.0,0.0,1.0,0.0,0.0
692768,0.0,0.0,1.0,0.0,0.0,0.0,0.0
693049,0.0,0.0,1.0,0.0,1.0,0.0,0.0
693050,0.0,0.0,1.0,0.0,0.0,0.0,0.0
693058,0.0,2.0,1.0,0.0,0.0,0.0,0.0
693059,0.0,0.0,1.0,0.0,1.0,0.0,0.0
693060,0.0,0.0,1.0,0.0,0.0,0.0,0.0
694581,0.0,0.0,1.0,0.0,1.0,0.0,0.0
694582,0.0,0.0,1.0,0.0,0.0,0.0,0.0
694599,0.0,0.0,1.0,0.0,1.0,0.0,0.0
694604,0.0,0.0,1.0,0.0,0.0,0.0,0.0
694605,0.0,0.0,1.0,0.0,1.0,0.0,0.0
694606,0.0,0.0,1.0,0.0,0.0,0.0,0.0
694607,0.0,0.0,1.0,0.0,1.0,0.0,0.0
694608,0.0,0.0,1.0,0.0,0.0,0.0,0.0
694611,0.0,0.0,1.0,0.0,1.0,0.0,0.0
694618,0.0,0.0,1.0,0.0,2.0,0.0,0.0
694619,0.0,0.0,1.0,0.0,0.0,0.0,0.0
695839,0.0,0.0,1.0,0.0,1.0,0.0,0.0
695840,0.0,0.0,1.0,0.0,0.0,0.0,0.0
697651,0.0,0.0,1.0,0.0,1.0,0.0,0.0
697652,0.0,0.0,1.0,0.0,0.0,0.0,0.0
697653,0.0,0.0,1.0,0.0,1.0,0.0,0.0
697654,0.0,0.0,1.0,0.0,0.0,0.0,0.0
697656,0.0,0.0,1.0,0.0,1.0,0.0,0.0
697657,0.0,0.0,1.0,0.0,0.0,0.0,0.0
697663,0.0,0.0,1.0,0.0,1.0,0.0,0.0
697668,0.0,0.0,1.0,0.0,0.0,0.0,0.0
702727,0.0,0.0,1.0,0.0,1.0,0.0,0.0
702730,0.0,0.0,1.0,0.0,0.0,0.0,0.0
702731,0.0,0.0,1.0,0.0,1.0,0.0,0.0
702737,0.0,0.0,1.0,0.0,0.0,0.0,0.0
703626,0.0,0.0,0.0,0.0,0.0,0.0,0.0
703642,0.0,0.0,1.0,0.0,0.0,0.0,0.0
703643,0.0,0.0,0.0,0.0,0.0,0.0,0.0
703654,0.0,0.0,1.0,0.0,0.0,0.0,0.0
703655,0.0,0.0,0.0,0.0,0.0,0.0,0.0
704626,0.0,0.0,0.0,0.0,1.0,0.0,0.0
704628,0.0,0.0,0.0,0.0,2.0,0.0,0.0
704629,0.0,0.0,0.0,0.0,0.0,0.0,0.0
707351,0.0,0.0,0.0,0.0,1.0,0.0,0.0
707352,0.0,0.0,0.0,0.0,0.0,0.0,0.0
708762,0.0,0.0,0.0,0.0,1.0,0.0,0.0
708763,0.0,0.0,0.0,0.0,0.0,0.0,0.0
708765,0.0,0.0,0.0,0.0,1.0,0.0,0.0
708766,0.0,0.0,0.0,0.0,0.0,0.0,0.0
709189,0.0,0.0,0.0,0.0,1.0,0.0,0.0
709190,0.0,0.0,0.0,0.0,0.0,0.0,0.0
709191,0.0,0.0,0.0,0.0,1.0,0.0,0.0
709193,0.0,0.0,0.0,0.0,0.0,0.0,0.0
709371,0.0,0.0,0.0,0.0,1.0,0.0,0.0
709372,0.0,0.0,0.0,0.0,0.0,0.0,0.0
710521,0.0,0.0,0.0,0.0,1.0,0.0,0.0
710522,0.0,0.0,0.0,0.0,0.0,0.0,0.0
712638,0.0,0.0,0.0,0.0,1.0,0.0,0.0
712639,0.0,0.0,0.0,0.0,0.0,0.0,0.0
712640,0.0,0.0,0.0,0.0,1.0,0.0,0.0
712644,0.0,0.0,0.0,0.0,0.0,0.0,0.0
715121,0.0,0.0,0.0,1.0,0.0,0.0,0.0
715122,0.0,0.0,0.0,0.0,0.0,0.0,0.0
715353,0.0,0.0,0.0,0.0,1.0,0.0,0.0
715354,0.0,0.0,0.0,0.0,0.0,0.0,0.0
716083,0.0,0.0,0.0,1.0,0.0,0.0,0.0
716084,0.0,0.0,0.0,0.0,0.0,0.0,0.0
717478,0.0,0.0,0.0,0.0,1.0,0.0,0.0
717479,0.0,0.0,0.0,0.0,0.0,0.0,0.0
717480,0.0,0.0,0.0,0.0,1.0,0.0,0.0
717481,0.0,0.0,0.0,0.0,0.0,0.0,0.0
718132,0.0,0.0,0.0,0.0,1.0,0.0,0.0
718135,0.0,0.0,0.0,0.0,0.0,0.0,0.0
718838,0.0,0.0,0.0,0.0,1.0,0.0,0.0
718842,0.0,0.0,0.0,0.0,0.0,0.0,0.0
719003,0.0,0.0,0.0,0.0,1.0,0.0,0.0
719005,0.0,0.0,0.0,0.0,2.0,0.0,0.0
719006,0.0,0.0,0.0,0.0,0.0,0.0,0.0
719228,0.0,0.0,0.0,0.0,1.0,0.0,0.0
719229,0.0,0.0,0.0,0.0,0.0,0.0,0.0
719230,0.0,0.0,0.0,0.0,1.0,0.0,0.0
719232,0.0,0.0,0.0,0.0,0.0,0.0,0.0
719233,0.0,0.0,0.0,0.0,1.0,0.0,0.0
719234,0.0,0.0,0.0,0.0,0.0,0.0,0.0
719236,0.0,0.0,0.0,0.0,1.0,0.0,0.0
719237,0.0,0.0,0.0,0.0,0.0,0.0,0.0
719239,0.0,0.0,0.0,0.0,1.0,0.0,0.0
719240,0.0,0.0,0.0,0.0,0.0,0.0,0.0
723210,0.0,0.0,0.0,0.0,1.0,0.0,0.0
723213,0.0,0.0,0.0,0.0,0.0,0.0,0.0
723214,0.0,0.0,0.0,0.0,1.0,0.0,0.0
723216,0.0,0.0,0.0,0.0,0.0,0.0,0.0
726472,0.0,0.0,0.0,1.0,0.0,0.0,0.0
726473,0.0,0.0,0.0,0.0,0.0,0.0,0.0
729037,0.0,0.0,0.0,0.0,1.0,0.0,0.0
729038,0.0,0.0,0.0,0.0,0.0,0.0,0.0
732067,0.0,0.0,0.0,0.0,1.0,0.0,0.0
732068,0.0,0.0,0.0,0.0,0.0,0.0,0.0
732954,0.0,0.0,0.0,0.0,1.0,0.0,0.0
732956,0.0,0.0,0.0,0.0,0.0,0.0,0.0
735842,0.0,0.0,0.0,0.0,1.0,0.0,0.0
735845,0.0,0.0,0.0,0.0,2.0,0.0,0.0
735846,0.0,0.0,0.0,0.0,0.0,0.0,0.0
736149,0.0,0.0,0.0,0.0,1.0,0.0,0.0
736150,0.0,0.0,0.0,0.0,0.0,0.0,0.0
736151,0.0,0.0,0.0,0.0,1.0,0.0,0.0
736152,0.0,0.0,0.0,0.0,0.0,0.0,0.0
736153,0.0,0.0,0.0,0.0,1.0,0.0,0.0
736154,0.0,0.0,0.0,0.0,0.0,0.0,0.0
736156,0.0,0.0,0.0,0.0,1.0,0.0,0.0
736157,0.0,0.0,0.0,0.0,0.0,0.0,0.0
736330,0.0,0.0,0.0,0.0,1.0,0.0,0.0
736334,0.0,0.0,0.0,0.0,0.0,0.0,0.0
738976,0.0,0.0,0.0,0.0,1.0,0.0,0.0
738980,0.0,0.0,0.0,0.0,0.0,0.0,0.0
739416,0.0,0.0,0.0,0.0,1.0,0.0,0.0
739417,0.0,0.0,0.0,0.0,0.0,0.0,0.0
739914,0.0,0.0,0.0,0.0,1.0,0.0,0.0
739915,0.0,0.0,0.0,0.0,0.0,0.0,0.0
740461,0.0,0.0,0.0,0.0,1.0,0.0,0.0
740462,0.0,0.0,0.0,0.0,0.0,0.0,0.0
741675,0.0,0.0,0.0,0.0,1.0,0.0,0.0
741676,0.0,0.0,0.0,0.0,0.0,0.0,0.0
741680,0.0,0.0,0.0,0.0,1.0,0.0,0.0
741681,0.0,0.0,0.0,0.0,0.0,0.0,0.0
742636,0.0,0.0,0.0,0.0,1.0,0.0,0.0
742638,0.0,0.0,0.0,0.0,0.0,0.0,0.0
745002,0.0,0.0,0.0,0.0,1.0,0.0,0.0
745003,0.0,0.0,0.0,0.0,0.0,0.0,0.0
746882,0.0,0.0,0.0,0.0,1.0,0.0,0.0
746883,0.0,0.0,0.0,0.0,2.0,0.0,0.0
746884,0.0,0.0,0.0,0.0,0.0,0.0,0.0
749171,0.0,0.0,0.0,0.0,1.0,0.0,0.0
749172,0.0,0.0,0.0,0.0,0.0,0.0,0.0
749174,0.0,0.0,0.0,0.0,1.0,0.0,0.0
749175,0.0,0.0,0.0,0.0,0.0,0.0,0.0
749180,0.0,0.0,0.0,0.0,1.0,0.0,0.0
749182,0.0,0.0,0.0,0.0,2.0,0.0,0.0
749183,0.0,0.0,0.0,0.0,0.0,0.0,0.0
750070,0.0,0.0,0.0,0.0,1.0,0.0,0.0
750071,0.0,0.0,0.0,0.0,0.0,0.0,0.0
750073,0.0,0.0,0.0,0.0,1.0,0.0,0.0
750074,0.0,0.0,0.0,0.0,0.0,0.0,0.0
751169,0.0,0.0,0.0,0.0,1.0,0.0,0.0
751170,0.0,0.0,0.0,0.0,0.0,0.0,0.0
751173,0.0,0.0,0.0,0.0,1.0,0.0,0.0
751174,0.0,0.0,0.0,0.0,2.0,0.0,0.0
751175,0.0,0.0,0.0,0.0,0.0,0.0,0.0
752865,0.0,0.0,0.0,0.0,1.0,0.0,0.0
752866,0.0,0.0,0.0,0.0,0.0,0.0,0.0
755793,0.0,0.0,0.0,0.0,1.0,0.0,0.0
755794,0.0,0.0,0.0,0.0,0.0,0.0,0.0
757403,0.0,0.0,0.0,0.0,1.0,0.0,0.0
757406,0.0,0.0,0.0,0.0,0.0,0.0,0.0
757408,0.0,0.0,0.0,0.0,1.0,0.0,0.0
757409,0.0,0.0,0.0,0.0,0.0,0.0,0.0
757927,0.0,0.0,0.0,0.0,1.0,0.0,0.0
757928,0.0,0.0,0.0,0.0,0.0,0.0,0.0
758340,0.0,0.0,0.0,0.0,1.0,0.0,0.0
758341,0.0,0.0,0.0,0.0,0.0,0.0,0.0
758342,0.0,0.0,0.0,0.0,1.0,0.0,0.0
758343,0.0,0.0,0.0,0.0,0.0,0.0,0.0
758344,0.0,0.0,0.0,0.0,1.0,0.0,0.0
758346,0.0,0.0,0.0,0.0,0.0,0.0,0.0
761290,0.0,0.0,0.0,0.0,1.0,0.0,0.0
761293,0.0,0.0,0.0,0.0,0.0,0.0,0.0
761873,0.0,0.0,0.0,0.0,1.0,0.0,0.0
761874,0.0,0.0,0.0,0.0,0.0,0.0,0.0
766763,0.0,0.0,0.0,0.0,1.0,0.0,0.0
766764,0.0,0.0,0.0,0.0,0.0,0.0,0.0
770600,0.0,0.0,0.0,0.0,1.0,0.0,0.0
770602,0.0,0.0,0.0,0.0,0.0,0.0,0.0
770606,0.0,0.0,0.0,0.0,1.0,0.0,0.0
770609,0.0,0.0,0.0,0.0,0.0,0.0,0.0
770611,0.0,0.0,0.0,0.0,1.0,0.0,0.0
770612,0.0,0.0,0.0,0.0,0.0,0.0,0.0
770614,0.0,0.0,0.0,0.0,1.0,0.0,0.0
770615,0.0,0.0,0.0,0.0,0.0,0.0,0.0
770951,0.0,0.0,0.0,0.0,1.0,0.0,0.0
770952,0.0,0.0,0.0,0.0,0.0,0.0,0.0
770953,0.0,0.0,0.0,0.0,1.0,0.0,0.0
770954,0.0,0.0,0.0,0.0,0.0,0.0,0.0
770958,0.0,0.0,0.0,0.0,1.0,0.0,0.0
770960,0.0,0.0,0.0,0.0,0.0,0.0,0.0
771380,0.0,0.0,0.0,0.0,1.0,0.0,0.0
771381,0.0,0.0,0.0,0.0,0.0,0.0,0.0
771392,0.0,0.0,0.0,0.0,1.0,0.0,0.0
771393,0.0,0.0,0.0,0.0,0.0,0.0,0.0
772112,0.0,0.0,0.0,0.0,1.0,0.0,0.0
772113,0.0,0.0,0.0,0.0,0.0,0.0,0.0
772512,0.0,0.0,0.0,0.0,1.0,0.0,0.0
772514,0.0,0.0,0.0,0.0,0.0,0.0,0.0
773396,0.0,0.0,0.0,0.0,1.0,0.0,0.0
773397,0.0,0.0,0.0,0.0,0.0,0.0,0.0
773398,0.0,0.0,0.0,0.0,1.0,0.0,0.0
773400,0.0,0.0,0.0,0.0,0.0,0.0,0.0
773402,0.0,0.0,0.0,0.0,1.0,0.0,0.0
773403,0.0,0.0,0.0,0.0,0.0,0.0,0.0
773404,0.0,0.0,0.0,0.0,1.0,0.0,0.0
773405,0.0,0.0,0.0,0.0,0.0,0.0,0.0
776708,0.0,0.0,0.0,0.0,1.0,0.0,0.0
776710,0.0,0.0,0.0,0.0,0.0,0.0,0.0
778416,0.0,0.0,0.0,0.0,1.0,0.0,0.0
778417,0.0,0.0,0.0,0.0,0.0,0.0,0.0
780182,0.0,0.0,0.0,0.0,1.0,0.0,0.0
780183,0.0,0.0,0.0,0.0,0.0,0.0,0.0
780191,0.0,0.0,0.0,0.0,1.0,0.0,0.0
780192,0.0,0.0,0.0,0.0,0.0,0.0,0.0
782303,0.0,0.0,0.0,0.0,1.0,0.0,0.0
782304,0.0,0.0,0.0,0.0,0.0,0.0,0.0
782309,0.0,0.0,0.0,0.0,1.0,0.0,0.0
782310,0.0,0.0,0.0,0.0,0.0,0.0,0.0
783135,0.0,0.0,0.0,0.0,1.0,0.0,0.0
783136,0.0,0.0,0.0,0.0,0.0,0.0,0.0
783297,0.0,0.0,0.0,0.0,1.0,0.0,0.0
783298,0.0,0.0,0.0,0.0,0.0,0.0,0.0
783788,0.0,0.0,0.0,0.0,1.0,0.0,0.0
783789,0.0,0.0,0.0,0.0,0.0,0.0,0.0
783790,0.0,0.0,0.0,0.0,1.0,0.0,0.0
783792,0.0,0.0,0.0,0.0,0.0,0.0,0.0
783802,0.0,0.0,0.0,0.0,1.0,0.0,0.0
783804,0.0,0.0,0.0,0.0,0.0,0.0,0.0
784165,0.0,0.0,0.0,0.0,1.0,0.0,0.0
784166,0.0,0.0,0.0,0.0,0.0,0.0,0.0
784168,0.0,0.0,0.0,0.0,1.0,0.0,0.0
784169,0.0,0.0,0.0,0.0,0.0,0.0,0.0
784505,0.0,0.0,0.0,0.0,1.0,0.0,0.0
784506,0.0,0.0,0.0,0.0,0.0,0.0,0.0
784507,0.0,0.0,0.0,0.0,1.0,0.0,0.0
784509,0.0,0.0,0.0,0.0,0.0,0.0,0.0
784510,0.0,0.0,0.0,0.0,1.0,0.0,0.0
784511,0.0,0.0,0.0,0.0,0.0,0.0,0.0
784512,0.0,0.0,0.0,0.0,1.0,0.0,0.0
784514,0.0,0.0,0.0,0.0,0.0,0.0,0.0
784516,0.0,0.0,0.0,0.0,1.0,0.0,0.0
784517,0.0,0.0,0.0,0.0,0.0,0.0,0.0
784518,0.0,0.0,0.0,0.0,1.0,0.0,0.0
784519,0.0,0.0,0.0,0.0,0.0,0.0,0.0
784521,0.0,0.0,0.0,0.0,1.0,0.0,0.0
784522,0.0,0.0,0.0,0.0,0.0,0.0,0.0
784523,0.0,0.0,0.0,0.0,1.0,0.0,0.0
784527,0.0,0.0,0.0,0.0,0.0,0.0,0.0
784530,0.0,0.0,0.0,0.0,1.0,0.0,0.0
784532,0.0,0.0,0.0,0.0,0.0,0.0,0.0
784534,0.0,0.0,0.0,0.0,1.0,0.0,0.0
784535,0.0,0.0,0.0,0.0,0.0,0.0,0.0
785243,0.0,0.0,0.0,0.0,1.0,0.0,0.0
785244,0.0,0.0,0.0,0.0,0.0,0.0,0.0
785245,0.0,0.0,0.0,0.0,1.0,0.0,0.0
785246,0.0,0.0,0.0,0.0,0.0,0.0,0.0
785247,0.0,0.0,0.0,0.0,1.0,0.0,0.0
785248,0.0,0.0,0.0,0.0,2.0,0.0,0.0
785249,0.0,0.0,0.0,0.0,0.0,0.0,0.0
786672,0.0,0.0,0.0,0.0,1.0,0.0,0.0
786673,0.0,0.0,0.0,0.0,0.0,0.0,0.0
786674,0.0,0.0,0.0,0.0,1.0,0.0,0.0
786675,0.0,0.0,0.0,0.0,0.0,0.0,0.0
786679,0.0,0.0,0.0,0.0,1.0,0.0,0.0
786681,0.0,0.0,0.0,0.0,0.0,0.0,0.0
787695,0.0,0.0,0.0,0.0,1.0,0.0,0.0
787696,0.0,0.0,0.0,0.0,0.0,0.0,0.0
789083,0.0,0.0,0.0,0.0,1.0,0.0,0.0
789084,0.0,0.0,0.0,0.0,0.0,0.0,0.0
793119,0.0,0.0,0.0,0.0,1.0,0.0,0.0
793120,0.0,0.0,0.0,0.0,0.0,0.0,0.0
793122,0.0,0.0,0.0,0.0,1.0,0.0,0.0
793123,0.0,0.0,0.0,0.0,0.0,0.0,0.0
796592,0.0,0.0,0.0,0.0,1.0,0.0,0.0
796593,0.0,0.0,0.0,0.0,0.0,0.0,0.0
798410,0.0,0.0,0.0,0.0,1.0,0.0,0.0
798411,0.0,0.0,0.0,0.0,0.0,0.0,0.0
800000,0.0,0.0,0.0,0.0,0.0,0.0,1.0
800001,0.0,0.0,0.0,0.0,0.0,0.0,0.0
800529,0.0,0.0,0.0,0.0,1.0,0.0,0.0
800530,0.0,0.0,0.0,0.0,0.0,0.0,0.0
800531,0.0,0.0,0.0,0.0,1.0,0.0,0.0
800532,0.0,0.0,0.0,0.0,0.0,0.0,0.0
800541,0.0,0.0,0.0,0.0,1.0,0.0,0.0
800543,0.0,0.0,0.0,0.0,0.0,0.0,0.0
800544,0.0,0.0,0.0,0.0,1.0,0.0,0.0
800545,0.0,0.0,0.0,0.0,0.0,0.0,0.0
800546,0.0,0.0,0.0,0.0,1.0,0.0,0.0
800549,0.0,0.0,0.0,0.0,2.0,0.0,0.0
800550,0.0,0.0,0.0,0.0,0.0,0.0,0.0
801246,0.0,2.0,0.0,0.0,0.0,1.0,0.0
801247,0.0,0.0,0.0,0.0,0.0,0.0,0.0
801329,0.0,0.0,1.0,0.0,0.0,0.0,0.0
801331,0.0,0.0,0.0,0.0,0.0,0.0,0.0
801332,0.0,0.0,1.0,0.0,0.0,0.0,0.0
801335,0.0,0.0,0.0,0.0,0.0,0.0,0.0
801356,0.0,0.0,1.0,0.0,0.0,0.0,0.0
801365,0.0,0.0,0.0,0.0,0.0,0.0,0.0
801376,0.0,0.0,1.0,0.0,0.0,0.0,0.0
801377,0.0,0.0,0.0,0.0,0.0,0.0,0.0
801378,0.0,0.0,1.0,0.0,0.0,0.0,0.0
801403,0.0,0.0,0.0,0.0,0.0,0.0,0.0
801406,0.0,0.0,1.0,0.0,0.0,0.0,0.0
801407,0.0,0.0,0.0,0.0,0.0,0.0,0.0
801568,0.0,0.0,1.0,0.0,0.0,0.0,0.0
801569,0.0,0.0,0.0,0.0,0.0,0.0,0.0
801983,0.0,0.0,0.0,0.0,1.0,0.0,0.0
801984,0.0,0.0,0.0,0.0,0.0,0.0,0.0
802481,0.0,0.0,1.0,0.0,0.0,0.0,0.0
802484,0.0,0.0,0.0,0.0,0.0,0.0,0.0
802491,0.0,0.0,1.0,0.0,0.0,0.0,0.0
802492,0.0,0.0,0.0,0.0,0.0,0.0,0.0
802502,0.0,0.0,1.0,0.0,0.0,0.0,0.0
802521,0.0,0.0,0.0,0.0,0.0,0.0,0.0
802579,0.0,0.0,1.0,0.0,0.0,0.0,0.0
802603,0.0,0.0,1.0,0.0,1.0,0.0,0.0
802604,0.0,0.0,1.0,0.0,0.0,0.0,0.0
802605,0.0,0.0,1.0,0.0,1.0,0.0,0.0
802606,0.0,0.0,1.0,0.0,0.0,0.0,0.0
802728,0.0,0.0,1.0,0.0,1.0,0.0,0.0
802729,0.0,0.0,1.0,0.0,0.0,0.0,0.0
803284,0.0,0.0,0.0,0.0,0.0,0.0,0.0
803287,0.0,0.0,1.0,0.0,0.0,0.0,0.0
803296,0.0,0.0,0.0,0.0,0.0,0.0,0.0
803298,0.0,0.0,1.0,0.0,0.0,0.0,0.0
803562,0.0,0.0,0.0,0.0,0.0,0.0,0.0
803608,0.0,0.0,1.0,0.0,0.0,0.0,0.0
803614,0.0,0.0,1.0,0.0,1.0,0.0,0.0
803618,0.0,0.0,1.0,1.0,2.0,0.0,0.0
803619,0.0,0.0,1.0,0.0,0.0,0.0,0.0
803620,0.0,0.0,1.0,1.0,0.0,0.0,0.0
803621,0.0,0.0,1.0,0.0,0.0,0.0,0.0
803641,0.0,0.0,1.0,1.0,0.0,0.0,0.0
803648,0.0,0.0,1.0,0.0,0.0,0.0,0.0
803691,0.0,0.0,1.0,1.0,0.0,0.0,0.0
803692,0.0,0.0,1.0,0.0,0.0,0.0,0.0
803693,0.0,0.0,1.0,1.0,0.0,0.0,0.0
803701,0.0,0.0,1.0,0.0,0.0,0.0,0.0
803702,0.0,0.0,1.0,1.0,0.0,0.0,0.0
803713,0.0,0.0,1.0,2.0,0.0,1.0,0.0
803714,0.0,0.0,0.0,0.0,0.0,0.0,0.0
803762,0.0,0.0,1.0,0.0,0.0,0.0,0.0
803764,0.0,0.0,0.0,0.0,0.0,0.0,0.0
803790,0.0,0.0,1.0,0.0,0.0,0.0,0.0
803826,0.0,0.0,0.0,0.0,0.0,0.0,0.0
804023,0.0,0.0,1.0,0.0,0.0,0.0,0.0
804024,0.0,0.0,0.0,0.0,0.0,0.0,0.0
804025,0.0,0.0,1.0,0.0,0.0,0.0,0.0
804040,0.0,0.0,0.0,0.0,0.0,0.0,0.0
804050,0.0,0.0,1.0,0.0,0.0,0.0,0.0
804051,0.0,0.0,0.0,0.0,0.0,0.0,0.0
804064,0.0,0.0,1.0,0.0,0.0,0.0,0.0
804121,0.0,0.0,1.0,0.0,1.0,0.0,0.0
804124,0.0,0.0,1.0,0.0,0.0,0.0,0.0
804269,0.0,0.0,0.0,0.0,0.0,0.0,0.0
804276,0.0,0.0,1.0,0.0,0.0,0.0,0.0
804277,0.0,0.0,0.0,0.0,0.0,0.0,0.0
804287,0.0,0.0,1.0,0.0,0.0,0.0,0.0
804289,0.0,0.0,0.0,0.0,0.0,0.0,0.0
804322,0.0,0.0,1.0,0.0,0.0,0.0,0.0
804330,0.0,0.0,1.0,0.0,1.0,0.0,0.0
804331,0.0,0.0,1.0,0.0,0.0,0.0,0.0
804493,0.0,0.0,0.0,0.0,0.0,0.0,0.0
804495,0.0,0.0,1.0,0.0,0.0,0.0,0.0
804497,0.0,0.0,0.0,0.0,0.0,0.0,0.0
804498,0.0,0.0,1.0,0.0,0.0,0.0,0.0
804501,0.0,0.0,0.0,0.0,0.0,0.0,0.0
804502,0.0,0.0,1.0,0.0,0.0,0.0,0.0
804505,0.0,0.0,0.0,0.0,0.0,0.0,0.0
804506,0.0,0.0,1.0,0.0,0.0,0.0,0.0
804513,0.0,0.0,0.0,0.0,0.0,0.0,0.0
804514,0.0,0.0,1.0,0.0,0.0,0.0,0.0
805115,0.0,0.0,1.0,0.0,1.0,0.0,0.0
805116,0.0,0.0,1.0,0.0,0.0,0.0,0.0
805118,0.0,0.0,1.0,0.0,1.0,0.0,0.0
805119,0.0,0.0,1.0,0.0,0.0,0.0,0.0
805120,0.0,0.0,1.0,0.0,1.0,0.0,0.0
805121,0.0,0.0,1.0,0.0,0.0,0.0,0.0
805557,0.0,0.0,0.0,0.0,0.0,0.0,0.0
805563,0.0,0.0,1.0,0.0,0.0,0.0,0.0
805565,0.0,0.0,0.0,0.0,0.0,0.0,0.0
805724,0.0,0.0,0.0,0.0,1.0,0.0,0.0
805728,0.0,0.0,0.0,0.0,0.0,0.0,0.0
806283,0.0,0.0,0.0,0.0,1.0,0.0,0.0
806284,0.0,0.0,0.0,0.0,0.0,0.0,0.0
806391,0.0,0.0,1.0,0.0,0.0,0.0,0.0
806405,0.0,0.0,1.0,0.0,1.0,0.0,0.0
806407,0.0,0.0,1.0,0.0,0.0,0.0,0.0
806424,0.0,0.0,0.0,0.0,0.0,0.0,0.0
806430,0.0,0.0,1.0,0.0,0.0,0.0,0.0
806432,0.0,0.0,0.0,0.0,0.0,0.0,0.0
806435,0.0,0.0,1.0,0.0,0.0,0.0,0.0
806436,0.0,0.0,0.0,0.0,0.0,0.0,0.0
806522,0.0,0.0,1.0,0.0,0.0,0.0,0.0
806525,0.0,0.0,0.0,0.0,0.0,0.0,0.0
806526,0.0,0.0,1.0,0.0,0.0,0.0,0.0
806564,0.0,0.0,0.0,0.0,0.0,0.0,0.0
806565,0.0,0.0,1.0,0.0,0.0,0.0,0.0
806575,0.0,0.0,0.0,0.0,0.0,0.0,0.0
806577,0.0,0.0,1.0,0.0,0.0,0.0,0.0
806579,0.0,0.0,0.0,0.0,0.0,0.0,0.0
806581,0.0,0.0,1.0,0.0,0.0,0.0,0.0
806606,0.0,0.0,0.0,0.0,0.0,0.0,0.0
806607,0.0,0.0,1.0,0.0,0.0,0.0,0.0
806610,0.0,0.0,0.0,0.0,0.0,0.0,0.0
806612,0.0,0.0,1.0,0.0,0.0,0.0,0.0
806614,0.0,0.0,0.0,0.0,0.0,0.0,0.0
806615,0.0,0.0,1.0,0.0,0.0,0.0,0.0
806618,0.0,0.0,0.0,0.0,0.0,0.0,0.0
806702,0.0,0.0,1.0,0.0,0.0,0.0,0.0
806707,0.0,0.0,0.0,0.0,0.0,0.0,0.0
807877,0.0,0.0,0.0,0.0,1.0,0.0,0.0
807880,0.0,0.0,0.0,0.0,0.0,0.0,0.0
807881,0.0,0.0,0.0,0.0,1.0,0.0,0.0
807883,0.0,0.0,0.0,0.0,0.0,0.0,0.0
809284,0.0,0.0,0.0,0.0,1.0,0.0,0.0
809285,0.0,0.0,0.0,0.0,0.0,0.0,0.0
809444,0.0,0.0,0.0,0.0,1.0,0.0,0.0
809445,0.0,0.0,0.0,0.0,0.0,0.0,0.0
809540,0.0,0.0,0.0,0.0,1.0,0.0,0.0
809541,0.0,0.0,0.0,0.0,0.0,0.0,0.0
809542,0.0,0.0,0.0,0.0,1.0,0.0,0.0
809543,0.0,0.0,0.0,0.0,0.0,0.0,0.0
809574,0.0,0.0,0.0,0.0,1.0,0.0,0.0
809575,0.0,0.0,0.0,0.0,0.0,0.0,0.0
809576,0.0,0.0,0.0,0.0,1.0,0.0,0.0
809577,0.0,0.0,0.0,0.0,0.0,0.0,0.0
809578,0.0,0.0,0.0,0.0,1.0,0.0,0.0
809579,0.0,0.0,0.0,0.0,0.0,0.0,0.0
809581,0.0,0.0,0.0,0.0,1.0,0.0,0.0
809584,0.0,0.0,0.0,0.0,0.0,0.0,0.0
810141,0.0,0.0,0.0,0.0,1.0,0.0,0.0
810142,0.0,0.0,0.0,0.0,0.0,0.0,0.0
810143,0.0,0.0,0.0,0.0,1.0,0.0,0.0
810144,0.0,0.0,0.0,0.0,0.0,0.0,0.0
810148,0.0,0.0,0.0,0.0,1.0,0.0,0.0
810153,0.0,0.0,0.0,0.0,0.0,0.0,0.0
810550,0.0,0.0,0.0,0.0,1.0,0.0,0.0
810551,0.0,0.0,0.0,0.0,0.0,0.0,0.0
810554,0.0,0.0,0.0,0.0,1.0,0.0,0.0
810558,0.0,0.0,0.0,0.0,0.0,0.0,0.0
812848,0.0,0.0,0.0,0.0,1.0,0.0,0.0
812851,0.0,0.0,0.0,0.0,0.0,0.0,0.0
814006,0.0,0.0,0.0,0.0,1.0,0.0,0.0
814007,0.0,0.0,0.0,0.0,2.0,0.0,0.0
814008,0.0,0.0,0.0,0.0,0.0,0.0,0.0
814345,0.0,0.0,0.0,0.0,1.0,0.0,0.0
814347,0.0,0.0,0.0,0.0,0.0,0.0,0.0
814353,0.0,0.0,0.0,0.0,1.0,0.0,0.0
814354,0.0,0.0,0.0,0.0,0.0,0.0,0.0
814584,0.0,0.0,0.0,0.0,1.0,0.0,0.0
814585,0.0,0.0,0.0,0.0,0.0,0.0,0.0
814588,0.0,0.0,0.0,0.0,1.0,0.0,0.0
814589,0.0,0.0,0.0,0.0,0.0,0.0,0.0
814591,0.0,0.0,0.0,0.0,1.0,0.0,0.0
814594,0.0,0.0,0.0,0.0,0.0,0.0,0.0
814648,0.0,0.0,0.0,0.0,1.0,0.0,0.0
814649,0.0,0.0,0.0,0.0,0.0,0.0,0.0
814650,0.0,0.0,0.0,0.0,1.0,0.0,0.0
814651,0.0,0.0,0.0,0.0,2.0,0.0,0.0
814652,0.0,0.0,0.0,0.0,0.0,0.0,0.0
816621,0.0,0.0,0.0,0.0,1.0,0.0,0.0
816622,0.0,0.0,0.0,0.0,0.0,0.0,0.0
817220,0.0,0.0,0.0,0.0,1.0,0.0,0.0
817221,0.0,0.0,0.0,0.0,0.0,0.0,0.0
817223,0.0,0.0,0.0,0.0,1.0,0.0,0.0
817228,0.0,0.0,0.0,0.0,0.0,0.0,0.0
817232,0.0,0.0,0.0,0.0,1.0,0.0,0.0
817233,0.0,0.0,0.0,0.0,0.0,0.0,0.0
817247,0.0,0.0,0.0,0.0,1.0,0.0,0.0
817248,0.0,0.0,0.0,0.0,0.0,0.0,0.0
817249,0.0,0.0,0.0,0.0,1.0,0.0,0.0
817255,0.0,0.0,0.0,0.0,0.0,0.0,0.0
818022,0.0,0.0,0.0,0.0,1.0,0.0,0.0
818023,0.0,0.0,0.0,0.0,0.0,0.0,0.0
821542,0.0,0.0,0.0,0.0,1.0,0.0,0.0
821543,0.0,0.0,0.0,0.0,0.0,0.0,0.0
821544,0.0,0.0,0.0,0.0,1.0,0.0,0.0
821545,0.0,0.0,0.0,0.0,0.0,0.0,0.0
821547,0.0,0.0,0.0,0.0,1.0,0.0,0.0
821548,0.0,0.0,0.0,0.0,0.0,0.0,0.0
821549,0.0,0.0,0.0,0.0,1.0,0.0,0.0
821550,0.0,0.0,0.0,0.0,0.0,0.0,0.0
821593,0.0,0.0,0.0,0.0,1.0,0.0,0.0
821594,0.0,0.0,0.0,0.0,0.0,0.0,0.0
821767,0.0,0.0,0.0,0.0,1.0,0.0,0.0
821768,0.0,0.0,0.0,0.0,0.0,0.0,0.0
822217,0.0,0.0,0.0,0.0,1.0,0.0,0.0
822222,0.0,0.0,0.0,0.0,0.0,0.0,0.0
823065,0.0,0.0,0.0,0.0,1.0,0.0,0.0
823066,0.0,0.0,0.0,0.0,0.0,0.0,0.0
823067,0.0,0.0,0.0,0.0,1.0,0.0,0.0
823072,0.0,0.0,0.0,0.0,2.0,0.0,0.0
823073,0.0,0.0,0.0,0.0,0.0,0.0,0.0
823837,0.0,0.0,0.0,0.0,1.0,0.0,0.0
823838,0.0,0.0,0.0,0.0,0.0,0.0,0.0
824149,0.0,0.0,0.0,0.0,1.0,0.0,0.0
824150,0.0,0.0,0.0,0.0,0.0,0.0,0.0
824737,0.0,0.0,0.0,0.0,1.0,0.0,0.0
824739,0.0,0.0,0.0,0.0,2.0,0.0,0.0
824740,0.0,0.0,0.0,1.0,0.0,0.0,0.0
824741,0.0,0.0,0.0,0.0,0.0,0.0,0.0
824753,0.0,0.0,0.0,1.0,0.0,0.0,0.0
824754,0.0,0.0,0.0,0.0,0.0,0.0,0.0
825279,0.0,0.0,0.0,0.0,1.0,0.0,0.0
825283,0.0,0.0,0.0,0.0,0.0,0.0,0.0
825284,0.0,0.0,0.0,0.0,1.0,0.0,0.0
825286,0.0,0.0,0.0,0.0,0.0,0.0,0.0
825287,0.0,0.0,0.0,0.0,1.0,0.0,0.0
825288,0.0,0.0,0.0,0.0,0.0,0.0,0.0
825643,0.0,0.0,0.0,0.0,1.0,0.0,0.0
825647,0.0,0.0,0.0,0.0,0.0,0.0,0.0
825648,0.0,0.0,0.0,0.0,1.0,0.0,0.0
825651,0.0,0.0,0.0,0.0,0.0,0.0,0.0
825804,0.0,0.0,0.0,0.0,1.0,0.0,0.0
825807,0.0,0.0,0.0,0.0,0.0,0.0,0.0
825809,0.0,0.0,0.0,0.0,1.0,0.0,0.0
825810,0.0,0.0,0.0,0.0,0.0,0.0,0.0
826217,0.0,0.0,0.0,0.0,1.0,0.0,0.0
826218,0.0,0.0,0.0,0.0,0.0,0.0,0.0
826491,0.0,0.0,0.0,0.0,1.0,0.0,0.0
826492,0.0,0.0,0.0,0.0,0.0,0.0,0.0
826620,0.0,0.0,0.0,0.0,1.0,0.0,0.0
826621,0.0,0.0,0.0,0.0,0.0,0.0,0.0
827311,0.0,0.0,0.0,0.0,1.0,0.0,0.0
827312,0.0,0.0,0.0,0.0,0.0,0.0,0.0
827668,0.0,0.0,0.0,0.0,1.0,0.0,0.0
827670,0.0,0.0,0.0,0.0,0.0,0.0,0.0
827688,0.0,0.0,0.0,0.0,1.0,0.0,0.0
827693,0.0,0.0,0.0,0.0,0.0,0.0,0.0
827695,0.0,0.0,0.0,0.0,1.0,0.0,0.0
827696,0.0,0.0,0.0,0.0,0.0,0.0,0.0
827838,0.0,0.0,0.0,0.0,1.0,0.0,0.0
827843,0.0,0.0,0.0,0.0,0.0,0.0,0.0
828208,0.0,0.0,0.0,0.0,1.0,0.0,0.0
828212,0.0,0.0,0.0,0.0,0.0,0.0,0.0
828341,0.0,0.0,0.0,0.0,1.0,0.0,0.0
828342,0.0,0.0,0.0,0.0,0.0,0.0,0.0
828348,0.0,0.0,0.0,0.0,1.0,0.0,0.0
828352,0.0,0.0,0.0,0.0,0.0,0.0,0.0
828353,0.0,0.0,0.0,0.0,1.0,0.0,0.0
828354,0.0,0.0,0.0,0.0,0.0,0.0,0.0
829174,0.0,0.0,0.0,0.0,1.0,0.0,0.0
829176,0.0,0.0,0.0,0.0,0.0,0.0,0.0
829302,0.0,0.0,0.0,0.0,1.0,0.0,0.0
829303,0.0,0.0,0.0,0.0,0.0,0.0,0.0
829424,0.0,0.0,0.0,0.0,1.0,0.0,0.0
829425,0.0,0.0,0.0,0.0,0.0,0.0,0.0
829577,0.0,0.0,0.0,0.0,1.0,0.0,0.0
829587,0.0,0.0,0.0,0.0,0.0,0.0,0.0
829684,0.0,0.0,0.0,0.0,1.0,0.0,0.0
829685,0.0,0.0,0.0,0.0,2.0,0.0,0.0
829686,0.0,0.0,0.0,0.0,0.0,0.0,0.0
831872,0.0,0.0,0.0,0.0,1.0,0.0,0.0
831873,0.0,0.0,0.0,0.0,0.0,0.0,0.0
831882,0.0,0.0,0.0,0.0,1.0,0.0,0.0
831883,0.0,0.0,0.0,0.0,0.0,0.0,0.0
831888,0.0,0.0,0.0,0.0,1.0,0.0,0.0
831890,0.0,0.0,0.0,0.0,0.0,0.0,0.0
831995,0.0,0.0,0.0,0.0,1.0,0.0,0.0
831999,0.0,0.0,0.0,0.0,2.0,0.0,0.0
832000,0.0,0.0,0.0,0.0,0.0,0.0,0.0
833780,0.0,0.0,0.0,0.0,1.0,0.0,0.0
833783,0.0,0.0,0.0,0.0,0.0,0.0,0.0
834585,0.0,0.0,0.0,0.0,1.0,0.0,0.0
834590,0.0,0.0,0.0,0.0,2.0,0.0,0.0
834591,0.0,0.0,0.0,0.0,0.0,0.0,0.0
836743,0.0,0.0,0.0,0.0,1.0,0.0,0.0
836744,0.0,0.0,0.0,0.0,0.0,0.0,0.0
836762,0.0,0.0,0.0,0.0,1.0,0.0,0.0
836763,0.0,0.0,0.0,0.0,0.0,0.0,0.0
836783,0.0,0.0,0.0,0.0,1.0,0.0,0.0
836784,0.0,0.0,0.0,0.0,0.0,0.0,0.0
837768,0.0,0.0,0.0,0.0,1.0,0.0,0.0
837769,0.0,0.0,0.0,0.0,0.0,0.0,0.0
837770,0.0,0.0,0.0,0.0,1.0,0.0,0.0
837771,0.0,0.0,0.0,0.0,0.0,0.0,0.0
838447,0.0,0.0,0.0,0.0,1.0,0.0,0.0
838448,0.0,0.0,0.0,0.0,0.0,0.0,0.0
839316,0.0,0.0,0.0,0.0,1.0,0.0,0.0
839317,0.0,0.0,0.0,0.0,0.0,0.0,0.0
839318,0.0,0.0,0.0,0.0,1.0,0.0,0.0
839319,0.0,0.0,0.0,0.0,0.0,0.0,0.0
839401,0.0,0.0,0.0,0.0,1.0,0.0,0.0
839402,0.0,0.0,0.0,0.0,0.0,0.0,0.0
839408,0.0,0.0,0.0,0.0,1.0,0.0,0.0
839411,0.0,0.0,0.0,0.0,0.0,0.0,0.0
839412,0.0,0.0,0.0,0.0,1.0,0.0,0.0
839415,0.0,0.0,0.0,0.0,0.0,0.0,0.0
839419,0.0,0.0,0.0,0.0,1.0,0.0,0.0
839420,0.0,0.0,0.0,0.0,0.0,0.0,0.0
839703,0.0,0.0,0.0,0.0,1.0,0.0,0.0
839704,0.0,0.0,0.0,0.0,0.0,0.0,0.0
840407,0.0,0.0,0.0,0.0,1.0,0.0,0.0
840408,0.0,0.0,0.0,0.0,0.0,0.0,0.0
840789,0.0,0.0,0.0,0.0,1.0,0.0,0.0
840790,0.0,0.0,0.0,0.0,0.0,0.0,0.0
840898,0.0,0.0,0.0,0.0,1.0,0.0,0.0
840902,0.0,0.0,0.0,0.0,2.0,0.0,0.0
840903,0.0,0.0,0.0,0.0,0.0,0.0,0.0
843781,0.0,0.0,0.0,0.0,1.0,0.0,0.0
843785,0.0,0.0,0.0,0.0,0.0,0.0,0.0
843830,0.0,2.0,0.0,0.0,0.0,1.0,0.0
843831,0.0,0.0,0.0,0.0,0.0,0.0,0.0
843923,0.0,0.0,1.0,0.0,0.0,0.0,0.0
843950,0.0,0.0,0.0,0.0,0.0,0.0,0.0
843952,0.0,0.0,1.0,0.0,0.0,0.0,0.0
843953,0.0,0.0,0.0,0.0,0.0,0.0,0.0
843962,0.0,0.0,1.0,0.0,0.0,0.0,0.0
843966,0.0,0.0,0.0,0.0,0.0,0.0,0.0
844058,0.0,0.0,1.0,0.0,0.0,0.0,0.0
844104,0.0,0.0,0.0,0.0,0.0,0.0,0.0
844105,0.0,0.0,1.0,0.0,0.0,0.0,0.0
844107,0.0,0.0,0.0,0.0,0.0,0.0,0.0
845059,0.0,0.0,0.0,0.0,1.0,0.0,0.0
845063,0.0,0.0,0.0,0.0,0.0,0.0,0.0
845064,0.0,0.0,0.0,0.0,1.0,0.0,0.0
845069,0.0,0.0,0.0,0.0,0.0,0.0,0.0
848069,0.0,0.0,1.0,0.0,0.0,0.0,0.0
848070,0.0,0.0,0.0,0.0,0.0,0.0,0.0
848072,0.0,0.0,1.0,0.0,0.0,0.0,0.0
848074,0.0,0.0,0.0,0.0,0.0,0.0,0.0
848077,0.0,0.0,1.0,0.0,0.0,0.0,0.0
848078,0.0,0.0,0.0,0.0,0.0,0.0,0.0
848100,0.0,0.0,1.0,0.0,0.0,0.0,0.0
848102,0.0,0.0,0.0,0.0,0.0,0.0,0.0
848109,0.0,0.0,1.0,0.0,0.0,0.0,0.0
848110,0.0,0.0,0.0,0.0,0.0,0.0,0.0
848111,0.0,0.0,1.0,0.0,0.0,0.0,0.0
848119,0.0,0.0,0.0,0.0,0.0,0.0,0.0
848120,0.0,0.0,1.0,0.0,0.0,0.0,0.0
848155,0.0,0.0,0.0,0.0,0.0,0.0,0.0
848158,0.0,0.0,1.0,0.0,0.0,0.0,0.0
848200,0.0,0.0,0.0,0.0,0.0,0.0,0.0
848201,0.0,0.0,1.0,0.0,0.0,0.0,0.0
848208,0.0,0.0,0.0,0.0,0.0,0.0,0.0
848219,0.0,0.0,1.0,0.0,0.0,0.0,0.0
848220,0.0,0.0,0.0,0.0,0.0,0.0,0.0
848332,0.0,0.0,1.0,0.0,0.0,0.0,0.0
848333,0.0,0.0,0.0,0.0,0.0,0.0,0.0
848334,0.0,0.0,1.0,0.0,0.0,0.0,0.0
848370,0.0,0.0,0.0,0.0,0.0,0.0,0.0
848525,0.0,0.0,1.0,0.0,0.0,0.0,0.0
848527,0.0,0.0,0.0,0.0,0.0,0.0,0.0
848532,0.0,0.0,1.0,0.0,0.0,0.0,0.0
848540,0.0,0.0,0.0,0.0,0.0,0.0,0.0
848543,0.0,0.0,1.0,0.0,0.0,0.0,0.0
848544,0.0,0.0,0.0,0.0,0.0,0.0,0.0
848549,0.0,0.0,1.0,0.0,0.0,0.0,0.0
848552,0.0,0.0,0.0,0.0,0.0,0.0,0.0
848562,0.0,0.0,1.0,0.0,0.0,0.0,0.0
848564,0.0,0.0,0.0,0.0,0.0,0.0,0.0
848602,0.0,0.0,1.0,0.0,0.0,0.0,0.0
848604,0.0,0.0,0.0,0.0,0.0,0.0,0.0
848618,0.0,0.0,1.0,0.0,0.0,0.0,0.0
848645,0.0,0.0,0.0,0.0,0.0,0.0,0.0
848684,0.0,0.0,1.0,0.0,0.0,0.0,0.0
848685,0.0,0.0,0.0,0.0,0.0,0.0,0.0
848686,0.0,0.0,1.0,0.0,0.0,0.0,0.0
848765,0.0,0.0,1.0,0.0,1.0,0.0,0.0
848768,0.0,0.0,1.0,0.0,0.0,0.0,0.0
848769,0.0,0.0,1.0,0.0,1.0,0.0,0.0
848771,0.0,0.0,1.0,0.0,0.0,0.0,0.0
849712,0.0,0.0,0.0,0.0,0.0,0.0,0.0
849715,0.0,0.0,1.0,0.0,0.0,0.0,0.0
849801,0.0,0.0,0.0,0.0,0.0,0.0,0.0
849860,0.0,0.0,1.0,0.0,0.0,0.0,0.0
849862,0.0,0.0,0.0,0.0,0.0,0.0,0.0
849863,0.0,0.0,1.0,0.0,0.0,0.0,0.0
849866,0.0,0.0,0.0,0.0,0.0,0.0,0.0
849896,0.0,0.0,1.0,0.0,0.0,0.0,0.0
849898,0.0,0.0,0.0,0.0,0.0,0.0,0.0
849899,0.0,0.0,1.0,0.0,0.0,0.0,0.0
850177,0.0,0.0,1.0,0.0,1.0,0.0,0.0
850180,0.0,0.0,1.0,0.0,2.0,0.0,0.0
850181,0.0,0.0,1.0,0.0,0.0,0.0,0.0
850957,0.0,2.0,1.0,0.0,0.0,0.0,0.0
850958,0.0,0.0,1.0,0.0,0.0,0.0,0.0
853238,0.0,0.0,1.0,0.0,1.0,0.0,0.0
853239,0.0,0.0,1.0,0.0,0.0,0.0,0.0
853242,0.0,0.0,1.0,0.0,1.0,0.0,0.0
853245,0.0,0.0,1.0,0.0,2.0,0.0,0.0
853246,0.0,0.0,1.0,0.0,0.0,0.0,0.0
853976,0.0,0.0,1.0,0.0,1.0,0.0,0.0
853977,0.0,0.0,1.0,0.0,0.0,0.0,0.0
854227,0.0,0.0,2.0,0.0,0.0,0.0,0.0
854228,0.0,0.0,0.0,0.0,0.0,0.0,0.0
854284,0.0,0.0,1.0,0.0,0.0,0.0,0.0
854286,0.0,0.0,0.0,0.0,0.0,0.0,0.0
854287,0.0,0.0,1.0,0.0,0.0,0.0,0.0
854291,0.0,0.0,0.0,0.0,0.0,0.0,0.0
854294,0.0,0.0,1.0,0.0,0.0,0.0,0.0
854428,0.0,0.0,0.0,0.0,0.0,0.0,0.0
854431,0.0,0.0,1.0,0.0,0.0,0.0,0.0
854437,0.0,0.0,0.0,0.0,0.0,0.0,0.0
854439,0.0,0.0,1.0,0.0,0.0,0.0,0.0
854441,0.0,0.0,0.0,0.0,0.0,0.0,0.0
854443,0.0,0.0,1.0,0.0,0.0,0.0,0.0
856118,0.0,0.0,1.0,0.0,1.0,0.0,0.0
856119,0.0,0.0,1.0,0.0,0.0,0.0,0.0
856581,0.0,0.0,1.0,0.0,1.0,0.0,0.0
856582,0.0,0.0,1.0,0.0,0.0,0.0,0.0
856927,0.0,0.0,1.0,0.0,1.0,0.0,0.0
856928,0.0,0.0,1.0,0.0,0.0,0.0,0.0
858639,0.0,0.0,1.0,0.0,1.0,0.0,0.0
858640,0.0,0.0,1.0,0.0,0.0,0.0,0.0
858641,0.0,0.0,1.0,0.0,1.0,0.0,0.0
858642,0.0,0.0,1.0,0.0,0.0,0.0,0.0
861755,0.0,0.0,1.0,0.0,1.0,0.0,0.0
861758,0.0,0.0,1.0,0.0,2.0,0.0,0.0
861759,0.0,0.0,1.0,0.0,0.0,0.0,0.0
861883,0.0,0.0,1.0,0.0,1.0,0.0,0.0
861886,0.0,0.0,1.0,0.0,0.0,0.0,0.0
861908,0.0,0.0,1.0,0.0,1.0,0.0,0.0
861909,0.0,0.0,1.0,0.0,0.0,0.0,0.0
861910,0.0,0.0,1.0,0.0,1.0,0.0,0.0
861911,0.0,0.0,1.0,0.0,0.0,0.0,0.0
862077,0.0,0.0,1.0,0.0,1.0,0.0,0.0
862078,0.0,0.0,1.0,0.0,0.0,0.0,0.0
862758,0.0,0.0,1.0,0.0,1.0,0.0,0.0
862759,0.0,0.0,1.0,0.0,0.0,0.0,0.0
864502,0.0,0.0,1.0,0.0,1.0,0.0,0.0
864503,0.0,0.0,1.0,0.0,0.0,0.0,0.0
864668,0.0,0.0,1.0,0.0,1.0,0.0,0.0
864669,0.0,0.0,1.0,0.0,0.0,0.0,0.0
864670,0.0,0.0,1.0,0.0,1.0,0.0,0.0
864671,0.0,0.0,1.0,0.0,0.0,0.0,0.0
868931,0.0,0.0,1.0,0.0,1.0,0.0,0.0
868936,0.0,0.0,1.0,0.0,0.0,0.0,0.0
869566,0.0,0.0,1.0,0.0,1.0,0.0,0.0
869567,0.0,0.0,1.0,0.0,0.0,0.0,0.0
869569,0.0,0.0,1.0,0.0,1.0,0.0,0.0
869570,0.0,0.0,1.0,0.0,0.0,0.0,0.0
869571,0.0,0.0,1.0,0.0,1.0,0.0,0.0
869572,0.0,0.0,1.0,0.0,0.0,0.0,0.0
869589,0.0,0.0,1.0,0.0,1.0,0.0,0.0
869593,0.0,0.0,1.0,0.0,0.0,0.0,0.0
869597,0.0,0.0,1.0,0.0,1.0,0.0,0.0
869598,0.0,0.0,1.0,0.0,0.0,0.0,0.0
869976,0.0,0.0,1.0,0.0,1.0,0.0,0.0
869977,0.0,0.0,1.0,0.0,0.0,0.0,0.0
870000,0.0,0.0,1.0,0.0,1.0,0.0,0.0
870002,0.0,0.0,1.0,0.0,2.0,0.0,0.0
870003,0.0,0.0,1.0,0.0,0.0,0.0,0.0
870517,0.0,0.0,1.0,0.0,1.0,0.0,0.0
870518,0.0,0.0,1.0,0.0,0.0,0.0,0.0
874009,0.0,0.0,1.0,0.0,1.0,0.0,0.0
874010,0.0,0.0,1.0,0.0,0.0,0.0,0.0
876012,0.0,0.0,1.0,1.0,0.0,0.0,0.0
876013,0.0,0.0,1.0,0.0,0.0,0.0,0.0
876041,0.0,0.0,1.0,0.0,1.0,0.0,0.0
876043,0.0,0.0,1.0,0.0,0.0,0.0,0.0
876112,0.0,0.0,1.0,0.0,1.0,0.0,0.0
876115,0.0,0.0,1.0,0.0,0.0,0.0,0.0
876116,0.0,0.0,1.0,0.0,1.0,0.0,0.0
876117,0.0,0.0,1.0,0.0,0.0,0.0,0.0
876250,0.0,0.0,1.0,0.0,1.0,0.0,0.0
876251,0.0,0.0,1.0,0.0,0.0,0.0,0.0
876254,0.0,0.0,1.0,0.0,1.0,0.0,0.0
876256,0.0,0.0,1.0,0.0,0.0,0.0,0.0
876270,0.0,0.0,1.0,0.0,1.0,0.0,0.0
876272,0.0,0.0,1.0,0.0,0.0,0.0,0.0
876276,0.0,0.0,1.0,0.0,1.0,0.0,0.0
876277,0.0,0.0,1.0,0.0,0.0,0.0,0.0
878253,0.0,0.0,1.0,0.0,1.0,0.0,0.0
878254,0.0,0.0,1.0,0.0,0.0,0.0,0.0
878362,0.0,0.0,1.0,0.0,1.0,0.0,0.0
878364,0.0,0.0,1.0,0.0,2.0,0.0,0.0
878365,0.0,0.0,1.0,0.0,0.0,0.0,0.0
879026,0.0,0.0,1.0,0.0,1.0,0.0,0.0
879027,0.0,0.0,1.0,0.0,0.0,0.0,0.0
879028,0.0,0.0,1.0,0.0,1.0,0.0,0.0
879031,0.0,0.0,1.0,0.0,0.0,0.0,0.0
879341,0.0,0.0,1.0,0.0,1.0,0.0,0.0
879342,0.0,0.0,1.0,0.0,0.0,0.0,0.0
880210,0.0,0.0,1.0,0.0,1.0,0.0,0.0
880211,0.0,0.0,1.0,0.0,0.0,0.0,0.0
880214,0.0,0.0,1.0,0.0,1.0,0.0,0.0
880215,0.0,0.0,1.0,0.0,0.0,0.0,0.0
880216,0.0,0.0,1.0,0.0,1.0,0.0,0.0
880220,0.0,0.0,1.0,0.0,0.0,0.0,0.0
880221,0.0,0.0,1.0,0.0,1.0,0.0,0.0
880224,0.0,0.0,1.0,0.0,0.0,0.0,0.0
880225,0.0,0.0,1.0,0.0,1.0,0.0,0.0
880226,0.0,0.0,1.0,0.0,0.0,0.0,0.0
881027,0.0,0.0,1.0,0.0,1.0,0.0,0.0
881028,0.0,0.0,1.0,0.0,0.0,0.0,0.0
882067,0.0,0.0,1.0,0.0,1.0,0.0,0.0
882068,0.0,0.0,1.0,0.0,0.0,0.0,0.0
882076,0.0,0.0,1.0,0.0,1.0,0.0,0.0
882077,0.0,0.0,1.0,0.0,0.0,0.0,0.0
882284,0.0,0.0,1.0,0.0,1.0,0.0,0.0
882285,0.0,0.0,1.0,0.0,0.0,0.0,0.0
882765,0.0,0.0,1.0,0.0,1.0,0.0,0.0
882766,0.0,0.0,1.0,0.0,0.0,0.0,0.0
884717,0.0,0.0,1.0,0.0,1.0,0.0,0.0
884718,0.0,0.0,1.0,0.0,0.0,0.0,0.0
885156,0.0,0.0,1.0,0.0,1.0,0.0,0.0
885158,0.0,0.0,1.0,0.0,2.0,0.0,0.0
885159,0.0,0.0,1.0,0.0,0.0,0.0,0.0
885384,0.0,0.0,1.0,0.0,1.0,0.0,0.0
885385,0.0,0.0,1.0,0.0,0.0,0.0,0.0
885998,0.0,0.0,1.0,0.0,1.0,0.0,0.0
886000,0.0,0.0,1.0,0.0,0.0,0.0,0.0
886130,0.0,0.0,1.0,0.0,1.0,0.0,0.0
886134,0.0,0.0,1.0,0.0,0.0,0.0,0.0
887001,0.0,0.0,1.0,0.0,1.0,0.0,0.0
887002,0.0,0.0,1.0,0.0,0.0,0.0,0.0
892614,0.0,0.0,1.0,0.0,1.0,0.0,0.0
892619,0.0,0.0,1.0,0.0,0.0,0.0,0.0
892620,0.0,0.0,1.0,0.0,1.0,0.0,0.0
892624,0.0,0.0,1.0,0.0,0.0,0.0,0.0
892650,0.0,0.0,1.0,0.0,1.0,0.0,0.0
892651,0.0,0.0,1.0,0.0,2.0,0.0,0.0
892652,0.0,0.0,1.0,0.0,0.0,0.0,0.0
893925,0.0,0.0,1.0,0.0,1.0,0.0,0.0
893928,0.0,0.0,1.0,0.0,0.0,0.0,0.0
895370,0.0,0.0,1.0,0.0,1.0,0.0,0.0
895372,0.0,0.0,1.0,0.0,2.0,0.0,0.0
895373,0.0,0.0,1.0,0.0,0.0,0.0,0.0
895770,0.0,0.0,1.0,0.0,1.0,0.0,0.0
895774,0.0,0.0,1.0,0.0,0.0,0.0,0.0
895778,0.0,0.0,1.0,0.0,1.0,0.0,0.0
895779,0.0,0.0,1.0,0.0,0.0,0.0,0.0
896535,0.0,0.0,1.0,0.0,1.0,0.0,0.0
896538,0.0,0.0,1.0,0.0,0.0,0.0,0.0
896540,0.0,0.0,1.0,0.0,1.0,0.0,0.0
896543,0.0,0.0,1.0,0.0,0.0,0.0,0.0
897188,0.0,0.0,1.0,0.0,1.0,0.0,0.0
897189,0.0,0.0,1.0,0.0,0.0,0.0,0.0
897190,0.0,0.0,1.0,0.0,1.0,0.0,0.0
897191,0.0,0.0,1.0,0.0,0.0,0.0,0.0
897481,0.0,0.0,1.0,0.0,1.0,0.0,0.0
897482,0.0,0.0,1.0,0.0,0.0,0.0,0.0
898754,0.0,0.0,1.0,0.0,1.0,0.0,0.0
898755,0.0,0.0,1.0,0.0,0.0,0.0,0.0
898763,0.0,0.0,1.0,0.0,1.0,0.0,0.0
898765,0.0,0.0,1.0,0.0,2.0,0.0,0.0
898766,0.0,0.0,1.0,0.0,0.0,0.0,0.0
901743,0.0,0.0,1.0,0.0,1.0,0.0,0.0
901746,0.0,0.0,1.0,0.0,0.0,0.0,0.0
901748,0.0,0.0,1.0,0.0,1.0,0.0,0.0
901749,0.0,0.0,1.0,0.0,0.0,0.0,0.0
902241,0.0,0.0,1.0,0.0,1.0,0.0,0.0
902243,0.0,0.0,1.0,0.0,0.0,0.0,0.0
902902,0.0,0.0,1.0,0.0,1.0,0.0,0.0
902903,0.0,0.0,1.0,0.0,0.0,0.0,0.0
902912,0.0,0.0,1.0,0.0,1.0,0.0,0.0
902914,0.0,0.0,1.0,0.0,0.0,0.0,0.0
906457,0.0,0.0,1.0,0.0,1.0,0.0,0.0
906458,0.0,0.0,1.0,0.0,0.0,0.0,0.0
908694,0.0,0.0,1.0,0.0,1.0,0.0,0.0
908695,0.0,0.0,1.0,0.0,0.0,0.0,0.0
908696,0.0,0.0,1.0,0.0,1.0,0.0,0.0
908699,0.0,0.0,1.0,0.0,0.0,0.0,0.0
908899,0.0,0.0,1.0,0.0,1.0,0.0,0.0
908903,0.0,0.0,1.0,0.0,0.0,0.0,0.0
911569,0.0,0.0,1.0,0.0,1.0,0.0,0.0
911570,0.0,0.0,1.0,0.0,0.0,0.0,0.0
911571,0.0,0.0,1.0,0.0,1.0,0.0,0.0
911572,0.0,0.0,1.0,0.0,0.0,0.0,0.0
912143,0.0,0.0,0.0,0.0,0.0,0.0,0.0
914955,0.0,0.0,0.0,0.0,1.0,0.0,0.0
914957,0.0,0.0,0.0,0.0,2.0,0.0,0.0
914958,0.0,0.0,0.0,1.0,0.0,0.0,0.0
914963,0.0,0.0,0.0,2.0,0.0,1.0,0.0
914964,0.0,0.0,0.0,0.0,0.0,0.0,0.0
916885,0.0,0.0,0.0,1.0,0.0,0.0,0.0
916887,0.0,0.0,0.0,0.0,0.0,0.0,0.0
916985,0.0,0.0,0.0,0.0,1.0,0.0,0.0
916988,0.0,0.0,0.0,0.0,0.0,0.0,0.0
916989,0.0,0.0,0.0,0.0,1.0,0.0,0.0
916990,0.0,0.0,0.0,0.0,0.0,0.0,0.0
917534,0.0,0.0,0.0,0.0,1.0,0.0,0.0
917535,0.0,0.0,0.0,0.0,0.0,0.0,0.0
917544,0.0,0.0,0.0,0.0,1.0,0.0,0.0
917547,0.0,0.0,0.0,0.0,0.0,0.0,0.0
917548,0.0,0.0,0.0,0.0,1.0,0.0,0.0
917549,0.0,0.0,0.0,0.0,2.0,0.0,0.0
917550,0.0,0.0,0.0,0.0,0.0,0.0,0.0
921738,0.0,0.0,0.0,0.0,1.0,0.0,0.0
921739,0.0,0.0,0.0,0.0,0.0,0.0,0.0
923532,0.0,0.0,0.0,0.0,1.0,0.0,0.0
923533,0.0,0.0,0.0,0.0,0.0,0.0,0.0
923535,0.0,0.0,0.0,0.0,1.0,0.0,0.0
923536,0.0,0.0,0.0,0.0,0.0,0.0,0.0
923537,0.0,0.0,0.0,0.0,1.0,0.0,0.0
923538,0.0,0.0,0.0,0.0,0.0,0.0,0.0
923545,0.0,0.0,0.0,0.0,1.0,0.0,0.0
923546,0.0,0.0,0.0,0.0,0.0,0.0,0.0
924277,0.0,0.0,0.0,0.0,1.0,0.0,0.0
924278,0.0,0.0,0.0,0.0,0.0,0.0,0.0
924595,0.0,0.0,0.0,0.0,1.0,0.0,0.0
924597,0.0,0.0,0.0,0.0,0.0,0.0,0.0
927988,0.0,0.0,0.0,0.0,1.0,0.0,0.0
927990,0.0,0.0,0.0,0.0,2.0,0.0,0.0
927991,0.0,0.0,0.0,0.0,0.0,0.0,0.0
928506,0.0,0.0,0.0,0.0,1.0,0.0,0.0
928507,0.0,0.0,0.0,0.0,0.0,0.0,0.0
929367,0.0,0.0,0.0,0.0,1.0,0.0,0.0
929368,0.0,0.0,0.0,0.0,0.0,0.0,0.0
930632,0.0,0.0,0.0,0.0,1.0,0.0,0.0
930633,0.0,0.0,0.0,0.0,0.0,0.0,0.0
930640,0.0,0.0,0.0,0.0,1.0,0.0,0.0
930641,0.0,0.0,0.0,0.0,0.0,0.0,0.0
932783,0.0,0.0,0.0,1.0,0.0,0.0,0.0
932784,0.0,0.0,0.0,0.0,0.0,0.0,0.0
932785,0.0,0.0,0.0,1.0,0.0,0.0,0.0
932786,0.0,0.0,0.0,0.0,0.0,0.0,0.0
932824,0.0,0.0,0.0,0.0,1.0,0.0,0.0
932825,0.0,0.0,0.0,0.0,0.0,0.0,0.0
932826,0.0,0.0,0.0,0.0,1.0,0.0,0.0
932827,0.0,0.0,0.0,0.0,0.0,0.0,0.0
932944,0.0,0.0,0.0,0.0,1.0,0.0,0.0
932946,0.0,0.0,0.0,0.0,0.0,0.0,0.0
932956,0.0,0.0,0.0,0.0,1.0,0.0,0.0
932957,0.0,0.0,0.0,0.0,0.0,0.0,0.0
934122,0.0,0.0,0.0,0.0,1.0,0.0,0.0
934123,0.0,0.0,0.0,0.0,0.0,0.0,0.0
934124,0.0,0.0,0.0,0.0,1.0,0.0,0.0
934126,0.0,0.0,0.0,0.0,0.0,0.0,0.0
934127,0.0,0.0,0.0,0.0,1.0,0.0,0.0
934128,0.0,0.0,0.0,0.0,0.0,0.0,0.0
934135,0.0,0.0,0.0,0.0,1.0,0.0,0.0
934136,0.0,0.0,0.0,0.0,0.0,0.0,0.0
934137,0.0,0.0,0.0,0.0,1.0,0.0,0.0
934138,0.0,0.0,0.0,1.0,2.0,0.0,0.0
934139,0.0,0.0,0.0,0.0,0.0,0.0,0.0
935542,0.0,0.0,0.0,0.0,1.0,0.0,0.0
935543,0.0,0.0,0.0,0.0,0.0,0.0,0.0
935612,0.0,0.0,0.0,0.0,1.0,0.0,0.0
935616,0.0,0.0,0.0,0.0,0.0,0.0,0.0
936685,0.0,0.0,0.0,0.0,1.0,0.0,0.0
936686,0.0,0.0,0.0,0.0,0.0,0.0,0.0
936690,0.0,0.0,0.0,0.0,1.0,0.0,0.0
936691,0.0,0.0,0.0,0.0,0.0,0.0,0.0
937799,0.0,0.0,0.0,0.0,1.0,0.0,0.0
937800,0.0,0.0,0.0,0.0,0.0,0.0,0.0
938602,0.0,0.0,1.0,0.0,0.0,0.0,0.0
938604,0.0,2.0,1.0,0.0,0.0,0.0,0.0
938605,0.0,0.0,1.0,0.0,0.0,0.0,0.0
938960,0.0,0.0,0.0,0.0,0.0,0.0,0.0
938961,0.0,0.0,1.0,0.0,0.0,0.0,0.0
939019,0.0,0.0,0.0,0.0,0.0,0.0,0.0
939118,0.0,0.0,1.0,0.0,0.0,0.0,0.0
939119,0.0,0.0,0.0,0.0,0.0,0.0,0.0
939147,0.0,0.0,1.0,0.0,0.0,0.0,0.0
939416,0.0,0.0,0.0,0.0,0.0,0.0,0.0
940404,0.0,0.0,0.0,0.0,1.0,0.0,0.0
940405,0.0,0.0,0.0,0.0,0.0,0.0,0.0
940406,0.0,0.0,0.0,0.0,1.0,0.0,0.0
940407,0.0,0.0,0.0,0.0,0.0,0.0,0.0
940412,0.0,0.0,0.0,0.0,1.0,0.0,0.0
940416,0.0,0.0,1.0,0.0,2.0,0.0,0.0
940417,0.0,0.0,1.0,0.0,0.0,0.0,0.0
940418,0.0,0.0,0.0,0.0,0.0,0.0,0.0
940420,0.0,0.0,1.0,0.0,0.0,0.0,0.0
940423,0.0,0.0,0.0,0.0,0.0,0.0,0.0
940426,0.0,0.0,1.0,0.0,0.0,0.0,0.0
940428,0.0,0.0,0.0,0.0,0.0,0.0,0.0
940431,0.0,0.0,1.0,0.0,0.0,0.0,0.0
940433,0.0,0.0,0.0,0.0,0.0,0.0,0.0
940462,0.0,0.0,1.0,0.0,0.0,0.0,0.0
940468,0.0,0.0,0.0,0.0,0.0,0.0,0.0
940477,0.0,0.0,1.0,0.0,0.0,0.0,0.0
940478,0.0,0.0,0.0,0.0,0.0,0.0,0.0
940486,0.0,0.0,1.0,0.0,0.0,0.0,0.0
941247,0.0,2.0,1.0,0.0,0.0,0.0,0.0
941248,0.0,0.0,1.0,0.0,0.0,0.0,0.0
942793,0.0,0.0,1.0,0.0,1.0,0.0,0.0
942795,0.0,0.0,1.0,0.0,0.0,0.0,0.0
942796,0.0,0.0,1.0,0.0,1.0,0.0,0.0
942797,0.0,0.0,1.0,0.0,0.0,0.0,0.0
942959,0.0,0.0,1.0,0.0,1.0,0.0,0.0
942960,0.0,0.0,1.0,0.0,0.0,0.0,0.0
942964,0.0,0.0,1.0,0.0,1.0,0.0,0.0
942969,0.0,0.0,1.0,0.0,2.0,0.0,0.0
942970,0.0,0.0,1.0,0.0,0.0,0.0,0.0
950879,0.0,0.0,1.0,0.0,1.0,0.0,0.0
950882,0.0,0.0,1.0,0.0,0.0,0.0,0.0
951677,0.0,0.0,1.0,0.0,1.0,0.0,0.0
951681,0.0,0.0,1.0,0.0,0.0,0.0,0.0
953517,0.0,0.0,0.0,0.0,0.0,0.0,0.0
953525,0.0,0.0,1.0,0.0,0.0,0.0,0.0
953527,0.0,0.0,0.0,0.0,0.0,0.0,0.0
953533,0.0,0.0,1.0,0.0,0.0,0.0,0.0
953542,0.0,0.0,0.0,0.0,0.0,0.0,0.0
953564,0.0,0.0,1.0,0.0,0.0,0.0,0.0
953601,0.0,0.0,0.0,0.0,0.0,0.0,0.0
953603,0.0,0.0,1.0,0.0,0.0,0.0,0.0
953621,0.0,0.0,0.0,0.0,0.0,0.0,0.0
953625,0.0,0.0,1.0,0.0,0.0,0.0,0.0
953626,0.0,0.0,0.0,0.0,0.0,0.0,0.0
953627,0.0,0.0,1.0,0.0,0.0,0.0,0.0
953636,0.0,0.0,0.0,0.0,0.0,0.0,0.0
953639,0.0,0.0,1.0,0.0,0.0,0.0,0.0
953641,0.0,0.0,0.0,0.0,0.0,0.0,0.0
953644,0.0,0.0,1.0,0.0,0.0,0.0,0.0
953646,0.0,0.0,0.0,0.0,0.0,0.0,0.0
953652,0.0,0.0,1.0,0.0,0.0,0.0,0.0
953655,0.0,0.0,0.0,0.0,0.0,0.0,0.0
953656,0.0,0.0,1.0,0.0,0.0,0.0,0.0
953660,0.0,0.0,0.0,0.0,0.0,0.0,0.0
953668,0.0,0.0,1.0,0.0,0.0,0.0,0.0
953670,0.0,0.0,0.0,0.0,0.0,0.0,0.0
953701,0.0,0.0,1.0,0.0,0.0,0.0,0.0
953705,0.0,0.0,0.0,0.0,0.0,0.0,0.0
953719,0.0,0.0,1.0,0.0,0.0,0.0,0.0
953720,0.0,0.0,0.0,0.0,0.0,0.0,0.0
953744,0.0,0.0,1.0,0.0,0.0,0.0,0.0
953745,0.0,0.0,0.0,0.0,0.0,0.0,0.0
953813,0.0,0.0,1.0,0.0,0.0,0.0,0.0
953814,0.0,0.0,0.0,0.0,0.0,0.0,0.0
953820,0.0,0.0,1.0,0.0,0.0,0.0,0.0
953834,0.0,0.0,0.0,0.0,0.0,0.0,0.0
953882,0.0,0.0,1.0,0.0,0.0,0.0,0.0
953883,0.0,0.0,0.0,0.0,0.0,0.0,0.0
953961,0.0,0.0,1.0,0.0,0.0,0.0,0.0
953967,0.0,0.0,0.0,0.0,0.0,0.0,0.0
953971,0.0,0.0,1.0,0.0,0.0,0.0,0.0
953972,0.0,0.0,0.0,0.0,0.0,0.0,0.0
953975,0.0,0.0,1.0,0.0,0.0,0.0,0.0
953977,0.0,0.0,0.0,0.0,0.0,0.0,0.0
953978,0.0,0.0,1.0,0.0,0.0,0.0,0.0
953987,0.0,0.0,0.0,0.0,0.0,0.0,0.0
954053,0.0,0.0,1.0,0.0,0.0,0.0,0.0
954116,0.0,0.0,0.0,0.0,0.0,0.0,0.0
954117,0.0,0.0,1.0,0.0,0.0,0.0,0.0
954121,0.0,0.0,0.0,0.0,0.0,0.0,0.0
954145,0.0,0.0,1.0,0.0,0.0,0.0,0.0
954146,0.0,0.0,0.0,0.0,0.0,0.0,0.0
954147,0.0,0.0,1.0,0.0,0.0,0.0,0.0
954156,0.0,0.0,0.0,0.0,0.0,0.0,0.0
954158,0.0,0.0,1.0,0.0,0.0,0.0,0.0
954161,0.0,0.0,0.0,0.0,0.0,0.0,0.0
954162,0.0,0.0,1.0,0.0,0.0,0.0,0.0
954577,0.0,0.0,0.0,0.0,0.0,0.0,0.0
954580,0.0,0.0,1.0,0.0,0.0,0.0,0.0
954606,0.0,0.0,0.0,0.0,0.0,0.0,0.0
954615,0.0,0.0,1.0,0.0,0.0,0.0,0.0
954626,0.0,0.0,0.0,0.0,0.0,0.0,0.0
954719,0.0,0.0,1.0,0.0,0.0,0.0,0.0
954720,0.0,0.0,0.0,0.0,0.0,0.0,0.0
955086,0.0,0.0,1.0,0.0,0.0,0.0,0.0
955087,0.0,0.0,0.0,0.0,0.0,0.0,0.0
955091,0.0,0.0,1.0,0.0,0.0,0.0,0.0
955092,0.0,0.0,0.0,0.0,0.0,0.0,0.0
955109,0.0,0.0,1.0,0.0,0.0,0.0,0.0
955112,0.0,0.0,0.0,0.0,0.0,0.0,0.0
955114,0.0,0.0,1.0,0.0,0.0,0.0,0.0
955117,0.0,0.0,0.0,0.0,0.0,0.0,0.0
955125,0.0,0.0,1.0,0.0,0.0,0.0,0.0
955265,0.0,0.0,0.0,0.0,0.0,0.0,0.0
955274,0.0,0.0,1.0,0.0,0.0,0.0,0.0
955275,0.0,0.0,0.0,0.0,0.0,0.0,0.0
955276,0.0,0.0,1.0,0.0,0.0,0.0,0.0
955666,0.0,0.0,0.0,0.0,0.0,0.0,0.0
955699,0.0,0.0,1.0,0.0,0.0,0.0,0.0
955701,0.0,0.0,0.0,0.0,0.0,0.0,0.0
955702,0.0,0.0,1.0,0.0,0.0,0.0,0.0
955720,0.0,0.0,1.0,0.0,1.0,0.0,0.0
955721,0.0,0.0,1.0,0.0,0.0,0.0,0.0
955824,0.0,0.0,1.0,0.0,1.0,0.0,0.0
955826,0.0,0.0,1.0,0.0,0.0,0.0,0.0
955828,0.0,0.0,1.0,0.0,1.0,0.0,0.0
955829,0.0,0.0,1.0,0.0,0.0,0.0,0.0
955836,0.0,0.0,1.0,0.0,1.0,0.0,0.0
955839,0.0,0.0,1.0,0.0,0.0,0.0,0.0
956178,0.0,0.0,1.0,0.0,1.0,0.0,0.0
956179,0.0,0.0,1.0,0.0,0.0,0.0,0.0
956183,0.0,0.0,1.0,0.0,1.0,0.0,0.0
956184,0.0,0.0,1.0,0.0,0.0,0.0,0.0
956185,0.0,0.0,1.0,0.0,1.0,0.0,0.0
956187,0.0,0.0,1.0,0.0,0.0,0.0,0.0
956449,0.0,0.0,0.0,0.0,0.0,0.0,0.0
956452,0.0,0.0,1.0,0.0,0.0,0.0,0.0
956459,0.0,0.0,0.0,0.0,0.0,0.0,0.0
956462,0.0,0.0,1.0,0.0,0.0,0.0,0.0
956464,0.0,0.0,0.0,0.0,0.0,0.0,0.0
956625,0.0,0.0,1.0,0.0,0.0,0.0,0.0
956627,0.0,0.0,0.0,0.0,0.0,0.0,0.0
957338,0.0,0.0,0.0,0.0,1.0,0.0,0.0
957339,0.0,0.0,0.0,0.0,0.0,0.0,0.0
958634,0.0,0.0,0.0,0.0,1.0,0.0,0.0
958636,0.0,0.0,0.0,0.0,2.0,0.0,0.0
958637,0.0,0.0,0.0,0.0,0.0,0.0,0.0
961174,0.0,0.0,0.0,0.0,1.0,0.0,0.0
961175,0.0,0.0,0.0,0.0,0.0,0.0,0.0
962908,0.0,0.0,1.0,0.0,0.0,0.0,0.0
962921,0.0,0.0,0.0,0.0,0.0,0.0,0.0
963001,0.0,0.0,1.0,0.0,0.0,0.0,0.0
963005,0.0,0.0,0.0,0.0,0.0,0.0,0.0
963029,0.0,0.0,1.0,0.0,0.0,0.0,0.0
963030,0.0,0.0,0.0,0.0,0.0,0.0,0.0
963031,0.0,0.0,1.0,0.0,0.0,0.0,0.0
963049,0.0,0.0,0.0,0.0,0.0,0.0,0.0
963050,0.0,0.0,1.0,0.0,0.0,0.0,0.0
963084,0.0,0.0,0.0,0.0,0.0,0.0,0.0
963086,0.0,0.0,1.0,0.0,0.0,0.0,0.0
963089,0.0,0.0,0.0,0.0,0.0,0.0,0.0
963806,0.0,0.0,1.0,0.0,0.0,0.0,0.0
963807,0.0,0.0,0.0,0.0,0.0,0.0,0.0
963808,0.0,0.0,1.0,0.0,0.0,0.0,0.0
963841,0.0,0.0,0.0,0.0,0.0,0.0,0.0
964909,0.0,0.0,0.0,0.0,1.0,0.0,0.0
964910,0.0,0.0,0.0,0.0,0.0,0.0,0.0
966849,0.0,0.0,0.0,0.0,1.0,0.0,0.0
966850,0.0,0.0,0.0,0.0,0.0,0.0,0.0
966851,0.0,0.0,0.0,0.0,1.0,0.0,0.0
966852,0.0,0.0,0.0,0.0,0.0,0.0,0.0
966854,0.0,0.0,0.0,0.0,1.0,0.0,0.0
966855,0.0,0.0,0.0,0.0,0.0,0.0,0.0
967322,0.0,0.0,0.0,0.0,1.0,0.0,0.0
967323,0.0,0.0,0.0,0.0,0.0,0.0,0.0
969646,0.0,0.0,0.0,0.0,1.0,0.0,0.0
969649,0.0,0.0,0.0,0.0,0.0,0.0,0.0
969959,0.0,0.0,0.0,0.0,1.0,0.0,0.0
969965,0.0,0.0,0.0,0.0,0.0,0.0,0.0
969975,0.0,0.0,0.0,0.0,1.0,0.0,0.0
969976,0.0,0.0,0.0,0.0,0.0,0.0,0.0
971290,0.0,0.0,0.0,0.0,1.0,0.0,0.0
971291,0.0,0.0,0.0,0.0,0.0,0.0,0.0
971293,0.0,0.0,0.0,0.0,1.0,0.0,0.0
971294,0.0,0.0,0.0,0.0,0.0,0.0,0.0
971295,0.0,0.0,0.0,0.0,1.0,0.0,0.0
971296,0.0,0.0,0.0,0.0,0.0,0.0,0.0
971312,0.0,0.0,0.0,0.0,1.0,0.0,0.0
971313,0.0,0.0,0.0,0.0,0.0,0.0,0.0
972673,0.0,0.0,0.0,1.0,0.0,0.0,0.0
972674,0.0,0.0,0.0,0.0,0.0,0.0,0.0
973703,0.0,0.0,0.0,0.0,1.0,0.0,0.0
973706,0.0,0.0,0.0,0.0,0.0,0.0,0.0
973989,0.0,0.0,0.0,0.0,1.0,0.0,0.0
973990,0.0,0.0,0.0,0.0,0.0,0.0,0.0
974897,0.0,0.0,0.0,0.0,1.0,0.0,0.0
974898,0.0,0.0,0.0,0.0,0.0,0.0,0.0
974900,0.0,0.0,0.0,0.0,1.0,0.0,0.0
974903,0.0,0.0,0.0,0.0,0.0,0.0,0.0
974910,0.0,0.0,0.0,0.0,1.0,0.0,0.0
974911,0.0,0.0,0.0,0.0,0.0,0.0,0.0
975240,0.0,0.0,0.0,0.0,1.0,0.0,0.0
975241,0.0,0.0,0.0,0.0,0.0,0.0,0.0
976456,0.0,0.0,0.0,0.0,1.0,0.0,0.0
976457,0.0,0.0,0.0,0.0,0.0,0.0,0.0
976464,0.0,0.0,0.0,0.0,1.0,0.0,0.0
976467,0.0,0.0,0.0,0.0,0.0,0.0,0.0
977082,0.0,0.0,0.0,0.0,1.0,0.0,0.0
977084,0.0,0.0,0.0,0.0,0.0,0.0,0.0
977991,0.0,0.0,0.0,0.0,1.0,0.0,0.0
977992,0.0,0.0,0.0,0.0,0.0,0.0,0.0
977999,0.0,0.0,0.0,0.0,1.0,0.0,0.0
978001,0.0,0.0,0.0,0.0,2.0,0.0,0.0
978002,0.0,0.0,0.0,0.0,0.0,0.0,0.0
978120,0.0,0.0,0.0,1.0,0.0,0.0,0.0
978124,0.0,0.0,0.0,0.0,0.0,0.0,0.0
978127,0.0,0.0,0.0,1.0,0.0,0.0,0.0
978128,0.0,0.0,0.0,0.0,0.0,0.0,0.0
978131,0.0,0.0,0.0,1.0,0.0,0.0,0.0
978140,0.0,0.0,0.0,0.0,0.0,0.0,0.0
978153,0.0,0.0,0.0,1.0,0.0,0.0,0.0
978163,0.0,0.0,0.0,0.0,0.0,0.0,0.0
979141,0.0,0.0,0.0,0.0,1.0,0.0,0.0
979142,0.0,0.0,0.0,0.0,0.0,0.0,0.0
979208,0.0,0.0,0.0,0.0,1.0,0.0,0.0
979209,0.0,0.0,0.0,0.0,0.0,0.0,0.0
981874,0.0,0.0,0.0,0.0,1.0,0.0,0.0
981875,0.0,0.0,0.0,0.0,0.0,0.0,0.0
981876,0.0,0.0,0.0,0.0,1.0,0.0,0.0
981877,0.0,0.0,0.0,0.0,0.0,0.0,0.0
982294,0.0,0.0,0.0,0.0,1.0,0.0,0.0
982298,0.0,0.0,0.0,0.0,0.0,0.0,0.0
982450,0.0,0.0,0.0,0.0,1.0,0.0,0.0
982452,0.0,0.0,0.0,0.0,0.0,0.0,0.0
983906,0.0,0.0,0.0,0.0,1.0,0.0,0.0
983907,0.0,0.0,0.0,0.0,0.0,0.0,0.0
983909,0.0,0.0,0.0,0.0,1.0,0.0,0.0
983910,0.0,0.0,0.0,0.0,0.0,0.0,0.0
983944,0.0,0.0,0.0,0.0,1.0,0.0,0.0
983946,0.0,0.0,0.0,0.0,2.0,0.0,0.0
983947,0.0,0.0,0.0,0.0,0.0,0.0,0.0
989611,0.0,0.0,0.0,0.0,1.0,0.0,0.0
989613,0.0,0.0,0.0,0.0,0.0,0.0,0.0
994499,0.0,0.0,0.0,0.0,1.0,0.0,0.0
994502,0.0,0.0,0.0,0.0,0.0,0.0,0.0
994934,0.0,0.0,0.0,0.0,1.0,0.0,0.0
994938,0.0,0.0,0.0,0.0,0.0,0.0,0.0
995161,0.0,0.0,0.0,0.0,1.0,0.0,0.0
995162,0.0,0.0,0.0,0.0,0.0,0.0,0.0
995178,0.0,2.0,0.0,0.0,0.0,1.0,0.0
995179,0.0,0.0,0.0,0.0,0.0,0.0,0.0
995264,0.0,0.0,1.0,0.0,0.0,0.0,0.0
995265,0.0,0.0,0.0,0.0,0.0,0.0,0.0
995269,0.0,0.0,1.0,0.0,0.0,0.0,0.0
995275,0.0,0.0,0.0,0.0,0.0,0.0,0.0
995277,0.0,0.0,1.0,0.0,0.0,0.0,0.0
995280,0.0,0.0,0.0,0.0,0.0,0.0,0.0
995282,0.0,0.0,1.0,0.0,0.0,0.0,0.0
995294,0.0,0.0,0.0,0.0,0.0,0.0,0.0
995298,0.0,0.0,1.0,0.0,0.0,0.0,0.0
995299,0.0,0.0,0.0,0.0,0.0,0.0,0.0
995331,0.0,0.0,1.0,0.0,0.0,0.0,0.0
995333,0.0,0.0,0.0,0.0,0.0,0.0,0.0
1000000,0.0,0.0,0.0,0.0,0.0,0.0,1.0
1000001,0.0,0.0,0.0,0.0,0.0,0.0,0.0
1000256,0.0,0.0,0.0,0.0,1.0,0.0,0.0
1000257,0.0,0.0,0.0,0.0,0.0,0.0,0.0
1000496,0.0,0.0,0.0,0.0,1.0,0.0,0.0
1000497,0.0,0.0,0.0,0.0,0.0,0.0,0.0
1000506,0.0,0.0,0.0,1.0,1.0,0.0,0.0
1000507,0.0,0.0,0.0,0.0,0.0,0.0,0.0
1000508,0.0,0.0,0.0,1.0,1.0,0.0,0.0
1000510,0.0,0.0,0.0,1.0,0.0,0.0,0.0
1000511,0.0,0.0,0.0,0.0,0.0,0.0,0.0
1000513,0.0,0.0,0.0,1.0,0.0,0.0,0.0
1000520,0.0,0.0,0.0,0.0,0.0,0.0,0.0
1000601,0.0,0.0,0.0,1.0,0.0,0.0,0.0
1000602,0.0,0.0,0.0,0.0,0.0,0.0,0.0
1000605,0.0,0.0,0.0,1.0,0.0,0.0,0.0
1000606,0.0,0.0,0.0,0.0,0.0,0.0,0.0
1000609,0.0,0.0,0.0,1.0,0.0,0.0,0.0
1000610,0.0,0.0,0.0,0.0,0.0,0.0,0.0
1000614,0.0,0.0,0.0,1.0,0.0,0.0,0.0
1000615,0.0,0.0,0.0,0.0,0.0,0.0,0.0
1000616,0.0,0.0,0.0,1.0,0.0,0.0,0.0
1000700,0.0,2.0,0.0,1.0,0.0,1.0,0.0
1000701,0.0,0.0,0.0,0.0,0.0,0.0,0.0
1000813,0.0,0.0,1.0,0.0,0.0,0.0,0.0
1000826,0.0,0.0,0.0,0.0,0.0,0.0,0.0
1000827,0.0,0.0,1.0,0.0,0.0,0.0,0.0
1000848,0.0,0.0,0.0,0.0,0.0,0.0,0.0
1000868,0.0,0.0,1.0,0.0,0.0,0.0,0.0
1000940,0.0,0.0,0.0,0.0,0.0,0.0,0.0
1000943,0.0,0.0,1.0,0.0,0.0,0.0,0.0
1000944,0.0,0.0,0.0,0.0,0.0,0.0,0.0
1000965,0.0,0.0,1.0,0.0,0.0,0.0,0.0
1000966,0.0,0.0,0.0,0.0,0.0,0.0,0.0
1001282,0.0,0.0,0.0,0.0,1.0,0.0,0.0
1001283,0.0,0.0,0.0,0.0,0.0,0.0,0.0
1001366,0.0,0.0,1.0,0.0,0.0,0.0,0.0
1001367,0.0,0.0,0.0,0.0,0.0,0.0,0.0
1001449,0.0,0.0,1.0,0.0,0.0,0.0,0.0
1001452,0.0,0.0,0.0,0.0,0.0,0.0,0.0
1001454,0.0,0.0,1.0,0.0,0.0,0.0,0.0
1001456,0.0,0.0,0.0,0.0,0.0,0.0,0.0
1001460,0.0,0.0,1.0,0.0,0.0,0.0,0.0
1001461,0.0,0.0,0.0,0.0,0.0,0.0,0.0
1001474,0.0,0.0,1.0,0.0,0.0,0.0,0.0
1001478,0.0,0.0,0.0,0.0,0.0,0.0,0.0
1001489,0.0,0.0,1.0,0.0,0.0,0.0,0.0
1001490,0.0,0.0,0.0,0.0,0.0,0.0,0.0
1001495,0.0,0.0,1.0,0.0,0.0,0.0,0.0
1001520,0.0,0.0,0.0,0.0,0.0,0.0,0.0
1001522,0.0,0.0,1.0,0.0,0.0,0.0,0.0
1001524,0.0,0.0,0.0,0.0,0.0,0.0,0.0
1001577,0.0,0.0,1.0,0.0,0.0,0.0,0.0
1002075,0.0,0.0,0.0,0.0,0.0,0.0,0.0
1002437,0.0,0.0,1.0,0.0,0.0,0.0,0.0
1002444,0.0,0.0,0.0,0.0,0.0,0.0,0.0
1002446,0.0,0.0,1.0,0.0,0.0,0.0,0.0
1002448,0.0,0.0,0.0,0.0,0.0,0.0,0.0
1002449,0.0,0.0,1.0,0.0,0.0,0.0,0.0
1002570,0.0,0.0,0.0,0.0,0.0,0.0,0.0
1002573,0.0,0.0,1.0,0.0,0.0,0.0,0.0
1002574,0.0,0.0,0.0,0.0,0.0,0.0,0.0
1002576,0.0,0.0,1.0,0.0,0.0,0.0,0.0
1002671,0.0,0.0,1.0,0.0,1.0,0.0,0.0
1002674,0.0,0.0,1.0,0.0,0.0,0.0,0.0
1003190,0.0,0.0,1.0,0.0,1.0,0.0,0.0
1003191,0.0,0.0,1.0,0.0,0.0,0.0,0.0
1003192,0.0,0.0,1.0,0.0,1.0,0.0,0.0
1003193,0.0,0.0,1.0,0.0,0.0,0.0,0.0
1004470,0.0,0.0,1.0,0.0,1.0,0.0,0.0
1004473,0.0,0.0,1.0,0.0,0.0,0.0,0.0
1004477,0.0,0.0,1.0,0.0,1.0,0.0,0.0
1004479,0.0,0.0,1.0,0.0,2.0,0.0,0.0
1004480,0.0,0.0,1.0,0.0,0.0,0.0,0.0
1005028,0.0,0.0,1.0,0.0,1.0,0.0,0.0
1005029,0.0,0.0,1.0,0.0,0.0,0.0,0.0
1005727,0.0,2.0,1.0,0.0,0.0,0.0,0.0
1005728,0.0,0.0,1.0,0.0,0.0,0.0,0.0
1005830,0.0,0.0,1.0,0.0,1.0,0.0,0.0
1005833,0.0,0.0,1.0,0.0,0.0,0.0,0.0
1007612,0.0,0.0,1.0,0.0,1.0,0.0,0.0
1007613,0.0,0.0,1.0,0.0,0.0,0.0,0.0
1007614,0.0,0.0,1.0,0.0,1.0,0.0,0.0
1007617,0.0,0.0,1.0,0.0,0.0,0.0,0.0
1008272,0.0,0.0,1.0,0.0,1.0,0.0,0.0
1008273,0.0,0.0,1.0,0.0,0.0,0.0,0.0
1008888,0.0,0.0,1.0,0.0,1.0,0.0,0.0
1008891,0.0,0.0,1.0,0.0,0.0,0.0,0.0
1012187,0.0,0.0,1.0,0.0,1.0,0.0,0.0
1012188,0.0,0.0,1.0,0.0,0.0,0.0,0.0
1013655,0.0,0.0,1.0,0.0,1.0,0.0,0.0
1013656,0.0,0.0,1.0,0.0,0.0,0.0,0.0
1013659,0.0,0.0,1.0,0.0,1.0,0.0,0.0
1013664,0.0,0.0,1.0,0.0,2.0,0.0,0.0
1013665,0.0,0.0,1.0,0.0,0.0,0.0,0.0
1013973,0.0,0.0,1.0,0.0,1.0,0.0,0.0
1013974,0.0,0.0,1.0,0.0,0.0,0.0,0.0
1015830,0.0,0.0,1.0,0.0,1.0,0.0,0.0
1015831,0.0,0.0,1.0,0.0,0.0,0.0,0.0
1016610,0.0,0.0,1.0,0.0,1.0,0.0,0.0
1016611,0.0,0.0,1.0,0.0,0.0,0.0,0.0
1016825,0.0,0.0,1.0,0.0,1.0,0.0,0.0
1016826,0.0,0.0,1.0,0.0,0.0,0.0,0.0
1016827,0.0,0.0,1.0,0.0,1.0,0.0,0.0
1016828,0.0,0.0,1.0,0.0,0.0,0.0,0.0
1016913,0.0,0.0,1.0,0.0,1.0,0.0,0.0
1016914,0.0,0.0,1.0,0.0,0.0,0.0,0.0
1016918,0.0,0.0,1.0,0.0,1.0,0.0,0.0
1016919,0.0,0.0,1.0,0.0,0.0,0.0,0.0
1017599,0.0,0.0,1.0,0.0,1.0,0.0,0.0
1017600,0.0,0.0,1.0,0.0,0.0,0.0,0.0
1017604,0.0,0.0,1.0,0.0,1.0,0.0,0.0
1017611,0.0,0.0,1.0,0.0,0.0,0.0,0.0
1017612,0.0,0.0,1.0,0.0,1.0,0.0,0.0
1017613,0.0,0.0,1.0,0.0,0.0,0.0,0.0
1020658,0.0,0.0,1.0,0.0,1.0,0.0,0.0
1020659,0.0,0.0,1.0,0.0,0.0,0.0,0.0
1022990,0.0,0.0,1.0,0.0,1.0,0.0,0.0
1022992,0.0,0.0,1.0,0.0,2.0,0.0,0.0
1022993,0.0,0.0,1.0,0.0,0.0,0.0,0.0
1023762,0.0,0.0,1.0,0.0,1.0,0.0,0.0
1023764,0.0,0.0,1.0,0.0,0.0,0.0,0.0
1023768,0.0,0.0,1.0,0.0,1.0,0.0,0.0
1023769,0.0,0.0,1.0,0.0,0.0,0.0,0.0
1024685,0.0,0.0,1.0,1.0,0.0,0.0,0.0
1024686,0.0,0.0,1.0,0.0,0.0,0.0,0.0
1024687,0.0,0.0,1.0,1.0,0.0,0.0,0.0
1024688,0.0,0.0,1.0,0.0,0.0,0.0,0.0
1024689,0.0,0.0,1.0,1.0,0.0,0.0,0.0
1024690,0.0,0.0,1.0,0.0,0.0,0.0,0.0
1024693,0.0,0.0,1.0,1.0,1.0,0.0,0.0
1024694,0.0,0.0,1.0,0.0,0.0,0.0,0.0
1025137,0.0,0.0,1.0,0.0,1.0,0.0,0.0
1025139,0.0,0.0,1.0,0.0,0.0,0.0,0.0
1025140,0.0,0.0,1.0,0.0,1.0,0.0,0.0
1025141,0.0,0.0,1.0,0.0,0.0,0.0,0.0
1027229,0.0,0.0,1.0,0.0,1.0,0.0,0.0
1027231,0.0,0.0,1.0,0.0,2.0,0.0,0.0
1027232,0.0,0.0,1.0,0.0,0.0,0.0,0.0
1027989,0.0,0.0,1.0,0.0,1.0,0.0,0.0
1027990,0.0,0.0,1.0,0.0,0.0,0.0,0.0
1029404,0.0,0.0,1.0,0.0,1.0,0.0,0.0
1029405,0.0,0.0,1.0,0.0,0.0,0.0,0.0
1029406,0.0,0.0,1.0,0.0,1.0,0.0,0.0
1029407,0.0,0.0,1.0,0.0,0.0,0.0,0.0
1030351,0.0,0.0,1.0,0.0,1.0,0.0,0.0
1030352,0.0,0.0,1.0,0.0,0.0,0.0,0.0
1030353,0.0,0.0,1.0,0.0,1.0,0.0,0.0
1030354,0.0,0.0,1.0,0.0,0.0,0.0,0.0
1031023,0.0,0.0,1.0,0.0,1.0,0.0,0.0
1031026,0.0,0.0,1.0,0.0,2.0,0.0,0.0
1031027,0.0,0.0,1.0,0.0,0.0,0.0,0.0
1031943,0.0,0.0,1.0,0.0,1.0,0.0,0.0
1031945,0.0,0.0,1.0,0.0,2.0,0.0,0.0
1031946,0.0,0.0,1.0,0.0,0.0,0.0,0.0
1033737,0.0,0.0,1.0,0.0,1.0,0.0,0.0
1033739,0.0,0.0,1.0,0.0,2.0,0.0,0.0
1033740,0.0,0.0,1.0,0.0,0.0,0.0,0.0
1035005,0.0,0.0,1.0,0.0,1.0,0.0,0.0
1035006,0.0,0.0,1.0,0.0,0.0,0.0,0.0
1035589,0.0,0.0,1.0,0.0,1.0,0.0,0.0
1035592,0.0,0.0,1.0,0.0,0.0,0.0,0.0
1035704,0.0,0.0,1.0,0.0,1.0,0.0,0.0
1035705,0.0,0.0,1.0,0.0,0.0,0.0,0.0
1035707,0.0,0.0,1.0,0.0,1.0,0.0,0.0
1035708,0.0,0.0,1.0,0.0,0.0,0.0,0.0
1037088,0.0,0.0,1.0,0.0,1.0,0.0,0.0
1037091,0.0,0.0,1.0,0.0,0.0,0.0,0.0
1037093,0.0,0.0,1.0,0.0,1.0,0.0,0.0
1037094,0.0,0.0,1.0,0.0,0.0,0.0,0.0
1037129,0.0,2.0,1.0,0.0,0.0,0.0,0.0
1037130,0.0,0.0,1.0,0.0,0.0,0.0,0.0
1037160,0.0,0.0,1.0,0.0,1.0,0.0,0.0
1037161,0.0,0.0,1.0,0.0,0.0,0.0,0.0
1037164,0.0,0.0,1.0,0.0,1.0,0.0,0.0
1037166,0.0,0.0,1.0,0.0,0.0,0.0,0.0
1038310,0.0,0.0,1.0,0.0,1.0,0.0,0.0
1038312,0.0,0.0,1.0,0.0,2.0,0.0,0.0
1038313,0.0,0.0,1.0,0.0,0.0,0.0,0.0
1039751,0.0,0.0,1.0,0.0,1.0,0.0,0.0
1039752,0.0,0.0,1.0,0.0,0.0,0.0,0.0
1042368,0.0,0.0,1.0,0.0,1.0,0.0,0.0
1042370,0.0,0.0,1.0,0.0,0.0,0.0,0.0
1042371,0.0,0.0,1.0,0.0,1.0,0.0,0.0
1042375,0.0,0.0,1.0,0.0,2.0,0.0,0.0
1042376,0.0,0.0,1.0,0.0,0.0,0.0,0.0
1044772,0.0,0.0,1.0,0.0,1.0,0.0,0.0
1044773,0.0,0.0,1.0,0.0,0.0,0.0,0.0
1044774,0.0,0.0,1.0,0.0,1.0,0.0,0.0
1044775,0.0,0.0,1.0,0.0,0.0,0.0,0.0
1044792,0.0,0.0,1.0,0.0,1.0,0.0,0.0
1044794,0.0,0.0,1.0,0.0,2.0,0.0,0.0
1044795,0.0,0.0,1.0,0.0,0.0,0.0,0.0
1047577,0.0,0.0,1.0,0.0,1.0,0.0,0.0
1047580,0.0,0.0,1.0,0.0,0.0,0.0,0.0
1047584,0.0,0.0,1.0,0.0,1.0,0.0,0.0
1047586,0.0,0.0,1.0,0.0,2.0,0.0,0.0
1047587,0.0,0.0,1.0,0.0,0.0,0.0,0.0
1047920,0.0,0.0,1.0,0.0,1.0,0.0,0.0
1047921,0.0,0.0,1.0,0.0,0.0,0.0,0.0
1047931,0.0,0.0,1.0,0.0,1.0,0.0,0.0
1047934,0.0,0.0,1.0,0.0,0.0,0.0,0.0
1048196,0.0,0.0,1.0,0.0,1.0,0.0,0.0
1048197,0.0,0.0,1.0,0.0,0.0,0.0,0.0
1050592,0.0,0.0,1.0,0.0,1.0,0.0,0.0
1050593,0.0,0.0,1.0,0.0,0.0,0.0,0.0
1050597,0.0,0.0,1.0,0.0,1.0,0.0,0.0
1050600,0.0,0.0,1.0,0.0,0.0,0.0,0.0
1050602,0.0,0.0,1.0,0.0,1.0,0.0,0.0
1050603,0.0,0.0,1.0,0.0,0.0,0.0,0.0
1051418,0.0,0.0,1.0,0.0,1.0,0.0,0.0
1051423,0.0,0.0,1.0,0.0,2.0,0.0,0.0
1051424,0.0,0.0,1.0,0.0,0.0,0.0,0.0
1051895,0.0,0.0,1.0,0.0,1.0,0.0,0.0
1051898,0.0,0.0,1.0,0.0,2.0,0.0,0.0
1051899,0.0,0.0,1.0,0.0,0.0,0.0,0.0
1053540,0.0,0.0,1.0,0.0,1.0,0.0,0.0
1053545,0.0,0.0,1.0,0.0,0.0,0.0,0.0
1053547,0.0,0.0,1.0,0.0,1.0,0.0,0.0
1053548,0.0,0.0,1.0,0.0,0.0,0.0,0.0
1053775,0.0,2.0,1.0,0.0,0.0,0.0,0.0
1053776,0.0,0.0,1.0,0.0,0.0,0.0,0.0
1055597,0.0,0.0,1.0,0.0,1.0,0.0,0.0
1055598,0.0,0.0,1.0,0.0,0.0,0.0,0.0
1057425,0.0,0.0,1.0,0.0,1.0,0.0,0.0
1057426,0.0,0.0,1.0,0.0,0.0,0.0,0.0
1059096,0.0,0.0,1.0,0.0,1.0,0.0,0.0
1059097,0.0,0.0,1.0,0.0,0.0,0.0,0.0
1059703,0.0,0.0,1.0,0.0,1.0,0.0,0.0
1059704,0.0,0.0,1.0,0.0,0.0,0.0,0.0
1060205,0.0,0.0,1.0,0.0,1.0,0.0,0.0
1060206,0.0,0.0,1.0,0.0,0.0,0.0,0.0
1060213,0.0,0.0,1.0,0.0,1.0,0.0,0.0
1060214,0.0,0.0,1.0,0.0,0.0,0.0,0.0
1060231,0.0,0.0,1.0,0.0,1.0,0.0,0.0
1060233,0.0,0.0,1.0,0.0,0.0,0.0,0.0
1060234,0.0,0.0,1.0,0.0,1.0,0.0,0.0
1060235,0.0,0.0,1.0,0.0,0.0,0.0,0.0
1060573,0.0,0.0,1.0,0.0,1.0,0.0,0.0
1060574,0.0,0.0,1.0,0.0,0.0,0.0,0.0
1060575,0.0,0.0,1.0,0.0,1.0,0.0,0.0
1060579,0.0,0.0,1.0,0.0,0.0,0.0,0.0
1060686,0.0,0.0,1.0,0.0,1.0,0.0,0.0
1060687,0.0,0.0,1.0,0.0,0.0,0.0,0.0
1061773,0.0,0.0,1.0,0.0,1.0,0.0,0.0
1061774,0.0,0.0,1.0,0.0,0.0,0.0,0.0
1061776,0.0,0.0,1.0,0.0,1.0,0.0,0.0
1061777,0.0,0.0,1.0,0.0,0.0,0.0,0.0
1061854,0.0,0.0,1.0,0.0,1.0,0.0,0.0
1061855,0.0,0.0,1.0,0.0,0.0,0.0,0.0
1061857,0.0,0.0,1.0,0.0,1.0,0.0,0.0
1061858,0.0,0.0,1.0,0.0,0.0,0.0,0.0
1063745,0.0,0.0,1.0,0.0,1.0,0.0,0.0
1063746,0.0,0.0,1.0,0.0,0.0,0.0,0.0
1064850,0.0,0.0,1.0,0.0,1.0,0.0,0.0
1064851,0.0,0.0,1.0,0.0,0.0,0.0,0.0
1064852,0.0,0.0,1.0,0.0,1.0,0.0,0.0
1064858,0.0,0.0,1.0,0.0,0.0,0.0,0.0
1064861,0.0,0.0,1.0,0.0,1.0,0.0,0.0
1064866,0.0,0.0,1.0,0.0,2.0,0.0,0.0
1064867,0.0,0.0,1.0,0.0,0.0,0.0,0.0
1065348,0.0,0.0,1.0,0.0,1.0,0.0,0.0
1065349,0.0,0.0,1.0,0.0,0.0,0.0,0.0
1065350,0.0,0.0,1.0,0.0,1.0,0.0,0.0
1065351,0.0,0.0,1.0,0.0,0.0,0.0,0.0
1065681,0.0,0.0,1.0,0.0,1.0,0.0,0.0
1065683,0.0,0.0,1.0,0.0,2.0,0.0,0.0
1065684,0.0,0.0,1.0,0.0,0.0,0.0,0.0
1067417,0.0,0.0,1.0,0.0,1.0,0.0,0.0
1067421,0.0,0.0,1.0,0.0,0.0,0.0,0.0
1068247,0.0,0.0,1.0,0.0,1.0,0.0,0.0
1068248,0.0,0.0,1.0,0.0,0.0,0.0,0.0
1068249,0.0,0.0,1.0,0.0,1.0,0.0,0.0
1068250,0.0,0.0,1.0,0.0,0.0,0.0,0.0
1068251,0.0,0.0,1.0,0.0,1.0,0.0,0.0
1068254,0.0,0.0,1.0,0.0,0.0,0.0,0.0
1068281,0.0,0.0,1.0,0.0,1.0,0.0,0.0
1068282,0.0,0.0,1.0,0.0,0.0,0.0,0.0
1068945,0.0,0.0,1.0,0.0,1.0,0.0,0.0
1068946,0.0,0.0,1.0,0.0,0.0,0.0,0.0
1068947,0.0,0.0,1.0,0.0,1.0,0.0,0.0
1068954,0.0,0.0,1.0,0.0,2.0,0.0,0.0
1068955,0.0,0.0,1.0,0.0,0.0,0.0,0.0
1071515,0.0,0.0,1.0,0.0,1.0,0.0,0.0
1071516,0.0,0.0,1.0,0.0,0.0,0.0,0.0
1071533,0.0,0.0,1.0,0.0,1.0,0.0,0.0
1071539,0.0,0.0,1.0,0.0,0.0,0.0,0.0
1071545,0.0,0.0,1.0,0.0,1.0,0.0,0.0
1071546,0.0,0.0,1.0,0.0,0.0,0.0,0.0
1071797,0.0,0.0,1.0,0.0,1.0,0.0,0.0
1071798,0.0,0.0,1.0,0.0,0.0,0.0,0.0
1071809,0.0,0.0,1.0,0.0,1.0,0.0,0.0
1071810,0.0,0.0,1.0,0.0,0.0,0.0,0.0
1071811,0.0,0.0,1.0,0.0,1.0,0.0,0.0
1071814,0.0,0.0,1.0,0.0,0.0,0.0,0.0
1072450,0.0,2.0,1.0,0.0,0.0,0.0,0.0
1072451,0.0,0.0,1.0,0.0,0.0,0.0,0.0
1073263,0.0,0.0,1.0,0.0,1.0,0.0,0.0
1073264,0.0,0.0,1.0,0.0,0.0,0.0,0.0
1074968,0.0,0.0,1.0,0.0,1.0,0.0,0.0
1074969,0.0,0.0,1.0,0.0,0.0,0.0,0.0
1074970,0.0,0.0,1.0,0.0,1.0,0.0,0.0
1074973,0.0,0.0,1.0,0.0,0.0,0.0,0.0
1076693,0.0,0.0,1.0,0.0,1.0,0.0,0.0
1076694,0.0,0.0,1.0,0.0,0.0,0.0,0.0
1078701,0.0,0.0,1.0,0.0,1.0,0.0,0.0
1078702,0.0,0.0,1.0,0.0,0.0,0.0,0.0
1079243,0.0,0.0,1.0,0.0,1.0,0.0,0.0
1079249,0.0,0.0,1.0,0.0,0.0,0.0,0.0
1079252,0.0,0.0,1.0,0.0,1.0,0.0,0.0
1079253,0.0,0.0,1.0,0.0,0.0,0.0,0.0
1079254,0.0,0.0,1.0,0.0,1.0,0.0,0.0
1079255,0.0,0.0,1.0,0.0,0.0,0.0,0.0
1079257,0.0,0.0,1.0,0.0,1.0,0.0,0.0
1079258,0.0,0.0,1.0,0.0,0.0,0.0,0.0
1079259,0.0,0.0,1.0,0.0,1.0,0.0,0.0
1079260,0.0,0.0,1.0,0.0,0.0,0.0,0.0
1079643,0.0,0.0,1.0,0.0,1.0,0.0,0.0
1079645,0.0,0.0,1.0,0.0,0.0,0.0,0.0
1081939,0.0,0.0,1.0,0.0,1.0,0.0,0.0
1081941,0.0,0.0,1.0,0.0,0.0,0.0,0.0
1082775,0.0,0.0,1.0,0.0,1.0,0.0,0.0
1082778,0.0,0.0,1.0,0.0,0.0,0.0,0.0
1082790,0.0,0.0,1.0,0.0,1.0,0.0,0.0
1082791,0.0,0.0,1.0,0.0,0.0,0.0,0.0
1082795,0.0,0.0,1.0,0.0,1.0,0.0,0.0
1082796,0.0,0.0,1.0,0.0,0.0,0.0,0.0
1083352,0.0,0.0,1.0,0.0,1.0,0.0,0.0
1083353,0.0,0.0,1.0,0.0,0.0,0.0,0.0
1083354,0.0,0.0,1.0,0.0,1.0,0.0,0.0
1083355,0.0,0.0,1.0,0.0,0.0,0.0,0.0
1083356,0.0,0.0,1.0,0.0,1.0,0.0,0.0
1083357,0.0,0.0,1.0,0.0,0.0,0.0,0.0
1084185,0.0,0.0,1.0,0.0,1.0,0.0,0.0
1084187,0.0,0.0,1.0,0.0,0.0,0.0,0.0
1084188,0.0,0.0,1.0,0.0,1.0,0.0,0.0
1084189,0.0,0.0,1.0,0.0,0.0,0.0,0.0
1084190,0.0,0.0,1.0,0.0,1.0,0.0,0.0
1084191,0.0,0.0,1.0,0.0,0.0,0.0,0.0
1085779,0.0,0.0,1.0,0.0,1.0,0.0,0.0
1085780,0.0,0.0,1.0,0.0,0.0,0.0,0.0
1085781,0.0,0.0,1.0,0.0,1.0,0.0,0.0
1085782,0.0,0.0,1.0,0.0,0.0,0.0,0.0
1088385,0.0,0.0,1.0,0.0,1.0,0.0,0.0
1088386,0.0,0.0,1.0,0.0,0.0,0.0,0.0
1088400,0.0,0.0,1.0,0.0,1.0,0.0,0.0
1088404,0.0,0.0,1.0,0.0,0.0,0.0,0.0
1088716,0.0,0.0,1.0,0.0,1.0,0.0,0.0
1088717,0.0,0.0,1.0,0.0,0.0,0.0,0.0
1089234,0.0,0.0,1.0,0.0,1.0,0.0,0.0
1089236,0.0,0.0,1.0,0.0,0.0,0.0,0.0
1089875,0.0,0.0,1.0,0.0,1.0,0.0,0.0
1089876,0.0,0.0,1.0,0.0,0.0,0.0,0.0
1089877,0.0,0.0,1.0,0.0,1.0,0.0,0.0
1089881,0.0,0.0,1.0,0.0,0.0,0.0,0.0
1092045,0.0,0.0,1.0,0.0,1.0,0.0,0.0
1092046,0.0,0.0,1.0,0.0,0.0,0.0,0.0
1092631,0.0,0.0,1.0,0.0,1.0,0.0,0.0
1092632,0.0,0.0,1.0,0.0,0.0,0.0,0.0
1092633,0.0,0.0,1.0,0.0,1.0,0.0,0.0
1092634,0.0,0.0,1.0,0.0,0.0,0.0,0.0
1092664,0.0,0.0,1.0,0.0,1.0,0.0,0.0
1092672,0.0,0.0,1.0,0.0,0.0,0.0,0.0
1095119,0.0,0.0,1.0,0.0,1.0,0.0,0.0
1095120,0.0,0.0,1.0,0.0,0.0,0.0,0.0
1095121,0.0,0.0,1.0,0.0,1.0,0.0,0.0
1095122,0.0,0.0,1.0,0.0,2.0,0.0,0.0
1095123,0.0,0.0,1.0,0.0,0.0,0.0,0.0
1095485,0.0,0.0,1.0,0.0,1.0,0.0,0.0
1095486,0.0,0.0,1.0,0.0,0.0,0.0,0.0
1095487,0.0,0.0,1.0,0.0,1.0,0.0,0.0
1095488,0.0,0.0,1.0,0.0,0.0,0.0,0.0
1096101,0.0,0.0,1.0,0.0,1.0,0.0,0.0
1096102,0.0,0.0,1.0,0.0,0.0,0.0,0.0
1096713,0.0,0.0,1.0,0.0,1.0,0.0,0.0
1096714,0.0,0.0,1.0,0.0,0.0,0.0,0.0
1097313,0.0,0.0,1.0,0.0,1.0,0.0,0.0
1097316,0.0,0.0,1.0,0.0,0.0,0.0,0.0
1097317,0.0,0.0,1.0,0.0,1.0,0.0,0.0
1097318,0.0,0.0,1.0,0.0,0.0,0.0,0.0
1097986,0.0,0.0,1.0,0.0,1.0,0.0,0.0
1097987,0.0,0.0,1.0,0.0,0.0,0.0,0.0
1099059,0.0,0.0,1.0,0.0,1.0,0.0,0.0
1099060,0.0,0.0,1.0,0.0,0.0,0.0,0.0
1099069,0.0,0.0,1.0,0.0,1.0,0.0,0.0
1099070,0.0,0.0,1.0,0.0,0.0,0.0,0.0
1099078,0.0,0.0,1.0,0.0,1.0,0.0,0.0
1099083,0.0,0.0,1.0,0.0,2.0,0.0,0.0
1099084,0.0,0.0,1.0,0.0,0.0,0.0,0.0
1099480,0.0,0.0,1.0,0.0,1.0,0.0,0.0
1099485,0.0,0.0,1.0,0.0,0.0,0.0,0.0
1102664,0.0,0.0,1.0,0.0,1.0,0.0,0.0
1102665,0.0,0.0,1.0,0.0,0.0,0.0,0.0
1106541,0.0,0.0,1.0,0.0,1.0,0.0,0.0
1106542,0.0,0.0,1.0,0.0,0.0,0.0,0.0
1107268,0.0,0.0,1.0,0.0,1.0,0.0,0.0
1107269,0.0,0.0,1.0,0.0,2.0,0.0,0.0
1107270,0.0,0.0,1.0,0.0,0.0,0.0,0.0
1108578,0.0,0.0,1.0,0.0,1.0,0.0,0.0
1108579,0.0,0.0,1.0,0.0,0.0,0.0,0.0
1108588,0.0,0.0,1.0,0.0,1.0,0.0,0.0
1108589,0.0,0.0,1.0,0.0,0.0,0.0,0.0
1111783,0.0,0.0,1.0,0.0,1.0,0.0,0.0
1111784,0.0,0.0,1.0,0.0,0.0,0.0,0.0
1112889,0.0,0.0,0.0,0.0,0.0,0.0,0.0
1112891,0.0,0.0,1.0,0.0,0.0,0.0,0.0
1112938,0.0,0.0,0.0,0.0,0.0,0.0,0.0
1113017,0.0,0.0,1.0,0.0,0.0,0.0,0.0
1113024,0.0,0.0,0.0,0.0,0.0,0.0,0.0
1113025,0.0,0.0,1.0,0.0,0.0,0.0,0.0
1113028,0.0,0.0,0.0,0.0,0.0,0.0,0.0
1113035,0.0,0.0,1.0,0.0,0.0,0.0,0.0
1113057,0.0,0.0,0.0,0.0,0.0,0.0,0.0
1114223,0.0,0.0,0.0,0.0,1.0,0.0,0.0
1114224,0.0,0.0,0.0,0.0,0.0,0.0,0.0
1114225,0.0,0.0,0.0,0.0,1.0,0.0,0.0
1114227,0.0,0.0,0.0,0.0,0.0,0.0,0.0
1114231,0.0,0.0,0.0,0.0,1.0,0.0,0.0
1114232,0.0,0.0,0.0,0.0,0.0,0.0,0.0
1115457,0.0,0.0,0.0,0.0,1.0,0.0,0.0
1115461,0.0,0.0,0.0,0.0,0.0,0.0,0.0
1118698,0.0,0.0,0.0,0.0,1.0,0.0,0.0
1118699,0.0,0.0,0.0,0.0,0.0,0.0,0.0
1118700,0.0,0.0,0.0,0.0,1.0,0.0,0.0
1118703,0.0,0.0,0.0,0.0,0.0,0.0,0.0
1121485,0.0,0.0,0.0,0.0,1.0,0.0,0.0
1121486,0.0,0.0,0.0,0.0,0.0,0.0,0.0
1124502,0.0,0.0,0.0,0.0,1.0,0.0,0.0
1124503,0.0,0.0,0.0,0.0,0.0,0.0,0.0
1124504,0.0,0.0,0.0,0.0,1.0,0.0,0.0
1124506,0.0,0.0,0.0,0.0,0.0,0.0,0.0
1127986,0.0,0.0,0.0,0.0,1.0,0.0,0.0
1127990,0.0,0.0,0.0,0.0,0.0,0.0,0.0
1128271,0.0,0.0,0.0,0.0,1.0,0.0,0.0
1128274,0.0,0.0,0.0,0.0,0.0,0.0,0.0
1129245,0.0,0.0,0.0,0.0,1.0,0.0,0.0
1129246,0.0,0.0,0.0,0.0,0.0,0.0,0.0
1131244,0.0,0.0,0.0,0.0,1.0,0.0,0.0
1131245,0.0,0.0,0.0,0.0,0.0,0.0,0.0
1131246,0.0,0.0,0.0,0.0,1.0,0.0,0.0
1131247,0.0,0.0,0.0,0.0,0.0,0.0,0.0
1131249,0.0,0.0,0.0,0.0,1.0,0.0,0.0
1131252,0.0,0.0,0.0,0.0,0.0,0.0,0.0
1131254,0.0,0.0,0.0,0.0,1.0,0.0,0.0
1131255,0.0,0.0,0.0,0.0,0.0,0.0,0.0
1133206,0.0,0.0,0.0,0.0,1.0,0.0,0.0
1133207,0.0,0.0,0.0,0.0,0.0,0.0,0.0
1133208,0.0,0.0,0.0,0.0,1.0,0.0,0.0
1133210,0.0,0.0,0.0,0.0,0.0,0.0,0.0
1133211,0.0,0.0,0.0,0.0,1.0,0.0,0.0
1133212,0.0,0.0,0.0,0.0,0.0,0.0,0.0
1134881,0.0,0.0,0.0,0.0,1.0,0.0,0.0
1134882,0.0,0.0,0.0,0.0,0.0,0.0,0.0
1134883,0.0,0.0,0.0,0.0,1.0,0.0,0.0
1134884,0.0,0.0,0.0,0.0,0.0,0.0,0.0
1136165,0.0,0.0,0.0,0.0,1.0,0.0,0.0
1136166,0.0,0.0,0.0,0.0,0.0,0.0,0.0
1140443,0.0,0.0,0.0,0.0,1.0,0.0,0.0
1140444,0.0,0.0,0.0,0.0,0.0,0.0,0.0
1140712,0.0,0.0,0.0,0.0,1.0,0.0,0.0
1140713,0.0,0.0,0.0,0.0,0.0,0.0,0.0
1140717,0.0,0.0,0.0,0.0,1.0,0.0,0.0
1140718,0.0,0.0,0.0,0.0,0.0,0.0,0.0
1140722,0.0,0.0,0.0,0.0,1.0,0.0,0.0
1140723,0.0,0.0,0.0,0.0,0.0,0.0,0.0
1141105,0.0,0.0,0.0,0.0,1.0,0.0,0.0
1141107,0.0,0.0,0.0,0.0,2.0,0.0,0.0
1141108,0.0,0.0,0.0,0.0,0.0,0.0,0.0
1144587,0.0,0.0,0.0,0.0,1.0,0.0,0.0
1144588,0.0,0.0,0.0,0.0,0.0,0.0,0.0
1144589,0.0,0.0,0.0,0.0,1.0,0.0,0.0
1144590,0.0,0.0,0.0,0.0,0.0,0.0,0.0
1146974,0.0,0.0,0.0,0.0,1.0,0.0,0.0
1146975,0.0,0.0,0.0,0.0,0.0,0.0,0.0
1147199,0.0,0.0,0.0,0.0,1.0,0.0,0.0
1147201,0.0,0.0,0.0,0.0,0.0,0.0,0.0
1147202,0.0,0.0,0.0,0.0,1.0,0.0,0.0
1147203,0.0,0.0,0.0,0.0,0.0,0.0,0.0
1147210,0.0,0.0,0.0,0.0,1.0,0.0,0.0
1147214,0.0,0.0,0.0,0.0,0.0,0.0,0.0
1147396,0.0,0.0,0.0,0.0,1.0,0.0,0.0
1147399,0.0,0.0,0.0,0.0,0.0,0.0,0.0
1147403,0.0,0.0,0.0,0.0,1.0,0.0,0.0
1147405,0.0,0.0,0.0,0.0,0.0,0.0,0.0
1149486,0.0,0.0,0.0,0.0,1.0,0.0,0.0
1149487,0.0,0.0,0.0,0.0,0.0,0.0,0.0
1153939,0.0,0.0,0.0,0.0,1.0,0.0,0.0
1153941,0.0,0.0,0.0,0.0,0.0,0.0,0.0
1154583,0.0,0.0,0.0,0.0,1.0,0.0,0.0
1154584,0.0,0.0,0.0,0.0,0.0,0.0,0.0
1154585,0.0,0.0,0.0,0.0,1.0,0.0,0.0
1154586,0.0,0.0,0.0,0.0,0.0,0.0,0.0
1154648,0.0,0.0,0.0,0.0,1.0,0.0,0.0
1154649,0.0,0.0,0.0,0.0,0.0,0.0,0.0
1155394,0.0,0.0,0.0,0.0,1.0,0.0,0.0
1155395,0.0,0.0,0.0,0.0,0.0,0.0,0.0
1155996,0.0,0.0,0.0,0.0,1.0,0.0,0.0
1155997,0.0,0.0,0.0,0.0,0.0,0.0,0.0
1156337,0.0,0.0,0.0,0.0,1.0,0.0,0.0
1156341,0.0,0.0,0.0,0.0,0.0,0.0,0.0
1157938,0.0,0.0,0.0,0.0,1.0,0.0,0.0
1157939,0.0,0.0,0.0,0.0,0.0,0.0,0.0
1157949,0.0,0.0,0.0,0.0,1.0,0.0,0.0
1157950,0.0,0.0,0.0,0.0,0.0,0.0,0.0
1158060,0.0,0.0,0.0,0.0,1.0,0.0,0.0
1158062,0.0,0.0,0.0,0.0,0.0,0.0,0.0
1158890,0.0,0.0,0.0,0.0,1.0,0.0,0.0
1158891,0.0,0.0,0.0,0.0,0.0,0.0,0.0
1159222,0.0,0.0,0.0,0.0,1.0,0.0,0.0
1159223,0.0,0.0,0.0,0.0,0.0,0.0,0.0
1159228,0.0,0.0,0.0,0.0,1.0,0.0,0.0
1159229,0.0,0.0,0.0,0.0,0.0,0.0,0.0
1160018,0.0,0.0,0.0,0.0,1.0,0.0,0.0
1160019,0.0,0.0,0.0,0.0,0.0,0.0,0.0
1162709,0.0,0.0,0.0,0.0,1.0,0.0,0.0
1162710,0.0,0.0,0.0,0.0,0.0,0.0,0.0
1163289,0.0,0.0,0.0,0.0,1.0,0.0,0.0
1163290,0.0,0.0,0.0,0.0,0.0,0.0,0.0
1163436,0.0,0.0,0.0,0.0,1.0,0.0,0.0
1163437,0.0,0.0,0.0,0.0,0.0,0.0,0.0
1164902,0.0,0.0,0.0,0.0,1.0,0.0,0.0
1164905,0.0,0.0,0.0,0.0,0.0,0.0,0.0
1164906,0.0,0.0,0.0,0.0,1.0,0.0,0.0
1164908,0.0,0.0,0.0,0.0,0.0,0.0,0.0
1165463,0.0,0.0,0.0,0.0,1.0,0.0,0.0
1165464,0.0,0.0,0.0,0.0,0.0,0.0,0.0
1166809,0.0,0.0,0.0,0.0,1.0,0.0,0.0
1166810,0.0,0.0,0.0,0.0,0.0,0.0,0.0
1167590,0.0,0.0,0.0,0.0,1.0,0.0,0.0
1167591,0.0,0.0,0.0,0.0,0.0,0.0,0.0
1168062,0.0,0.0,0.0,0.0,1.0,0.0,0.0
1168063,0.0,0.0,0.0,0.0,0.0,0.0,0.0
1168065,0.0,0.0,0.0,0.0,1.0,0.0,0.0
1168066,0.0,0.0,0.0,0.0,0.0,0.0,0.0
1168081,0.0,0.0,0.0,0.0,1.0,0.0,0.0
1168082,0.0,0.0,0.0,0.0,0.0,0.0,0.0
1168084,0.0,0.0,0.0,0.0,1.0,0.0,0.0
1168085,0.0,0.0,0.0,0.0,0.0,0.0,0.0
1168392,0.0,0.0,0.0,0.0,1.0,0.0,0.0
1168393,0.0,0.0,0.0,0.0,0.0,0.0,0.0
1171027,0.0,0.0,0.0,0.0,1.0,0.0,0.0
1171029,0.0,0.0,0.0,0.0,0.0,0.0,0.0
1171059,0.0,0.0,0.0,0.0,1.0,0.0,0.0
1171063,0.0,0.0,0.0,0.0,0.0,0.0,0.0
1171067,0.0,0.0,0.0,0.0,1.0,0.0,0.0
1171068,0.0,0.0,0.0,0.0,0.0,0.0,0.0
1172558,0.0,0.0,0.0,0.0,1.0,0.0,0.0
1172559,0.0,0.0,0.0,0.0,0.0,0.0,0.0
1173762,0.0,0.0,0.0,0.0,1.0,0.0,0.0
1173763,0.0,0.0,0.0,0.0,0.0,0.0,0.0
1175611,0.0,0.0,0.0,1.0,0.0,0.0,0.0
1175612,0.0,0.0,0.0,0.0,0.0,0.0,0.0
1180719,0.0,0.0,0.0,0.0,1.0,0.0,0.0
1180720,0.0,0.0,0.0,0.0,0.0,0.0,0.0
1181907,0.0,0.0,0.0,0.0,1.0,0.0,0.0
1181909,0.0,0.0,0.0,0.0,0.0,0.0,0.0
1181911,0.0,0.0,0.0,0.0,1.0,0.0,0.0
1181913,0.0,0.0,0.0,0.0,2.0,0.0,0.0
1181914,0.0,0.0,0.0,0.0,0.0,0.0,0.0
1183438,0.0,0.0,0.0,0.0,1.0,0.0,0.0
1183439,0.0,0.0,0.0,0.0,0.0,0.0,0.0
1187468,0.0,0.0,0.0,0.0,1.0,0.0,0.0
1187469,0.0,0.0,0.0,0.0,0.0,0.0,0.0
1187473,0.0,0.0,0.0,0.0,1.0,0.0,0.0
1187474,0.0,0.0,0.0,0.0,0.0,0.0,0.0
1188170,0.0,0.0,0.0,0.0,1.0,0.0,0.0
1188171,0.0,0.0,0.0,0.0,0.0,0.0,0.0
1192132,0.0,0.0,0.0,0.0,1.0,0.0,0.0
1192134,0.0,0.0,0.0,0.0,0.0,0.0,0.0
1192162,0.0,0.0,0.0,0.0,1.0,0.0,0.0
1192163,0.0,0.0,0.0,0.0,0.0,0.0,0.0
1194929,0.0,0.0,0.0,0.0,1.0,0.0,0.0
1194932,0.0,0.0,0.0,0.0,0.0,0.0,0.0
1194986,0.0,0.0,0.0,0.0,1.0,0.0,0.0
1194987,0.0,0.0,0.0,0.0,2.0,0.0,0.0
1194988,0.0,0.0,0.0,0.0,0.0,0.0,0.0
1196733,0.0,0.0,0.0,0.0,1.0,0.0,0.0
1196734,0.0,0.0,0.0,0.0,0.0,0.0,0.0
1196736,0.0,0.0,0.0,0.0,1.0,0.0,0.0
1196737,0.0,0.0,0.0,0.0,0.0,0.0,0.0
1198711,0.0,0.0,0.0,0.0,1.0,0.0,0.0
1198712,0.0,0.0,0.0,0.0,0.0,0.0,0.0
1198713,0.0,0.0,0.0,0.0,1.0,0.0,0.0
1198714,0.0,0.0,0.0,0.0,0.0,0.0,0.0
1199001,0.0,0.0,0.0,0.0,1.0,0.0,0.0
1199002,0.0,0.0,0.0,0.0,0.0,0.0,0.0
1200000,0.0,0.0,0.0,0.0,0.0,0.0,1.0
1200001,0.0,0.0,0.0,0.0,0.0,0.0,0.0
1200332,0.0,0.0,0.0,0.0,1.0,0.0,0.0
1200333,0.0,0.0,0.0,0.0,0.0,0.0,0.0
1200606,0.0,0.0,0.0,0.0,1.0,0.0,0.0
1200608,0.0,0.0,0.0,0.0,2.0,0.0,0.0
1200609,0.0,0.0,0.0,0.0,0.0,0.0,0.0
1200892,2.0,0.0,0.0,0.0,0.0,1.0,0.0
1200893,0.0,0.0,0.0,0.0,0.0,0.0,0.0
1201444,0.0,0.0,0.0,0.0,1.0,0.0,0.0
1201445,0.0,0.0,0.0,0.0,0.0,0.0,0.0
1201486,0.0,0.0,1.0,0.0,0.0,0.0,0.0
1201487,0.0,0.0,0.0,0.0,0.0,0.0,0.0
1202371,0.0,0.0,1.0,0.0,0.0,0.0,0.0
1202372,0.0,0.0,0.0,0.0,0.0,0.0,0.0
1202394,0.0,0.0,1.0,0.0,0.0,0.0,0.0
1202396,0.0,0.0,0.0,0.0,0.0,0.0,0.0
1202397,0.0,0.0,1.0,0.0,0.0,0.0,0.0
1202404,0.0,0.0,0.0,0.0,0.0,0.0,0.0
1202419,0.0,0.0,1.0,0.0,0.0,0.0,0.0
1202421,0.0,0.0,0.0,0.0,0.0,0.0,0.0
1202536,0.0,0.0,1.0,0.0,0.0,0.0,0.0
1202543,0.0,0.0,0.0,0.0,0.0,0.0,0.0
1202552,0.0,0.0,1.0,0.0,0.0,0.0,0.0
1202555,0.0,0.0,0.0,0.0,0.0,0.0,0.0
1202566,0.0,0.0,1.0,0.0,0.0,0.0,0.0
1202575,0.0,0.0,0.0,0.0,0.0,0.0,0.0
1202631,0.0,0.0,1.0,0.0,0.0,0.0,0.0
1202632,0.0,0.0,0.0,0.0,0.0,0.0,0.0
1202635,0.0,0.0,1.0,0.0,0.0,0.0,0.0
1202636,0.0,0.0,0.0,0.0,0.0,0.0,0.0
1202638,0.0,0.0,1.0,0.0,0.0,0.0,0.0
1202640,0.0,0.0,0.0,0.0,0.0,0.0,0.0
1202754,0.0,0.0,1.0,0.0,0.0,0.0,0.0
1202770,0.0,0.0,0.0,0.0,0.0,0.0,0.0
1202772,0.0,0.0,1.0,0.0,0.0,0.0,0.0
1202774,0.0,0.0,0.0,0.0,0.0,0.0,0.0
1202776,0.0,0.0,1.0,0.0,0.0,0.0,0.0
1202794,0.0,0.0,0.0,0.0,0.0,0.0,0.0
1202796,0.0,0.0,1.0,0.0,0.0,0.0,0.0
1202798,0.0,0.0,0.0,0.0,0.0,0.0,0.0
1202799,0.0,0.0,1.0,0.0,0.0,0.0,0.0
1202847,0.0,0.0,0.0,0.0,0.0,0.0,0.0
1202848,0.0,0.0,1.0,0.0,0.0,0.0,0.0
1202855,0.0,0.0,0.0,0.0,0.0,0.0,0.0
1202866,0.0,0.0,1.0,0.0,0.0,0.0,0.0
1202867,0.0,0.0,0.0,0.0,0.0,0.0,0.0
1202870,0.0,0.0,1.0,0.0,0.0,0.0,0.0
1202871,0.0,0.0,0.0,0.0,0.0,0.0,0.0
1202874,0.0,0.0,1.0,0.0,0.0,0.0,0.0
1202875,0.0,0.0,0.0,0.0,0.0,0.0,0.0
1202876,0.0,0.0,1.0,0.0,0.0,0.0,0.0
1202879,0.0,0.0,0.0,0.0,0.0,0.0,0.0
1202881,0.0,0.0,1.0,0.0,0.0,0.0,0.0
1202883,0.0,0.0,0.0,0.0,0.0,0.0,0.0
1202884,0.0,0.0,1.0,0.0,0.0,0.0,0.0
1202895,0.0,0.0,0.0,0.0,0.0,0.0,0.0
1202904,0.0,0.0,1.0,0.0,0.0,0.0,0.0
1202911,0.0,0.0,0.0,0.0,0.0,0.0,0.0
1202912,0.0,0.0,1.0,0.0,0.0,0.0,0.0
1202928,0.0,0.0,0.0,0.0,0.0,0.0,0.0
1203194,0.0,0.0,1.0,0.0,0.0,0.0,0.0
1203195,0.0,0.0,0.0,0.0,0.0,0.0,0.0
1203278,0.0,0.0,1.0,0.0,0.0,0.0,0.0
1203284,0.0,0.0,0.0,0.0,0.0,0.0,0.0
1203286,0.0,0.0,1.0,0.0,0.0,0.0,0.0
1203312,0.0,0.0,0.0,0.0,0.0,0.0,0.0
1203313,0.0,0.0,1.0,0.0,0.0,0.0,0.0
1203320,0.0,0.0,0.0,0.0,0.0,0.0,0.0
1203380,0.0,0.0,1.0,0.0,0.0,0.0,0.0
1203381,0.0,0.0,0.0,0.0,0.0,0.0,0.0
1203383,0.0,0.0,1.0,0.0,0.0,0.0,0.0
1203385,0.0,0.0,0.0,0.0,0.0,0.0,0.0
1203461,0.0,0.0,1.0,0.0,0.0,0.0,0.0
1203474,0.0,0.0,0.0,0.0,0.0,0.0,0.0
1203477,0.0,0.0,1.0,0.0,0.0,0.0,0.0
1203478,0.0,0.0,0.0,0.0,0.0,0.0,0.0
1203515,0.0,0.0,1.0,0.0,0.0,0.0,0.0
1203654,0.0,0.0,1.0,0.0,1.0,0.0,0.0
1203658,0.0,0.0,1.0,0.0,0.0,0.0,0.0
1203942,0.0,0.0,0.0,0.0,0.0,0.0,0.0
1203947,0.0,0.0,1.0,0.0,0.0,0.0,0.0
1203950,0.0,0.0,0.0,0.0,0.0,0.0,0.0
1204266,0.0,0.0,1.0,0.0,0.0,0.0,0.0
1204285,0.0,0.0,0.0,0.0,0.0,0.0,0.0
1204286,0.0,0.0,1.0,0.0,0.0,0.0,0.0
1204293,0.0,0.0,0.0,0.0,0.0,0.0,0.0
1204295,0.0,0.0,1.0,0.0,0.0,0.0,0.0
1204559,0.0,0.0,0.0,0.0,0.0,0.0,0.0
1204610,0.0,0.0,1.0,0.0,0.0,0.0,0.0
1204640,0.0,0.0,0.0,0.0,0.0,0.0,0.0
1204641,0.0,0.0,1.0,0.0,0.0,0.0,0.0
1205799,0.0,0.0,1.0,0.0,1.0,0.0,0.0
1205800,0.0,0.0,1.0,0.0,0.0,0.0,0.0
1206773,0.0,0.0,1.0,0.0,1.0,0.0,0.0
1206774,0.0,0.0,1.0,0.0,0.0,0.0,0.0
1208137,0.0,0.0,0.0,0.0,0.0,0.0,0.0
1208140,0.0,0.0,1.0,0.0,0.0,0.0,0.0
1208141,0.0,0.0,0.0,0.0,0.0,0.0,0.0
1208142,0.0,0.0,1.0,0.0,0.0,0.0,0.0
1208539,0.0,0.0,1.0,0.0,1.0,0.0,0.0
1208540,0.0,0.0,1.0,0.0,0.0,0.0,0.0
1208541,0.0,0.0,1.0,0.0,1.0,0.0,0.0
1208542,0.0,0.0,1.0,0.0,0.0,0.0,0.0
1209160,0.0,0.0,1.0,0.0,1.0,0.0,0.0
1209161,0.0,0.0,1.0,0.0,0.0,0.0,0.0
1209162,0.0,0.0,1.0,0.0,1.0,0.0,0.0
1209163,0.0,0.0,1.0,0.0,0.0,0.0,0.0
1209188,0.0,0.0,1.0,0.0,1.0,0.0,0.0
1209189,0.0,0.0,1.0,0.0,0.0,0.0,0.0
1209869,0.0,0.0,0.0,0.0,0.0,0.0,0.0
1209874,0.0,0.0,1.0,0.0,0.0,0.0,0.0
1209877,0.0,0.0,0.0,0.0,0.0,0.0,0.0
1209878,0.0,0.0,1.0,0.0,0.0,0.0,0.0
1209918,0.0,0.0,0.0,0.0,0.0,0.0,0.0
1209919,0.0,0.0,1.0,0.0,0.0,0.0,0.0
1209922,0.0,0.0,0.0,0.0,0.0,0.0,0.0
1209923,0.0,0.0,1.0,0.0,0.0,0.0,0.0
1209946,0.0,0.0,0.0,0.0,0.0,0.0,0.0
1209960,0.0,0.0,1.0,0.0,0.0,0.0,0.0
1209962,0.0,0.0,0.0,0.0,0.0,0.0,0.0
1209965,0.0,0.0,1.0,0.0,0.0,0.0,0.0
1209966,0.0,0.0,0.0,0.0,0.0,0.0,0.0
1209972,0.0,0.0,1.0,0.0,0.0,0.0,0.0
1209974,0.0,0.0,0.0,0.0,0.0,0.0,0.0
1209975,0.0,0.0,1.0,0.0,0.0,0.0,0.0
1210014,0.0,0.0,1.0,0.0,1.0,0.0,0.0
1210015,0.0,0.0,1.0,0.0,0.0,0.0,0.0
1210016,0.0,0.0,1.0,0.0,1.0,0.0,0.0
1210017,0.0,0.0,1.0,0.0,0.0,0.0,0.0
1210188,0.0,0.0,1.0,0.0,1.0,0.0,0.0
1210189,0.0,0.0,1.0,0.0,0.0,0.0,0.0
1211040,0.0,0.0,0.0,0.0,0.0,0.0,0.0
1211109,0.0,0.0,1.0,0.0,0.0,0.0,0.0
1211112,0.0,0.0,0.0,0.0,0.0,0.0,0.0
1211289,0.0,0.0,1.0,0.0,0.0,0.0,0.0
1211296,0.0,0.0,0.0,0.0,0.0,0.0,0.0
1211339,0.0,0.0,1.0,0.0,0.0,0.0,0.0
1211340,0.0,0.0,0.0,0.0,0.0,0.0,0.0
1211385,0.0,0.0,1.0,0.0,0.0,0.0,0.0
1211388,0.0,0.0,0.0,0.0,0.0,0.0,0.0
1211410,0.0,0.0,1.0,0.0,0.0,0.0,0.0
1211480,0.0,0.0,0.0,0.0,0.0,0.0,0.0
1211481,0.0,0.0,1.0,0.0,0.0,0.0,0.0
1211492,0.0,0.0,0.0,0.0,0.0,0.0,0.0
1211518,0.0,0.0,1.0,0.0,0.0,0.0,0.0
1211520,0.0,0.0,0.0,0.0,0.0,0.0,0.0
1211522,0.0,0.0,1.0,0.0,0.0,0.0,0.0
1211532,0.0,0.0,0.0,0.0,0.0,0.0,0.0
1211533,0.0,0.0,1.0,0.0,0.0,0.0,0.0
1211536,0.0,0.0,0.0,0.0,0.0,0.0,0.0
1212264,0.0,0.0,1.0,0.0,0.0,0.0,0.0
1212265,0.0,0.0,0.0,0.0,0.0,0.0,0.0
1212271,0.0,0.0,1.0,0.0,0.0,0.0,0.0
1212273,0.0,0.0,0.0,0.0,0.0,0.0,0.0
1212279,0.0,0.0,1.0,0.0,0.0,0.0,0.0
1212325,0.0,0.0,0.0,0.0,0.0,0.0,0.0
1212625,0.0,0.0,0.0,0.0,1.0,0.0,0.0
1212626,0.0,0.0,0.0,0.0,0.0,0.0,0.0
1212920,0.0,0.0,1.0,0.0,0.0,0.0,0.0
1212922,0.0,0.0,0.0,0.0,0.0,0.0,0.0
1212925,0.0,0.0,1.0,0.0,0.0,0.0,0.0
1212926,0.0,0.0,0.0,0.0,0.0,0.0,0.0
1212927,0.0,0.0,1.0,0.0,0.0,0.0,0.0
1212930,0.0,0.0,0.0,0.0,0.0,0.0,0.0
1212945,0.0,0.0,1.0,0.0,0.0,0.0,0.0
1212946,0.0,0.0,0.0,0.0,0.0,0.0,0.0
1212948,0.0,0.0,1.0,0.0,0.0,0.0,0.0
1212950,0.0,0.0,0.0,0.0,0.0,0.0,0.0
1214366,0.0,0.0,0.0,0.0,1.0,0.0,0.0
1214367,0.0,0.0,0.0,0.0,0.0,0.0,0.0
1215034,0.0,0.0,0.0,0.0,1.0,0.0,0.0
1215037,0.0,0.0,0.0,0.0,0.0,0.0,0.0
1215049,0.0,0.0,0.0,0.0,1.0,0.0,0.0
1215052,0.0,0.0,0.0,0.0,0.0,0.0,0.0
1215053,0.0,0.0,0.0,0.0,1.0,0.0,0.0
1215054,0.0,0.0,0.0,0.0,0.0,0.0,0.0
1216117,0.0,0.0,0.0,0.0,1.0,0.0,0.0
1216120,0.0,0.0,0.0,0.0,0.0,0.0,0.0
1216126,0.0,0.0,0.0,0.0,1.0,0.0,0.0
1216127,0.0,0.0,0.0,0.0,0.0,0.0,0.0
1216129,0.0,0.0,0.0,0.0,1.0,0.0,0.0
1216130,0.0,0.0,0.0,0.0,0.0,0.0,0.0
1216568,0.0,0.0,0.0,0.0,1.0,0.0,0.0
1216571,0.0,0.0,0.0,0.0,0.0,0.0,0.0
1216766,0.0,0.0,0.0,0.0,1.0,0.0,0.0
1216767,0.0,0.0,0.0,0.0,0.0,0.0,0.0
1216768,0.0,0.0,0.0,0.0,1.0,0.0,0.0
1216770,0.0,0.0,0.0,0.0,0.0,0.0,0.0
1219782,0.0,0.0,0.0,0.0,1.0,0.0,0.0
1219785,0.0,0.0,0.0,0.0,0.0,0.0,0.0
1219786,0.0,0.0,0.0,0.0,1.0,0.0,0.0
1219788,0.0,0.0,0.0,0.0,0.0,0.0,0.0
1221359,0.0,0.0,0.0,0.0,1.0,0.0,0.0
1221360,0.0,0.0,0.0,0.0,0.0,0.0,0.0
1221536,0.0,0.0,0.0,0.0,1.0,0.0,0.0
1221537,0.0,0.0,0.0,0.0,0.0,0.0,0.0
1221538,0.0,0.0,0.0,0.0,1.0,0.0,0.0
1221539,0.0,0.0,0.0,0.0,0.0,0.0,0.0
1221854,0.0,0.0,0.0,0.0,1.0,0.0,0.0
1221856,0.0,0.0,0.0,0.0,2.0,0.0,0.0
1221857,0.0,0.0,0.0,0.0,0.0,0.0,0.0
1221860,0.0,0.0,0.0,1.0,0.0,0.0,0.0
1221862,0.0,0.0,0.0,0.0,0.0,0.0,0.0
1221863,0.0,0.0,0.0,1.0,0.0,0.0,0.0
1221870,0.0,0.0,0.0,0.0,0.0,0.0,0.0
1223126,0.0,0.0,0.0,0.0,1.0,0.0,0.0
1223127,0.0,0.0,0.0,0.0,0.0,0.0,0.0
1223417,0.0,0.0,0.0,0.0,1.0,0.0,0.0
1223418,0.0,0.0,0.0,0.0,0.0,0.0,0.0
1223427,0.0,0.0,0.0,0.0,1.0,0.0,0.0
1223430,0.0,0.0,0.0,0.0,0.0,0.0,0.0
1223432,0.0,0.0,0.0,0.0,1.0,0.0,0.0
1223433,0.0,0.0,0.0,0.0,0.0,0.0,0.0
1223621,0.0,0.0,0.0,0.0,1.0,0.0,0.0
1223622,0.0,0.0,0.0,0.0,0.0,0.0,0.0
1223625,0.0,0.0,0.0,0.0,1.0,0.0,0.0
1223626,0.0,0.0,0.0,0.0,0.0,0.0,0.0
1224777,0.0,0.0,0.0,0.0,1.0,0.0,0.0
1224784,0.0,0.0,0.0,0.0,0.0,0.0,0.0
1224785,0.0,0.0,0.0,0.0,1.0,0.0,0.0
1224786,0.0,0.0,0.0,0.0,0.0,0.0,0.0
1225057,0.0,2.0,0.0,0.0,0.0,1.0,0.0
1225058,0.0,0.0,0.0,0.0,0.0,0.0,0.0
1225093,0.0,0.0,1.0,0.0,0.0,0.0,0.0
1225100,0.0,0.0,2.0,0.0,0.0,0.0,0.0
1225101,0.0,0.0,0.0,0.0,0.0,0.0,0.0
1225138,0.0,0.0,1.0,0.0,0.0,0.0,0.0
1225139,0.0,0.0,0.0,0.0,0.0,0.0,0.0
1225140,0.0,0.0,1.0,0.0,0.0,0.0,0.0
1225142,0.0,0.0,2.0,0.0,0.0,0.0,0.0
1225143,0.0,0.0,0.0,0.0,0.0,0.0,0.0
1225310,0.0,0.0,1.0,0.0,0.0,0.0,0.0
1225312,0.0,0.0,0.0,0.0,0.0,0.0,0.0
1225315,0.0,0.0,1.0,0.0,0.0,0.0,0.0
1225317,0.0,0.0,0.0,0.0,0.0,0.0,0.0
1225319,0.0,0.0,1.0,0.0,0.0,0.0,0.0
1225321,0.0,0.0,0.0,0.0,0.0,0.0,0.0
1225335,0.0,0.0,1.0,0.0,0.0,0.0,0.0
1225383,0.0,0.0,0.0,0.0,0.0,0.0,0.0
1225402,0.0,0.0,1.0,0.0,0.0,0.0,0.0
1225404,0.0,0.0,0.0,0.0,0.0,0.0,0.0
1225415,0.0,0.0,1.0,0.0,0.0,0.0,0.0
1225416,0.0,0.0,0.0,0.0,0.0,0.0,0.0
1225426,0.0,0.0,1.0,0.0,0.0,0.0,0.0
1225429,0.0,0.0,0.0,0.0,0.0,0.0,0.0
1225456,0.0,0.0,1.0,0.0,0.0,0.0,0.0
1225466,0.0,0.0,0.0,0.0,0.0,0.0,0.0
1225468,0.0,0.0,1.0,0.0,0.0,0.0,0.0
1225474,0.0,0.0,0.0,0.0,0.0,0.0,0.0
1225476,0.0,0.0,1.0,0.0,0.0,0.0,0.0
1225482,0.0,0.0,0.0,0.0,0.0,0.0,0.0
1225504,0.0,0.0,1.0,0.0,0.0,0.0,0.0
1225507,0.0,0.0,0.0,0.0,0.0,0.0,0.0
1225550,0.0,0.0,1.0,0.0,0.0,0.0,0.0
1225552,0.0,0.0,0.0,0.0,0.0,0.0,0.0
1225553,0.0,0.0,1.0,0.0,0.0,0.0,0.0
1225556,0.0,0.0,0.0,0.0,0.0,0.0,0.0
1225566,0.0,0.0,1.0,0.0,0.0,0.0,0.0
1225568,0.0,0.0,0.0,0.0,0.0,0.0,0.0
1225570,0.0,0.0,1.0,0.0,0.0,0.0,0.0
1225727,0.0,0.0,0.0,0.0,0.0,0.0,0.0
1225728,0.0,0.0,1.0,0.0,0.0,0.0,0.0
1225731,0.0,0.0,0.0,0.0,0.0,0.0,0.0
1225754,0.0,0.0,1.0,0.0,0.0,0.0,0.0
1225759,0.0,0.0,0.0,0.0,0.0,0.0,0.0
1225761,0.0,0.0,1.0,0.0,0.0,0.0,0.0
1225767,0.0,0.0,1.0,0.0,1.0,0.0,0.0
1225768,0.0,0.0,1.0,0.0,0.0,0.0,0.0
1225769,0.0,0.0,1.0,0.0,1.0,0.0,0.0
1225771,0.0,0.0,1.0,0.0,0.0,0.0,0.0
1225778,0.0,0.0,1.0,0.0,1.0,0.0,0.0
1225779,0.0,0.0,1.0,0.0,0.0,0.0,0.0
1226460,0.0,0.0,1.0,0.0,1.0,0.0,0.0
1226461,0.0,0.0,1.0,0.0,0.0,0.0,0.0
1228393,0.0,0.0,1.0,0.0,1.0,0.0,0.0
1228409,0.0,0.0,1.0,0.0,0.0,0.0,0.0
1228410,0.0,0.0,1.0,0.0,1.0,0.0,0.0
1228411,0.0,0.0,1.0,0.0,0.0,0.0,0.0
1228412,0.0,0.0,1.0,0.0,1.0,0.0,0.0
1228413,0.0,0.0,1.0,0.0,0.0,0.0,0.0
1228414,0.0,0.0,1.0,0.0,1.0,0.0,0.0
1228415,0.0,0.0,1.0,0.0,0.0,0.0,0.0
1228579,0.0,0.0,1.0,0.0,1.0,0.0,0.0
1228581,0.0,0.0,1.0,0.0,2.0,0.0,0.0
1228582,0.0,0.0,1.0,0.0,0.0,0.0,0.0
1230318,0.0,0.0,1.0,0.0,1.0,0.0,0.0
1230319,0.0,0.0,1.0,0.0,0.0,0.0,0.0
1230509,0.0,0.0,1.0,0.0,1.0,0.0,0.0
1230510,0.0,0.0,1.0,0.0,0.0,0.0,0.0
1230793,0.0,0.0,1.0,0.0,1.0,0.0,0.0
1230795,0.0,0.0,1.0,0.0,0.0,0.0,0.0
1230796,0.0,0.0,1.0,0.0,1.0,0.0,0.0
1230799,0.0,0.0,1.0,1.0,2.0,0.0,0.0
1230800,0.0,0.0,1.0,1.0,0.0,0.0,0.0
1230802,0.0,0.0,1.0,0.0,0.0,0.0,0.0
1230806,0.0,0.0,1.0,1.0,0.0,0.0,0.0
1230807,0.0,0.0,1.0,0.0,0.0,0.0,0.0
1232260,0.0,0.0,1.0,0.0,1.0,0.0,0.0
1232261,0.0,0.0,1.0,0.0,0.0,0.0,0.0
1232262,0.0,0.0,1.0,0.0,1.0,0.0,0.0
1232265,0.0,0.0,1.0,0.0,0.0,0.0,0.0
1232266,0.0,0.0,1.0,0.0,1.0,0.0,0.0
1232267,0.0,0.0,1.0,0.0,0.0,0.0,0.0
1232268,0.0,0.0,1.0,0.0,1.0,0.0,0.0
1232269,0.0,0.0,1.0,0.0,0.0,0.0,0.0
1232270,0.0,0.0,1.0,0.0,1.0,0.0,0.0
1232272,0.0,0.0,1.0,0.0,2.0,0.0,0.0
1232273,0.0,0.0,1.0,0.0,0.0,0.0,0.0
1232424,0.0,0.0,1.0,0.0,1.0,0.0,0.0
1232425,0.0,0.0,1.0,0.0,0.0,0.0,0.0
1232426,0.0,0.0,1.0,0.0,1.0,0.0,0.0
1232427,0.0,0.0,1.0,0.0,0.0,0.0,0.0
1232428,0.0,0.0,1.0,0.0,1.0,0.0,0.0
1232429,0.0,0.0,1.0,0.0,0.0,0.0,0.0
1233133,0.0,0.0,0.0,0.0,0.0,0.0,0.0
1233136,0.0,0.0,1.0,0.0,0.0,0.0,0.0
1233137,0.0,0.0,0.0,0.0,0.0,0.0,0.0
1233138,0.0,0.0,1.0,0.0,0.0,0.0,0.0
1233201,0.0,0.0,0.0,0.0,0.0,0.0,0.0
1233203,0.0,0.0,1.0,0.0,0.0,0.0,0.0
1233204,0.0,0.0,0.0,0.0,0.0,0.0,0.0
1233239,0.0,0.0,1.0,0.0,0.0,0.0,0.0
1233240,0.0,0.0,0.0,0.0,0.0,0.0,0.0
1233242,0.0,0.0,1.0,0.0,0.0,0.0,0.0
1233244,0.0,0.0,0.0,0.0,0.0,0.0,0.0
1233246,0.0,0.0,1.0,0.0,0.0,0.0,0.0
1233283,0.0,0.0,0.0,0.0,0.0,0.0,0.0
1233297,0.0,0.0,1.0,0.0,0.0,0.0,0.0
1233299,0.0,0.0,0.0,0.0,0.0,0.0,0.0
1233300,0.0,0.0,1.0,0.0,0.0,0.0,0.0
1233303,0.0,0.0,0.0,0.0,0.0,0.0,0.0
1233341,0.0,0.0,1.0,0.0,0.0,0.0,0.0
1233351,0.0,0.0,0.0,0.0,0.0,0.0,0.0
1233387,0.0,0.0,1.0,0.0,0.0,0.0,0.0
1233398,0.0,0.0,0.0,0.0,0.0,0.0,0.0
1233404,0.0,0.0,1.0,0.0,0.0,0.0,0.0
1233414,0.0,0.0,0.0,0.0,0.0,0.0,0.0
1233417,0.0,0.0,1.0,0.0,0.0,0.0,0.0
1233418,0.0,0.0,0.0,0.0,0.0,0.0,0.0
1233432,0.0,0.0,1.0,0.0,0.0,0.0,0.0
1233437,0.0,0.0,0.0,0.0,0.0,0.0,0.0
1233455,0.0,0.0,1.0,0.0,0.0,0.0,0.0
1233457,0.0,0.0,0.0,0.0,0.0,0.0,0.0
1233470,0.0,0.0,1.0,0.0,0.0,0.0,0.0
1233593,0.0,0.0,1.0,0.0,1.0,0.0,0.0
1233596,0.0,0.0,1.0,0.0,0.0,0.0,0.0
1233609,0.0,0.0,1.0,0.0,1.0,0.0,0.0
1233610,0.0,0.0,1.0,0.0,0.0,0.0,0.0
1234342,0.0,0.0,0.0,0.0,0.0,0.0,0.0
1234343,0.0,0.0,1.0,0.0,0.0,0.0,0.0
1234357,0.0,0.0,0.0,0.0,0.0,0.0,0.0
1234830,0.0,0.0,1.0,0.0,0.0,0.0,0.0
1234831,0.0,0.0,0.0,0.0,0.0,0.0,0.0
1234833,0.0,0.0,1.0,0.0,0.0,0.0,0.0
1234835,0.0,0.0,0.0,0.0,0.0,0.0,0.0
1234836,0.0,0.0,1.0,0.0,0.0,0.0,0.0
1234842,0.0,0.0,1.0,0.0,1.0,0.0,0.0
1234843,0.0,0.0,1.0,0.0,0.0,0.0,0.0
1234844,0.0,0.0,1.0,0.0,1.0,0.0,0.0
1234850,0.0,0.0,1.0,0.0,0.0,0.0,0.0
1235257,0.0,0.0,0.0,0.0,0.0,0.0,0.0
1235259,0.0,0.0,1.0,0.0,0.0,0.0,0.0
1235261,0.0,0.0,0.0,0.0,0.0,0.0,0.0
1235268,0.0,0.0,1.0,0.0,0.0,0.0,0.0
1235269,0.0,0.0,0.0,0.0,0.0,0.0,0.0
1235367,0.0,0.0,1.0,0.0,0.0,0.0,0.0
1235371,0.0,0.0,0.0,0.0,0.0,0.0,0.0
1235374,0.0,0.0,1.0,0.0,0.0,0.0,0.0
1235381,0.0,0.0,1.0,0.0,1.0,0.0,0.0
1235382,0.0,0.0,1.0,0.0,0.0,0.0,0.0
1235659,0.0,0.0,0.0,0.0,0.0,0.0,0.0
1235660,0.0,0.0,1.0,0.0,0.0,0.0,0.0
1235667,0.0,0.0,0.0,0.0,0.0,0.0,0.0
1235670,0.0,0.0,1.0,0.0,0.0,0.0,0.0
1235671,0.0,0.0,0.0,0.0,0.0,0.0,0.0
1235672,0.0,0.0,1.0,0.0,0.0,0.0,0.0
1235730,0.0,0.0,0.0,0.0,0.0,0.0,0.0
1235731,0.0,0.0,1.0,0.0,0.0,0.0,0.0
1235734,0.0,0.0,0.0,0.0,0.0,0.0,0.0
1236091,0.0,0.0,1.0,0.0,0.0,0.0,0.0
1236093,0.0,0.0,1.0,0.0,1.0,0.0,0.0
1236095,0.0,0.0,1.0,0.0,2.0,0.0,0.0
1236096,0.0,0.0,1.0,0.0,0.0,0.0,0.0
1236267,0.0,0.0,0.0,0.0,0.0,0.0,0.0
1236268,0.0,0.0,1.0,0.0,0.0,0.0,0.0
1236271,0.0,0.0,0.0,0.0,0.0,0.0,0.0
1236273,0.0,0.0,1.0,0.0,0.0,0.0,0.0
1236290,0.0,0.0,0.0,0.0,0.0,0.0,0.0
1236293,0.0,0.0,1.0,0.0,0.0,0.0,0.0
1236294,0.0,0.0,0.0,0.0,0.0,0.0,0.0
1236301,0.0,0.0,1.0,0.0,0.0,0.0,0.0
1236302,0.0,0.0,0.0,0.0,0.0,0.0,0.0
1236303,0.0,0.0,1.0,0.0,0.0,0.0,0.0
1236306,0.0,0.0,0.0,0.0,0.0,0.0,0.0
1236309,0.0,0.0,1.0,0.0,0.0,0.0,0.0
1236310,0.0,0.0,0.0,0.0,0.0,0.0,0.0
1236441,0.0,0.0,1.0,0.0,0.0,0.0,0.0
1236448,0.0,0.0,0.0,0.0,0.0,0.0,0.0
1236449,0.0,0.0,1.0,0.0,0.0,0.0,0.0
1236456,0.0,0.0,0.0,0.0,0.0,0.0,0.0
1236457,0.0,0.0,1.0,0.0,0.0,0.0,0.0
1236460,0.0,0.0,0.0,0.0,0.0,0.0,0.0
1236463,0.0,0.0,1.0,0.0,0.0,0.0,0.0
1236464,0.0,0.0,0.0,0.0,0.0,0.0,0.0
1237246,0.0,0.0,1.0,0.0,1.0,0.0,0.0
1237247,0.0,0.0,1.0,0.0,2.0,0.0,0.0
1237248,0.0,0.0,1.0,0.0,0.0,0.0,0.0
1237253,0.0,0.0,0.0,0.0,0.0,0.0,0.0
1237870,0.0,0.0,0.0,0.0,1.0,0.0,0.0
1237871,0.0,0.0,0.0,0.0,0.0,0.0,0.0
1237872,0.0,0.0,0.0,0.0,1.0,0.0,0.0
1237873,0.0,0.0,0.0,0.0,0.0,0.0,0.0
1237877,0.0,0.0,0.0,0.0,1.0,0.0,0.0
1237878,0.0,0.0,0.0,0.0,0.0,0.0,0.0
1238910,0.0,0.0,0.0,0.0,1.0,0.0,0.0
1238911,0.0,0.0,0.0,0.0,0.0,0.0,0.0
1238912,0.0,0.0,0.0,0.0,1.0,0.0,0.0
1238919,0.0,0.0,0.0,0.0,2.0,0.0,0.0
1238920,0.0,0.0,0.0,0.0,0.0,0.0,0.0
1240177,0.0,0.0,0.0,0.0,1.0,0.0,0.0
1240178,0.0,0.0,0.0,0.0,0.0,0.0,0.0
1241502,0.0,0.0,0.0,1.0,0.0,0.0,0.0
1241503,0.0,0.0,0.0,0.0,0.0,0.0,0.0
1241795,0.0,0.0,0.0,0.0,1.0,0.0,0.0
1241796,0.0,0.0,0.0,0.0,0.0,0.0,0.0
1241797,0.0,0.0,0.0,0.0,1.0,0.0,0.0
1241798,0.0,0.0,0.0,0.0,0.0,0.0,0.0
1242134,0.0,0.0,0.0,0.0,1.0,0.0,0.0
1242135,0.0,0.0,0.0,0.0,0.0,0.0,0.0
1242386,0.0,0.0,0.0,0.0,1.0,0.0,0.0
1242387,0.0,0.0,0.0,0.0,0.0,0.0,0.0
1242391,0.0,0.0,0.0,0.0,1.0,0.0,0.0
1242392,0.0,0.0,0.0,0.0,0.0,0.0,0.0
1242395,0.0,0.0,0.0,0.0,1.0,0.0,0.0
1242397,0.0,0.0,0.0,0.0,0.0,0.0,0.0
1242432,0.0,0.0,0.0,0.0,1.0,0.0,0.0
1242433,0.0,0.0,0.0,0.0,0.0,0.0,0.0
1242991,0.0,0.0,0.0,0.0,1.0,0.0,0.0
1242993,0.0,0.0,0.0,0.0,2.0,0.0,0.0
1242994,0.0,0.0,0.0,0.0,0.0,0.0,0.0
1243100,0.0,0.0,0.0,1.0,0.0,0.0,0.0
1243105,0.0,0.0,0.0,0.0,0.0,0.0,0.0
1243106,0.0,0.0,0.0,1.0,0.0,0.0,0.0
1243108,0.0,0.0,0.0,0.0,0.0,0.0,0.0
1243109,0.0,0.0,0.0,1.0,0.0,0.0,0.0
1243115,0.0,0.0,0.0,0.0,0.0,0.0,0.0
1244292,0.0,2.0,0.0,0.0,0.0,1.0,0.0
1244293,0.0,0.0,0.0,0.0,0.0,0.0,0.0
1244465,0.0,0.0,0.0,1.0,0.0,0.0,0.0
1244466,0.0,0.0,0.0,0.0,0.0,0.0,0.0
1244526,0.0,0.0,1.0,0.0,0.0,0.0,0.0
1244527,0.0,0.0,0.0,0.0,0.0,0.0,0.0
1244528,0.0,0.0,1.0,0.0,0.0,0.0,0.0
1244581,0.0,0.0,0.0,0.0,0.0,0.0,0.0
1244582,0.0,0.0,1.0,0.0,0.0,0.0,0.0
1244670,0.0,0.0,0.0,0.0,0.0,0.0,0.0
1244672,0.0,0.0,1.0,0.0,0.0,0.0,0.0
1244674,0.0,0.0,0.0,0.0,0.0,0.0,0.0
1244683,0.0,0.0,1.0,0.0,0.0,0.0,0.0
1244713,0.0,0.0,0.0,0.0,0.0,0.0,0.0
1244765,0.0,0.0,1.0,0.0,0.0,0.0,0.0
1244766,0.0,0.0,0.0,0.0,0.0,0.0,0.0
1244771,0.0,0.0,1.0,0.0,0.0,0.0,0.0
1244778,0.0,0.0,0.0,0.0,0.0,0.0,0.0
1244781,0.0,0.0,1.0,0.0,0.0,0.0,0.0
1244782,0.0,0.0,0.0,0.0,0.0,0.0,0.0
1244783,0.0,0.0,1.0,0.0,0.0,0.0,0.0
1244789,0.0,0.0,0.0,0.0,0.0,0.0,0.0
1244972,0.0,0.0,0.0,0.0,1.0,0.0,0.0
1244973,0.0,0.0,0.0,0.0,0.0,0.0,0.0
1245006,0.0,0.0,1.0,0.0,0.0,0.0,0.0
1245007,0.0,0.0,0.0,0.0,0.0,0.0,0.0
1245009,0.0,0.0,1.0,0.0,0.0,0.0,0.0
1245091,0.0,0.0,0.0,0.0,0.0,0.0,0.0
1245171,0.0,0.0,1.0,0.0,0.0,0.0,0.0
1245172,0.0,0.0,1.0,0.0,1.0,0.0,0.0
1245173,0.0,0.0,1.0,0.0,0.0,0.0,0.0
1245186,0.0,0.0,0.0,0.0,0.0,0.0,0.0
1245199,0.0,0.0,1.0,0.0,0.0,0.0,0.0
1245201,0.0,0.0,0.0,0.0,0.0,0.0,0.0
1245202,0.0,0.0,1.0,0.0,0.0,0.0,0.0
1245205,0.0,0.0,0.0,0.0,0.0,0.0,0.0
1246461,0.0,0.0,0.0,0.0,1.0,0.0,0.0
1246464,0.0,0.0,0.0,0.0,0.0,0.0,0.0
1246465,0.0,0.0,0.0,0.0,1.0,0.0,0.0
1246466,0.0,0.0,0.0,0.0,2.0,0.0,0.0
1246467,0.0,0.0,0.0,0.0,0.0,0.0,0.0
1248518,0.0,0.0,0.0,0.0,1.0,0.0,0.0
1248519,0.0,0.0,0.0,0.0,0.0,0.0,0.0
1248538,0.0,0.0,0.0,0.0,1.0,0.0,0.0
1248539,0.0,0.0,0.0,0.0,0.0,0.0,0.0
1249063,0.0,0.0,0.0,0.0,1.0,0.0,0.0
1249064,0.0,0.0,0.0,0.0,0.0,0.0,0.0
1252094,0.0,0.0,0.0,0.0,1.0,0.0,0.0
1252095,0.0,0.0,0.0,0.0,0.0,0.0,0.0
1254163,0.0,0.0,0.0,0.0,1.0,0.0,0.0
1254168,0.0,0.0,0.0,0.0,0.0,0.0,0.0
1254169,0.0,0.0,0.0,0.0,1.0,0.0,0.0
1254170,0.0,0.0,0.0,0.0,0.0,0.0,0.0
1254171,0.0,0.0,0.0,0.0,1.0,0.0,0.0
1254173,0.0,0.0,0.0,0.0,0.0,0.0,0.0
1255286,0.0,0.0,0.0,1.0,0.0,0.0,0.0
1255287,0.0,0.0,0.0,0.0,0.0,0.0,0.0
1255816,0.0,0.0,0.0,0.0,1.0,0.0,0.0
1255817,0.0,0.0,0.0,0.0,0.0,0.0,0.0
1255826,0.0,0.0,0.0,0.0,1.0,0.0,0.0
1255827,0.0,0.0,0.0,0.0,0.0,0.0,0.0
1255887,0.0,0.0,0.0,0.0,1.0,0.0,0.0
1255888,0.0,0.0,0.0,0.0,0.0,0.0,0.0
1255897,0.0,0.0,0.0,0.0,1.0,0.0,0.0
1255898,0.0,0.0,0.0,0.0,0.0,0.0,0.0
1256563,0.0,0.0,0.0,1.0,0.0,0.0,0.0
1256566,0.0,0.0,0.0,0.0,0.0,0.0,0.0
1257965,0.0,0.0,0.0,0.0,1.0,0.0,0.0
1257966,0.0,0.0,0.0,0.0,0.0,0.0,0.0
1257967,0.0,0.0,0.0,0.0,1.0,0.0,0.0
1257968,0.0,0.0,0.0,0.0,0.0,0.0,0.0
1259438,0.0,0.0,0.0,0.0,1.0,0.0,0.0
1259440,0.0,0.0,0.0,0.0,2.0,0.0,0.0
1259441,0.0,0.0,0.0,0.0,0.0,0.0,0.0
1260180,0.0,0.0,0.0,1.0,0.0,0.0,0.0
1260181,0.0,0.0,0.0,0.0,0.0,0.0,0.0
1260799,0.0,0.0,0.0,0.0,1.0,0.0,0.0
1260800,0.0,0.0,0.0,0.0,0.0,0.0,0.0
1260888,0.0,0.0,0.0,0.0,1.0,0.0,0.0
1260889,0.0,0.0,0.0,0.0,0.0,0.0,0.0
1260895,0.0,0.0,0.0,0.0,1.0,0.0,0.0
1260896,0.0,0.0,0.0,0.0,0.0,0.0,0.0
1260897,0.0,0.0,0.0,0.0,1.0,0.0,0.0
1260898,0.0,0.0,0.0,0.0,0.0,0.0,0.0
1260941,0.0,0.0,0.0,1.0,0.0,0.0,0.0
1260942,0.0,0.0,0.0,1.0,1.0,0.0,0.0
1260944,0.0,0.0,0.0,1.0,2.0,0.0,0.0
1260945,0.0,0.0,0.0,1.0,0.0,0.0,0.0
1260947,0.0,0.0,0.0,2.0,0.0,1.0,0.0
1260948,0.0,0.0,0.0,0.0,0.0,0.0,0.0
1261832,0.0,0.0,0.0,0.0,1.0,0.0,0.0
1261836,0.0,0.0,0.0,0.0,2.0,0.0,0.0
1261837,0.0,0.0,0.0,0.0,0.0,0.0,0.0
1262403,0.0,0.0,0.0,0.0,1.0,0.0,0.0
1262405,0.0,0.0,0.0,0.0,2.0,0.0,0.0
1262406,0.0,0.0,0.0,0.0,0.0,0.0,0.0
1263242,0.0,0.0,0.0,0.0,1.0,0.0,0.0
1263243,0.0,0.0,0.0,0.0,0.0,0.0,0.0
1263318,0.0,0.0,0.0,0.0,1.0,0.0,0.0
1263319,0.0,0.0,0.0,0.0,0.0,0.0,0.0
1263324,0.0,0.0,0.0,0.0,1.0,0.0,0.0
1263325,0.0,0.0,0.0,0.0,0.0,0.0,0.0
1263327,0.0,0.0,0.0,0.0,1.0,0.0,0.0
1263328,0.0,0.0,0.0,0.0,0.0,0.0,0.0
1263329,0.0,0.0,0.0,0.0,1.0,0.0,0.0
1263330,0.0,0.0,0.0,0.0,0.0,0.0,0.0
1263848,0.0,0.0,0.0,0.0,1.0,0.0,0.0
1263849,0.0,0.0,0.0,0.0,0.0,0.0,0.0
1266596,0.0,0.0,0.0,0.0,1.0,0.0,0.0
1266597,0.0,0.0,0.0,0.0,0.0,0.0,0.0
1266601,0.0,0.0,0.0,0.0,1.0,0.0,0.0
1266602,0.0,0.0,0.0,0.0,0.0,0.0,0.0
1266603,0.0,0.0,0.0,0.0,1.0,0.0,0.0
1266604,0.0,0.0,0.0,0.0,0.0,0.0,0.0
1266709,0.0,0.0,0.0,0.0,1.0,0.0,0.0
1266710,0.0,0.0,0.0,0.0,0.0,0.0,0.0
1266885,0.0,0.0,0.0,0.0,1.0,0.0,0.0
1266886,0.0,0.0,0.0,0.0,2.0,0.0,0.0
1266887,0.0,0.0,0.0,0.0,0.0,0.0,0.0
1267982,0.0,0.0,0.0,0.0,1.0,0.0,0.0
1267984,0.0,0.0,0.0,0.0,0.0,0.0,0.0
1268052,0.0,0.0,0.0,0.0,1.0,0.0,0.0
1268054,0.0,0.0,0.0,0.0,0.0,0.0,0.0
1269095,0.0,0.0,0.0,1.0,0.0,0.0,0.0
1269096,0.0,0.0,0.0,0.0,0.0,0.0,0.0
1269099,0.0,0.0,0.0,1.0,0.0,0.0,0.0
1269101,0.0,0.0,0.0,2.0,1.0,1.0,0.0
1269102,0.0,0.0,0.0,0.0,0.0,0.0,0.0
1270082,0.0,0.0,0.0,0.0,1.0,0.0,0.0
1270083,0.0,0.0,0.0,0.0,0.0,0.0,0.0
1270084,0.0,0.0,0.0,0.0,1.0,0.0,0.0
1270085,0.0,0.0,0.0,0.0,0.0,0.0,0.0
1270086,0.0,0.0,0.0,0.0,1.0,0.0,0.0
1270087,0.0,0.0,0.0,0.0,0.0,0.0,0.0
1270088,0.0,0.0,0.0,0.0,1.0,0.0,0.0
1270090,0.0,0.0,0.0,0.0,2.0,0.0,0.0
1270091,0.0,0.0,0.0,0.0,0.0,0.0,0.0
1270974,0.0,0.0,0.0,0.0,1.0,0.0,0.0
1270975,0.0,0.0,0.0,0.0,0.0,0.0,0.0
1273333,0.0,0.0,0.0,0.0,1.0,0.0,0.0
1273334,0.0,0.0,0.0,0.0,0.0,0.0,0.0
1273345,0.0,0.0,0.0,0.0,1.0,0.0,0.0
1273347,0.0,0.0,0.0,0.0,0.0,0.0,0.0
1273376,0.0,0.0,0.0,0.0,1.0,0.0,0.0
1273377,0.0,0.0,0.0,0.0,0.0,0.0,0.0
1274286,0.0,0.0,0.0,0.0,1.0,0.0,0.0
1274287,0.0,0.0,0.0,0.0,0.0,0.0,0.0
1274291,0.0,0.0,0.0,0.0,1.0,0.0,0.0
1274292,0.0,0.0,0.0,0.0,0.0,0.0,0.0
1274862,0.0,0.0,0.0,0.0,1.0,0.0,0.0
1274863,0.0,0.0,0.0,0.0,0.0,0.0,0.0
1274864,0.0,0.0,0.0,0.0,1.0,0.0,0.0
1274865,0.0,0.0,0.0,0.0,0.0,0.0,0.0
1275166,0.0,0.0,0.0,0.0,1.0,0.0,0.0
1275167,0.0,0.0,0.0,0.0,0.0,0.0,0.0
1275665,0.0,0.0,0.0,0.0,1.0,0.0,0.0
1275668,0.0,0.0,0.0,0.0,0.0,0.0,0.0
1275670,0.0,0.0,0.0,0.0,1.0,0.0,0.0
1275671,0.0,0.0,0.0,0.0,0.0,0.0,0.0
1275672,0.0,0.0,0.0,0.0,1.0,0.0,0.0
1275674,0.0,0.0,0.0,0.0,2.0,0.0,0.0
1275675,0.0,0.0,0.0,0.0,0.0,0.0,0.0
1277229,0.0,0.0,0.0,0.0,1.0,0.0,0.0
1277230,0.0,0.0,0.0,0.0,0.0,0.0,0.0
1277231,0.0,0.0,0.0,0.0,1.0,0.0,0.0
1277232,0.0,0.0,0.0,0.0,0.0,0.0,0.0
1277246,0.0,0.0,0.0,0.0,1.0,0.0,0.0
1277247,0.0,0.0,0.0,0.0,0.0,0.0,0.0
1278027,0.0,0.0,0.0,0.0,1.0,0.0,0.0
1278028,0.0,0.0,0.0,0.0,0.0,0.0,0.0
1278222,0.0,0.0,1.0,0.0,0.0,0.0,0.0
1278223,0.0,0.0,0.0,0.0,0.0,0.0,0.0
1278226,0.0,0.0,1.0,0.0,0.0,0.0,0.0
1278227,0.0,0.0,0.0,0.0,0.0,0.0,0.0
1278238,0.0,0.0,1.0,0.0,0.0,0.0,0.0
1278243,0.0,0.0,0.0,0.0,0.0,0.0,0.0
1278248,0.0,0.0,1.0,0.0,0.0,0.0,0.0
1278259,0.0,0.0,0.0,0.0,0.0,0.0,0.0
1278261,0.0,0.0,1.0,0.0,0.0,0.0,0.0
1278263,0.0,0.0,0.0,0.0,0.0,0.0,0.0
1278265,0.0,0.0,1.0,0.0,0.0,0.0,0.0
1278267,0.0,0.0,0.0,0.0,0.0,0.0,0.0
1278269,0.0,0.0,1.0,0.0,0.0,0.0,0.0
1278271,0.0,0.0,0.0,0.0,0.0,0.0,0.0
1278294,0.0,0.0,1.0,0.0,0.0,0.0,0.0
1278295,0.0,0.0,0.0,0.0,0.0,0.0,0.0
1278297,0.0,0.0,1.0,0.0,0.0,0.0,0.0
1278299,0.0,0.0,0.0,0.0,0.0,0.0,0.0
1278301,0.0,0.0,1.0,0.0,0.0,0.0,0.0
1278303,0.0,0.0,0.0,0.0,0.0,0.0,0.0
1278314,0.0,0.0,1.0,0.0,0.0,0.0,0.0
1278833,0.0,0.0,1.0,0.0,1.0,0.0,0.0
1278834,0.0,0.0,1.0,0.0,0.0,0.0,0.0
1278837,0.0,0.0,1.0,0.0,1.0,0.0,0.0
1278838,0.0,0.0,1.0,0.0,0.0,0.0,0.0
1279516,0.0,0.0,0.0,0.0,0.0,0.0,0.0
1279519,0.0,0.0,1.0,0.0,0.0,0.0,0.0
1279520,0.0,0.0,0.0,0.0,0.0,0.0,0.0
1279527,0.0,0.0,1.0,0.0,0.0,0.0,0.0
1279528,0.0,0.0,0.0,0.0,0.0,0.0,0.0
1279535,0.0,0.0,1.0,0.0,0.0,0.0,0.0
1279536,0.0,0.0,0.0,0.0,0.0,0.0,0.0
1279538,0.0,0.0,1.0,0.0,0.0,0.0,0.0
1279544,0.0,0.0,0.0,0.0,0.0,0.0,0.0
1279552,0.0,0.0,1.0,0.0,0.0,0.0,0.0
1279553,0.0,0.0,0.0,0.0,0.0,0.0,0.0
1279555,0.0,0.0,1.0,0.0,0.0,0.0,0.0
1279561,0.0,0.0,0.0,0.0,0.0,0.0,0.0
1279563,0.0,0.0,1.0,0.0,0.0,0.0,0.0
1279565,0.0,0.0,0.0,0.0,0.0,0.0,0.0
1279646,0.0,0.0,0.0,1.0,0.0,0.0,0.0
1279647,0.0,0.0,0.0,0.0,0.0,0.0,0.0
1279664,0.0,0.0,1.0,0.0,0.0,0.0,0.0
1279665,0.0,0.0,0.0,0.0,0.0,0.0,0.0
1279686,0.0,0.0,1.0,0.0,0.0,0.0,0.0
1279955,0.0,0.0,1.0,0.0,1.0,0.0,0.0
1279956,0.0,0.0,1.0,0.0,0.0,0.0,0.0
1280132,0.0,0.0,1.0,0.0,1.0,0.0,0.0
1280133,0.0,0.0,1.0,0.0,0.0,0.0,0.0
1280168,0.0,2.0,1.0,0.0,0.0,0.0,0.0
1280169,0.0,0.0,1.0,0.0,0.0,0.0,0.0
1280192,0.0,0.0,1.0,0.0,1.0,0.0,0.0
1280193,0.0,0.0,1.0,0.0,0.0,0.0,0.0
1280194,0.0,0.0,1.0,0.0,1.0,0.0,0.0
1280195,0.0,0.0,1.0,0.0,0.0,0.0,0.0
1280196,0.0,0.0,1.0,0.0,1.0,0.0,0.0
1280197,0.0,0.0,1.0,0.0,0.0,0.0,0.0
1280897,0.0,0.0,1.0,0.0,1.0,0.0,0.0
1280898,0.0,0.0,1.0,0.0,0.0,0.0,0.0
1281243,0.0,0.0,1.0,0.0,1.0,0.0,0.0
1281250,0.0,0.0,1.0,0.0,0.0,0.0,0.0
1282756,0.0,0.0,1.0,0.0,1.0,0.0,0.0
1282757,0.0,0.0,1.0,0.0,0.0,0.0,0.0
1283152,0.0,0.0,1.0,0.0,1.0,0.0,0.0
1283153,0.0,0.0,1.0,0.0,0.0,0.0,0.0
1283830,0.0,0.0,1.0,0.0,1.0,0.0,0.0
1283831,0.0,0.0,1.0,0.0,0.0,0.0,0.0
1283965,0.0,0.0,1.0,0.0,1.0,0.0,0.0
1283966,0.0,0.0,1.0,0.0,0.0,0.0,0.0
1283969,0.0,0.0,1.0,0.0,1.0,0.0,0.0
1283972,0.0,0.0,1.0,0.0,0.0,0.0,0.0
1283973,0.0,0.0,1.0,0.0,1.0,0.0,0.0
1283975,0.0,0.0,1.0,0.0,0.0,0.0,0.0
1284825,0.0,0.0,1.0,0.0,1.0,0.0,0.0
1284826,0.0,0.0,1.0,0.0,0.0,0.0,0.0
1284827,0.0,0.0,1.0,0.0,1.0,0.0,0.0
1284828,0.0,0.0,1.0,0.0,0.0,0.0,0.0
1285124,0.0,0.0,0.0,0.0,0.0,0.0,0.0
1285125,0.0,0.0,1.0,0.0,0.0,0.0,0.0
1285128,0.0,0.0,0.0,0.0,0.0,0.0,0.0
1285130,0.0,0.0,1.0,0.0,0.0,0.0,0.0
1285132,0.0,0.0,0.0,0.0,0.0,0.0,0.0
1285134,0.0,0.0,1.0,0.0,0.0,0.0,0.0
1285136,0.0,0.0,0.0,0.0,0.0,0.0,0.0
1285137,0.0,0.0,1.0,0.0,0.0,0.0,0.0
1285177,0.0,0.0,0.0,0.0,0.0,0.0,0.0
1285210,0.0,0.0,1.0,0.0,0.0,0.0,0.0
1285231,0.0,0.0,1.0,0.0,1.0,0.0,0.0
1285232,0.0,0.0,1.0,0.0,0.0,0.0,0.0
1285233,0.0,0.0,1.0,0.0,1.0,0.0,0.0
1285234,0.0,0.0,1.0,0.0,0.0,0.0,0.0
1285470,0.0,0.0,1.0,0.0,1.0,0.0,0.0
1285471,0.0,0.0,1.0,0.0,0.0,0.0,0.0
1285887,0.0,0.0,1.0,0.0,1.0,0.0,0.0
1285888,0.0,0.0,1.0,0.0,0.0,0.0,0.0
1285895,0.0,0.0,1.0,0.0,1.0,0.0,0.0
1285896,0.0,0.0,1.0,0.0,0.0,0.0,0.0
1287353,0.0,0.0,0.0,0.0,0.0,0.0,0.0
1287885,0.0,0.0,1.0,0.0,0.0,0.0,0.0
1287890,0.0,0.0,0.0,0.0,0.0,0.0,0.0
1288285,0.0,0.0,0.0,0.0,1.0,0.0,0.0
1288287,0.0,0.0,0.0,0.0,0.0,0.0,0.0
1288290,0.0,0.0,0.0,0.0,1.0,0.0,0.0
1288292,0.0,0.0,1.0,0.0,2.0,0.0,0.0
1288293,0.0,0.0,1.0,0.0,0.0,0.0,0.0
1288300,0.0,0.0,1.0,1.0,0.0,0.0,0.0
1288301,0.0,0.0,1.0,0.0,0.0,0.0,0.0
1288322,0.0,0.0,0.0,0.0,0.0,0.0,0.0
1288336,0.0,0.0,1.0,0.0,0.0,0.0,0.0
1288338,0.0,0.0,0.0,0.0,0.0,0.0,0.0
1288353,0.0,0.0,1.0,0.0,0.0,0.0,0.0
1288354,0.0,0.0,0.0,0.0,0.0,0.0,0.0
1288437,0.0,0.0,1.0,0.0,0.0,0.0,0.0
1288446,0.0,0.0,0.0,0.0,0.0,0.0,0.0
1288973,0.0,0.0,1.0,0.0,0.0,0.0,0.0
1288975,0.0,0.0,0.0,0.0,0.0,0.0,0.0
1288978,0.0,0.0,1.0,0.0,0.0,0.0,0.0
1288979,0.0,0.0,0.0,0.0,0.0,0.0,0.0
1288980,0.0,0.0,1.0,0.0,0.0,0.0,0.0
1289896,0.0,0.0,0.0,0.0,0.0,0.0,0.0
1289924,0.0,0.0,1.0,0.0,0.0,0.0,0.0
1289925,0.0,0.0,0.0,0.0,0.0,0.0,0.0
1289990,0.0,0.0,1.0,0.0,0.0,0.0,0.0
1290013,0.0,0.0,0.0,0.0,0.0,0.0,0.0
1290019,0.0,0.0,1.0,0.0,0.0,0.0,0.0
1290025,0.0,0.0,0.0,0.0,0.0,0.0,0.0
1290036,0.0,0.0,1.0,0.0,0.0,0.0,0.0
1290137,0.0,0.0,1.0,0.0,1.0,0.0,0.0
1290140,0.0,0.0,1.0,0.0,0.0,0.0,0.0
1290141,0.0,0.0,1.0,0.0,1.0,0.0,0.0
1290142,0.0,0.0,1.0,0.0,0.0,0.0,0.0
1290143,0.0,0.0,1.0,0.0,1.0,0.0,0.0
1290144,0.0,0.0,1.0,0.0,0.0,0.0,0.0
1290163,0.0,0.0,1.0,0.0,1.0,0.0,0.0
1290164,0.0,0.0,1.0,0.0,0.0,0.0,0.0
1290167,0.0,0.0,1.0,0.0,1.0,0.0,0.0
1290168,0.0,0.0,1.0,0.0,0.0,0.0,0.0
1290310,0.0,0.0,1.0,0.0,1.0,0.0,0.0
1290311,0.0,0.0,1.0,0.0,0.0,0.0,0.0
1290517,0.0,0.0,1.0,0.0,1.0,0.0,0.0
1290518,0.0,0.0,1.0,0.0,0.0,0.0,0.0
1290829,0.0,0.0,1.0,0.0,1.0,0.0,0.0
1290830,0.0,0.0,1.0,0.0,0.0,0.0,0.0
1292563,0.0,0.0,0.0,0.0,0.0,0.0,0.0
1292586,0.0,0.0,1.0,0.0,0.0,0.0,0.0
1292591,0.0,0.0,0.0,0.0,0.0,0.0,0.0
1292593,0.0,0.0,1.0,0.0,0.0,0.0,0.0
1292595,0.0,0.0,0.0,0.0,0.0,0.0,0.0
1292596,0.0,0.0,1.0,0.0,0.0,0.0,0.0
1292657,0.0,0.0,1.0,0.0,1.0,0.0,0.0
1292659,0.0,0.0,1.0,0.0,2.0,0.0,0.0
1292660,0.0,0.0,1.0,0.0,0.0,0.0,0.0
1292924,0.0,0.0,0.0,0.0,0.0,0.0,0.0
1292939,0.0,0.0,1.0,0.0,0.0,0.0,0.0
1292940,0.0,0.0,0.0,0.0,0.0,0.0,0.0
1292943,0.0,0.0,1.0,0.0,0.0,0.0,0.0
1292944,0.0,0.0,0.0,0.0,0.0,0.0,0.0
1292947,0.0,0.0,1.0,0.0,0.0,0.0,0.0
1292948,0.0,0.0,0.0,0.0,0.0,0.0,0.0
1292969,0.0,0.0,1.0,0.0,0.0,0.0,0.0
1292972,0.0,0.0,0.0,0.0,0.0,0.0,0.0
1292974,0.0,0.0,1.0,0.0,0.0,0.0,0.0
1293004,0.0,0.0,0.0,0.0,0.0,0.0,0.0
1293006,0.0,0.0,1.0,0.0,0.0,0.0,0.0
1293008,0.0,0.0,0.0,0.0,0.0,0.0,0.0
1293011,0.0,0.0,1.0,0.0,0.0,0.0,0.0
1293012,0.0,0.0,0.0,0.0,0.0,0.0,0.0
1293031,0.0,0.0,1.0,0.0,0.0,0.0,0.0
1293032,0.0,0.0,0.0,0.0,0.0,0.0,0.0
1293034,0.0,0.0,1.0,0.0,0.0,0.0,0.0
1293048,0.0,0.0,0.0,0.0,0.0,0.0,0.0
1293058,0.0,0.0,1.0,0.0,0.0,0.0,0.0
1293112,0.0,0.0,0.0,0.0,0.0,0.0,0.0
1293115,0.0,0.0,1.0,0.0,0.0,0.0,0.0
1293116,0.0,0.0,0.0,0.0,0.0,0.0,0.0
1293117,0.0,0.0,1.0,0.0,0.0,0.0,0.0
1293124,0.0,0.0,0.0,0.0,0.0,0.0,0.0
1293127,0.0,0.0,1.0,0.0,0.0,0.0,0.0
1293128,0.0,0.0,0.0,0.0,0.0,0.0,0.0
1293131,0.0,0.0,1.0,0.0,0.0,0.0,0.0
1293132,0.0,0.0,0.0,0.0,0.0,0.0,0.0
1293138,0.0,0.0,1.0,0.0,0.0,0.0,0.0
1293148,0.0,0.0,0.0,0.0,0.0,0.0,0.0
1293150,0.0,0.0,1.0,0.0,0.0,0.0,0.0
1293152,0.0,0.0,0.0,0.0,0.0,0.0,0.0
1293182,0.0,0.0,1.0,0.0,0.0,0.0,0.0
1293196,0.0,0.0,0.0,0.0,0.0,0.0,0.0
1293202,0.0,0.0,1.0,0.0,0.0,0.0,0.0
1293204,0.0,0.0,0.0,0.0,0.0,0.0,0.0
1293381,0.0,0.0,1.0,0.0,0.0,0.0,0.0
1293408,0.0,0.0,0.0,0.0,0.0,0.0,0.0
1293411,0.0,0.0,1.0,0.0,0.0,0.0,0.0
1293412,0.0,0.0,0.0,0.0,0.0,0.0,0.0
1293413,0.0,0.0,1.0,0.0,0.0,0.0,0.0
1293520,0.0,0.0,0.0,0.0,0.0,0.0,0.0
1293522,0.0,0.0,1.0,0.0,0.0,0.0,0.0
1293600,0.0,0.0,0.0,0.0,0.0,0.0,0.0
1293601,0.0,0.0,1.0,0.0,0.0,0.0,0.0
1293664,0.0,0.0,0.0,0.0,0.0,0.0,0.0
1293665,0.0,0.0,1.0,0.0,0.0,0.0,0.0
1293668,0.0,0.0,0.0,0.0,0.0,0.0,0.0
1293683,0.0,0.0,1.0,0.0,0.0,0.0,0.0
1293692,0.0,0.0,0.0,0.0,0.0,0.0,0.0
1293693,0.0,0.0,1.0,0.0,0.0,0.0,0.0
1293696,0.0,0.0,0.0,0.0,0.0,0.0,0.0
1293703,0.0,0.0,1.0,0.0,0.0,0.0,0.0
1293708,0.0,0.0,0.0,0.0,0.0,0.0,0.0
1293711,0.0,0.0,1.0,0.0,0.0,0.0,0.0
1293712,0.0,0.0,0.0,0.0,0.0,0.0,0.0
1293719,0.0,0.0,1.0,0.0,0.0,0.0,0.0
1293720,0.0,0.0,0.0,0.0,0.0,0.0,0.0
1293721,0.0,0.0,1.0,0.0,0.0,0.0,0.0
1293724,0.0,0.0,0.0,0.0,0.0,0.0,0.0
1294231,0.0,0.0,1.0,0.0,0.0,0.0,0.0
1294233,0.0,0.0,0.0,0.0,0.0,0.0,0.0
1294239,0.0,0.0,1.0,0.0,0.0,0.0,0.0
1294241,0.0,0.0,0.0,0.0,0.0,0.0,0.0
1294300,0.0,0.0,1.0,0.0,0.0,0.0,0.0
1294301,0.0,0.0,0.0,0.0,0.0,0.0,0.0
1294304,0.0,0.0,1.0,0.0,0.0,0.0,0.0
1294305,0.0,0.0,0.0,0.0,0.0,0.0,0.0
1294306,0.0,0.0,1.0,0.0,0.0,0.0,0.0
1294309,0.0,0.0,0.0,0.0,0.0,0.0,0.0
1294310,0.0,0.0,1.0,0.0,0.0,0.0,0.0
1294313,0.0,0.0,0.0,0.0,0.0,0.0,0.0
1294320,0.0,0.0,1.0,0.0,0.0,0.0,0.0
1294321,0.0,0.0,0.0,0.0,0.0,0.0,0.0
1294347,0.0,0.0,1.0,0.0,0.0,0.0,0.0
1294365,0.0,0.0,0.0,0.0,0.0,0.0,0.0
1294380,0.0,0.0,1.0,0.0,0.0,0.0,0.0
1294389,0.0,0.0,0.0,0.0,0.0,0.0,0.0
1294395,0.0,0.0,1.0,0.0,0.0,0.0,0.0
1294397,0.0,0.0,0.0,0.0,0.0,0.0,0.0
1294400,0.0,0.0,1.0,0.0,0.0,0.0,0.0
1294401,0.0,0.0,0.0,0.0,0.0,0.0,0.0
1294403,0.0,0.0,1.0,0.0,0.0,0.0,0.0
1294477,0.0,0.0,0.0,0.0,0.0,0.0,0.0
1294479,0.0,0.0,1.0,0.0,0.0,0.0,0.0
1294489,0.0,0.0,0.0,0.0,0.0,0.0,0.0
1294492,0.0,0.0,1.0,0.0,0.0,0.0,0.0
1294497,0.0,0.0,0.0,0.0,0.0,0.0,0.0
1294499,0.0,0.0,1.0,0.0,0.0,0.0,0.0
1294557,0.0,0.0,0.0,0.0,0.0,0.0,0.0
1294560,0.0,0.0,1.0,0.0,0.0,0.0,0.0
1294569,0.0,0.0,0.0,0.0,0.0,0.0,0.0
1294667,0.0,0.0,1.0,0.0,0.0,0.0,0.0
1294669,0.0,0.0,0.0,0.0,0.0,0.0,0.0
1294670,0.0,0.0,1.0,0.0,0.0,0.0,0.0
1294673,0.0,0.0,0.0,0.0,0.0,0.0,0.0
1294719,0.0,0.0,1.0,0.0,0.0,0.0,0.0
1294721,0.0,0.0,0.0,0.0,0.0,0.0,0.0
1294776,0.0,0.0,1.0,0.0,0.0,0.0,0.0
1294777,0.0,0.0,0.0,0.0,0.0,0.0,0.0
1294780,0.0,0.0,1.0,0.0,0.0,0.0,0.0
1294781,0.0,0.0,0.0,0.0,0.0,0.0,0.0
1294784,0.0,0.0,1.0,0.0,0.0,0.0,0.0
1294785,0.0,0.0,0.0,0.0,0.0,0.0,0.0
1294786,0.0,0.0,1.0,0.0,0.0,0.0,0.0
1294789,0.0,0.0,0.0,0.0,0.0,0.0,0.0
1294792,0.0,0.0,1.0,0.0,0.0,0.0,0.0
1294793,0.0,0.0,0.0,0.0,0.0,0.0,0.0
1294795,0.0,0.0,1.0,0.0,0.0,0.0,0.0
1294797,0.0,0.0,0.0,0.0,0.0,0.0,0.0
1294799,0.0,0.0,1.0,0.0,0.0,0.0,0.0
1294837,0.0,0.0,0.0,0.0,0.0,0.0,0.0
1294840,0.0,0.0,1.0,0.0,0.0,0.0,0.0
1295291,0.0,0.0,1.0,0.0,1.0,0.0,0.0
1295292,0.0,0.0,1.0,0.0,0.0,0.0,0.0
1296217,0.0,0.0,1.0,0.0,1.0,0.0,0.0
1296221,0.0,0.0,1.0,0.0,0.0,0.0,0.0
1296824,0.0,0.0,1.0,0.0,1.0,0.0,0.0
1296825,0.0,0.0,1.0,0.0,0.0,0.0,0.0
1296827,0.0,0.0,1.0,0.0,1.0,0.0,0.0
1296829,0.0,0.0,1.0,0.0,2.0,0.0,0.0
1296830,0.0,0.0,1.0,0.0,0.0,0.0,0.0
1297001,0.0,0.0,1.0,0.0,1.0,0.0,0.0
1297004,0.0,0.0,1.0,0.0,0.0,0.0,0.0
1298426,0.0,0.0,1.0,0.0,1.0,0.0,0.0
1298427,0.0,0.0,1.0,0.0,0.0,0.0,0.0
1298428,0.0,0.0,1.0,0.0,1.0,0.0,0.0
1298429,0.0,0.0,1.0,0.0,0.0,0.0,0.0
1300308,0.0,0.0,0.0,0.0,0.0,0.0,0.0
1300310,0.0,0.0,1.0,0.0,0.0,0.0,0.0
1300320,0.0,0.0,0.0,0.0,0.0,0.0,0.0
1300323,0.0,0.0,1.0,0.0,0.0,0.0,0.0
1300324,0.0,0.0,0.0,0.0,0.0,0.0,0.0
1300325,0.0,0.0,1.0,0.0,0.0,0.0,0.0
1300328,0.0,0.0,0.0,0.0,0.0,0.0,0.0
1304394,0.0,0.0,0.0,0.0,1.0,0.0,0.0
1304395,0.0,0.0,0.0,0.0,0.0,0.0,0.0
1304401,0.0,0.0,0.0,0.0,1.0,0.0,0.0
1304402,0.0,0.0,0.0,0.0,2.0,0.0,0.0
1304403,0.0,0.0,0.0,0.0,0.0,0.0,0.0
1305906,0.0,0.0,0.0,0.0,1.0,0.0,0.0
1305907,0.0,0.0,0.0,0.0,0.0,0.0,0.0
1305908,0.0,0.0,0.0,0.0,1.0,0.0,0.0
1305909,0.0,0.0,0.0,0.0,0.0,0.0,0.0
1305910,0.0,0.0,0.0,0.0,1.0,0.0,0.0
1305911,0.0,0.0,0.0,0.0,0.0,0.0,0.0
1309321,0.0,0.0,0.0,0.0,1.0,0.0,0.0
1309322,0.0,0.0,0.0,1.0,1.0,0.0,0.0
1309323,0.0,0.0,0.0,0.0,1.0,0.0,0.0
1309324,0.0,0.0,0.0,0.0,0.0,0.0,0.0
1309325,0.0,0.0,0.0,0.0,1.0,0.0,0.0
1309326,0.0,0.0,0.0,0.0,0.0,0.0,0.0
1311073,0.0,0.0,0.0,0.0,1.0,0.0,0.0
1311074,0.0,0.0,0.0,0.0,2.0,0.0,0.0
1311075,0.0,0.0,0.0,0.0,0.0,0.0,0.0
1314155,0.0,0.0,0.0,0.0,1.0,0.0,0.0
1314156,0.0,0.0,0.0,0.0,0.0,0.0,0.0
1314281,0.0,0.0,0.0,0.0,1.0,0.0,0.0
1314282,0.0,0.0,0.0,0.0,0.0,0.0,0.0
1317152,0.0,0.0,0.0,0.0,1.0,0.0,0.0
1317155,0.0,0.0,0.0,0.0,2.0,0.0,0.0
1317156,0.0,0.0,0.0,0.0,0.0,0.0,0.0
1318976,0.0,0.0,0.0,0.0,1.0,0.0,0.0
1318977,0.0,0.0,0.0,0.0,0.0,0.0,0.0
1320637,0.0,0.0,0.0,0.0,1.0,0.0,0.0
1320638,0.0,0.0,0.0,0.0,0.0,0.0,0.0
1323581,0.0,0.0,0.0,0.0,1.0,0.0,0.0
1323583,0.0,0.0,0.0,0.0,0.0,0.0,0.0
1323587,0.0,0.0,0.0,0.0,1.0,0.0,0.0
1323588,0.0,0.0,0.0,0.0,0.0,0.0,0.0
1323620,0.0,0.0,0.0,0.0,1.0,0.0,0.0
1323622,0.0,0.0,0.0,0.0,0.0,0.0,0.0
1323625,0.0,0.0,0.0,0.0,1.0,0.0,0.0
1323627,0.0,0.0,0.0,0.0,0.0,0.0,0.0
1323631,0.0,0.0,0.0,0.0,1.0,0.0,0.0
1323632,0.0,0.0,0.0,0.0,0.0,0.0,0.0
1323633,0.0,0.0,0.0,0.0,1.0,0.0,0.0
1323635,0.0,0.0,0.0,0.0,0.0,0.0,0.0
1325163,0.0,0.0,0.0,0.0,1.0,0.0,0.0
1325167,0.0,0.0,0.0,0.0,2.0,0.0,0.0
1325168,0.0,0.0,0.0,0.0,0.0,0.0,0.0
1328329,0.0,0.0,0.0,0.0,1.0,0.0,0.0
1328339,0.0,0.0,0.0,0.0,0.0,0.0,0.0
1331194,0.0,0.0,0.0,0.0,1.0,0.0,0.0
1331195,0.0,0.0,0.0,0.0,0.0,0.0,0.0
1331199,0.0,0.0,0.0,0.0,1.0,0.0,0.0
1331200,0.0,0.0,0.0,0.0,0.0,0.0,0.0
1334290,0.0,0.0,0.0,0.0,1.0,0.0,0.0
1334291,0.0,0.0,0.0,0.0,0.0,0.0,0.0
1334311,0.0,0.0,0.0,0.0,1.0,0.0,0.0
1334313,0.0,0.0,0.0,0.0,0.0,0.0,0.0
1334784,0.0,0.0,0.0,0.0,1.0,0.0,0.0
1334785,0.0,0.0,0.0,0.0,0.0,0.0,0.0
1337390,0.0,0.0,0.0,0.0,1.0,0.0,0.0
1337391,0.0,0.0,0.0,0.0,0.0,0.0,0.0
1337432,0.0,0.0,0.0,0.0,1.0,0.0,0.0
1337436,0.0,0.0,0.0,0.0,0.0,0.0,0.0
1337437,0.0,0.0,0.0,0.0,1.0,0.0,0.0
1337438,0.0,0.0,0.0,0.0,0.0,0.0,0.0
1339760,0.0,0.0,0.0,0.0,1.0,0.0,0.0
1339761,0.0,0.0,0.0,0.0,0.0,0.0,0.0
1339765,0.0,0.0,0.0,0.0,1.0,0.0,0.0
1339766,0.0,0.0,0.0,0.0,0.0,0.0,0.0
1339767,0.0,0.0,0.0,0.0,1.0,0.0,0.0
1339768,0.0,0.0,0.0,0.0,0.0,0.0,0.0
1340048,0.0,0.0,0.0,0.0,1.0,0.0,0.0
1340049,0.0,0.0,0.0,0.0,0.0,0.0,0.0
1340742,0.0,0.0,0.0,0.0,1.0,0.0,0.0
1340745,0.0,0.0,0.0,0.0,0.0,0.0,0.0
1341742,0.0,0.0,0.0,0.0,1.0,0.0,0.0
1341743,0.0,0.0,0.0,0.0,0.0,0.0,0.0
1345170,0.0,0.0,0.0,0.0,1.0,0.0,0.0
1345171,0.0,0.0,0.0,0.0,0.0,0.0,0.0
1345173,0.0,0.0,0.0,0.0,1.0,0.0,0.0
1345174,0.0,0.0,0.0,0.0,0.0,0.0,0.0
1345415,0.0,0.0,0.0,0.0,1.0,0.0,0.0
1345418,0.0,0.0,0.0,0.0,2.0,0.0,0.0
1345419,0.0,0.0,0.0,0.0,0.0,0.0,0.0
1347716,0.0,0.0,0.0,0.0,1.0,0.0,0.0
1347717,0.0,0.0,0.0,0.0,0.0,0.0,0.0
1347719,0.0,0.0,0.0,0.0,1.0,0.0,0.0
1347725,0.0,0.0,0.0,0.0,0.0,0.0,0.0
1348295,0.0,0.0,0.0,0.0,1.0,0.0,0.0
1348296,0.0,0.0,0.0,0.0,0.0,0.0,0.0
1349111,0.0,0.0,0.0,0.0,1.0,0.0,0.0
1349113,0.0,0.0,0.0,0.0,0.0,0.0,0.0
1349117,0.0,0.0,0.0,0.0,1.0,0.0,0.0
1349118,0.0,0.0,0.0,0.0,0.0,0.0,0.0
1349401,0.0,0.0,0.0,0.0,1.0,0.0,0.0
1349402,0.0,0.0,0.0,0.0,0.0,0.0,0.0
1353710,0.0,0.0,0.0,0.0,1.0,0.0,0.0
1353714,0.0,0.0,0.0,0.0,0.0,0.0,0.0
1354711,0.0,0.0,0.0,0.0,1.0,0.0,0.0
1354712,0.0,0.0,0.0,0.0,0.0,0.0,0.0
1354713,0.0,0.0,0.0,0.0,1.0,0.0,0.0
1354715,0.0,0.0,0.0,0.0,0.0,0.0,0.0
1355713,0.0,0.0,0.0,0.0,1.0,0.0,0.0
1355714,0.0,0.0,0.0,0.0,0.0,0.0,0.0
1359353,0.0,0.0,0.0,0.0,1.0,0.0,0.0
1359354,0.0,0.0,0.0,0.0,0.0,0.0,0.0
1359371,0.0,0.0,0.0,0.0,1.0,0.0,0.0
1359373,0.0,0.0,0.0,0.0,0.0,0.0,0.0
1363507,0.0,0.0,0.0,0.0,1.0,0.0,0.0
1363508,0.0,0.0,0.0,0.0,0.0,0.0,0.0
1365463,0.0,0.0,0.0,0.0,1.0,0.0,0.0
1365464,0.0,0.0,0.0,0.0,0.0,0.0,0.0
1366322,0.0,0.0,0.0,0.0,1.0,0.0,0.0
1366325,0.0,0.0,0.0,0.0,0.0,0.0,0.0
1366330,0.0,0.0,0.0,0.0,1.0,0.0,0.0
1366335,0.0,0.0,0.0,0.0,0.0,0.0,0.0
1366337,0.0,0.0,0.0,0.0,1.0,0.0,0.0
1366338,0.0,0.0,0.0,0.0,0.0,0.0,0.0
1366892,0.0,0.0,0.0,0.0,1.0,0.0,0.0
1366893,0.0,0.0,0.0,0.0,0.0,0.0,0.0
1366895,0.0,0.0,0.0,0.0,1.0,0.0,0.0
1366898,0.0,0.0,0.0,0.0,0.0,0.0,0.0
1366900,0.0,0.0,0.0,0.0,1.0,0.0,0.0
1366901,0.0,0.0,0.0,0.0,0.0,0.0,0.0
1367289,0.0,0.0,0.0,0.0,1.0,0.0,0.0
1367290,0.0,0.0,0.0,0.0,0.0,0.0,0.0
1368018,0.0,0.0,0.0,0.0,1.0,0.0,0.0
1368019,0.0,0.0,0.0,0.0,0.0,0.0,0.0
1369675,0.0,0.0,0.0,1.0,0.0,0.0,0.0
1369676,0.0,0.0,0.0,0.0,0.0,0.0,0.0
1369682,0.0,0.0,0.0,1.0,1.0,0.0,0.0
1369685,0.0,0.0,0.0,2.0,1.0,1.0,0.0
1369686,0.0,0.0,0.0,0.0,0.0,0.0,0.0
1369764,0.0,0.0,1.0,0.0,0.0,0.0,0.0
1369766,0.0,0.0,0.0,0.0,0.0,0.0,0.0
1370049,0.0,0.0,1.0,0.0,0.0,0.0,0.0
1370050,0.0,0.0,0.0,0.0,0.0,0.0,0.0
1370052,0.0,0.0,1.0,0.0,0.0,0.0,0.0
1370056,0.0,0.0,0.0,0.0,0.0,0.0,0.0
1370057,0.0,0.0,1.0,0.0,0.0,0.0,0.0
1370061,0.0,0.0,0.0,0.0,0.0,0.0,0.0
1370062,0.0,0.0,1.0,0.0,0.0,0.0,0.0
1370077,0.0,0.0,0.0,0.0,0.0,0.0,0.0
1370081,0.0,0.0,1.0,0.0,0.0,0.0,0.0
1370083,0.0,0.0,0.0,0.0,0.0,0.0,0.0
1370098,0.0,0.0,1.0,0.0,0.0,0.0,0.0
1370099,0.0,0.0,0.0,0.0,0.0,0.0,0.0
1370163,0.0,0.0,1.0,0.0,0.0,0.0,0.0
1370164,0.0,0.0,0.0,0.0,0.0,0.0,0.0
1370166,0.0,0.0,1.0,0.0,0.0,0.0,0.0
1370169,0.0,0.0,0.0,0.0,0.0,0.0,0.0
1370275,0.0,0.0,1.0,0.0,0.0,0.0,0.0
1370276,0.0,0.0,0.0,0.0,0.0,0.0,0.0
1370336,0.0,0.0,1.0,0.0,0.0,0.0,0.0
1370345,0.0,0.0,0.0,0.0,0.0,0.0,0.0
1370346,0.0,0.0,1.0,0.0,0.0,0.0,0.0
1370356,0.0,0.0,0.0,0.0,0.0,0.0,0.0
1370364,0.0,0.0,1.0,0.0,0.0,0.0,0.0
1370367,0.0,0.0,0.0,0.0,0.0,0.0,0.0
1370380,0.0,0.0,1.0,0.0,0.0,0.0,0.0
1370383,0.0,0.0,0.0,0.0,0.0,0.0,0.0
1370385,0.0,0.0,1.0,0.0,0.0,0.0,0.0
1370388,0.0,0.0,0.0,0.0,0.0,0.0,0.0
1370390,0.0,0.0,1.0,0.0,0.0,0.0,0.0
1370595,0.0,0.0,0.0,0.0,0.0,0.0,0.0
1370596,0.0,0.0,1.0,0.0,0.0,0.0,0.0
1370606,0.0,0.0,0.0,0.0,0.0,0.0,0.0
1370613,0.0,0.0,1.0,0.0,0.0,0.0,0.0
1370627,0.0,0.0,0.0,0.0,0.0,0.0,0.0
1370629,0.0,0.0,1.0,0.0,0.0,0.0,0.0
1370648,0.0,0.0,0.0,0.0,0.0,0.0,0.0
1370651,0.0,0.0,1.0,0.0,0.0,0.0,0.0
1370653,0.0,0.0,0.0,0.0,0.0,0.0,0.0
1370654,0.0,0.0,1.0,0.0,0.0,0.0,0.0
1370680,0.0,0.0,0.0,0.0,0.0,0.0,0.0
1370682,0.0,0.0,1.0,0.0,0.0,0.0,0.0
1370685,0.0,0.0,0.0,0.0,0.0,0.0,0.0
1370687,0.0,0.0,1.0,0.0,0.0,0.0,0.0
1370690,0.0,0.0,0.0,0.0,0.0,0.0,0.0
1370691,0.0,0.0,1.0,0.0,0.0,0.0,0.0
1370701,0.0,0.0,0.0,0.0,0.0,0.0,0.0
1370704,0.0,0.0,1.0,0.0,0.0,0.0,0.0
1370706,0.0,0.0,0.0,0.0,0.0,0.0,0.0
1370708,0.0,0.0,1.0,0.0,0.0,0.0,0.0
1370722,0.0,0.0,0.0,0.0,0.0,0.0,0.0
1370724,0.0,0.0,1.0,0.0,0.0,0.0,0.0
1370727,0.0,0.0,0.0,0.0,0.0,0.0,0.0
1370731,0.0,0.0,1.0,0.0,0.0,0.0,0.0
1370733,0.0,0.0,0.0,0.0,0.0,0.0,0.0
1370736,0.0,0.0,1.0,0.0,0.0,0.0,0.0
1370738,0.0,0.0,0.0,0.0,0.0,0.0,0.0
1370748,0.0,0.0,1.0,0.0,0.0,0.0,0.0
1370749,0.0,0.0,0.0,0.0,0.0,0.0,0.0
1370752,0.0,0.0,1.0,0.0,0.0,0.0,0.0
1370780,0.0,0.0,0.0,0.0,0.0,0.0,0.0
1370792,0.0,0.0,1.0,0.0,0.0,0.0,0.0
1370796,0.0,0.0,0.0,0.0,0.0,0.0,0.0
1370832,0.0,0.0,1.0,0.0,0.0,0.0,0.0
1370833,0.0,0.0,0.0,0.0,0.0,0.0,0.0
1370834,0.0,0.0,1.0,0.0,0.0,0.0,0.0
1370838,0.0,0.0,0.0,0.0,0.0,0.0,0.0
1370839,0.0,0.0,1.0,0.0,0.0,0.0,0.0
1372833,0.0,2.0,1.0,0.0,0.0,0.0,0.0
1372834,0.0,0.0,1.0,0.0,0.0,0.0,0.0
1375500,0.0,0.0,1.0,0.0,1.0,0.0,0.0
1375501,0.0,0.0,1.0,0.0,0.0,0.0,0.0
1376378,0.0,0.0,1.0,0.0,1.0,0.0,0.0
1376379,0.0,0.0,1.0,0.0,0.0,0.0,0.0
1376592,0.0,0.0,1.0,0.0,1.0,0.0,0.0
1376595,0.0,0.0,1.0,0.0,0.0,0.0,0.0
1377057,0.0,0.0,1.0,0.0,1.0,0.0,0.0
1377058,0.0,0.0,1.0,0.0,0.0,0.0,0.0
1380281,0.0,0.0,1.0,0.0,1.0,0.0,0.0
1380282,0.0,0.0,1.0,0.0,0.0,0.0,0.0
1380297,0.0,0.0,1.0,0.0,1.0,0.0,0.0
1380299,0.0,0.0,1.0,0.0,0.0,0.0,0.0
1383011,0.0,0.0,1.0,0.0,1.0,0.0,0.0
1383012,0.0,0.0,1.0,0.0,0.0,0.0,0.0
1385197,0.0,0.0,1.0,0.0,1.0,0.0,0.0
1385198,0.0,0.0,1.0,0.0,0.0,0.0,0.0
1385733,0.0,0.0,1.0,0.0,1.0,0.0,0.0
1385734,0.0,0.0,1.0,0.0,0.0,0.0,0.0
1385735,0.0,0.0,1.0,0.0,1.0,0.0,0.0
1385736,0.0,0.0,1.0,0.0,2.0,0.0,0.0
1385737,0.0,0.0,1.0,0.0,0.0,0.0,0.0
1389495,0.0,0.0,1.0,0.0,1.0,0.0,0.0
1389496,0.0,0.0,1.0,0.0,0.0,0.0,0.0
1389511,0.0,0.0,1.0,0.0,1.0,0.0,0.0
1389512,0.0,0.0,1.0,0.0,0.0,0.0,0.0
1389513,0.0,0.0,1.0,0.0,1.0,0.0,0.0
1389515,0.0,0.0,1.0,0.0,0.0,0.0,0.0
1389516,0.0,0.0,1.0,0.0,1.0,0.0,0.0
1389517,0.0,0.0,1.0,0.0,0.0,0.0,0.0
1392955,0.0,0.0,1.0,0.0,1.0,0.0,0.0
1392961,0.0,0.0,1.0,0.0,0.0,0.0,0.0
1399785,0.0,0.0,1.0,0.0,1.0,0.0,0.0
1399786,0.0,0.0,1.0,0.0,0.0,0.0,0.0
1400000,0.0,0.0,1.0,0.0,0.0,0.0,1.0
1400001,0.0,0.0,1.0,0.0,0.0,0.0,0.0
1400596,0.0,0.0,1.0,0.0,1.0,0.0,0.0
1400597,0.0,0.0,1.0,0.0,0.0,0.0,0.0
1400672,0.0,0.0,1.0,0.0,1.0,0.0,0.0
1400676,0.0,0.0,1.0,0.0,0.0,0.0,0.0
1400683,0.0,0.0,1.0,0.0,1.0,0.0,0.0
1400684,0.0,0.0,1.0,0.0,0.0,0.0,0.0
1400692,0.0,2.0,1.0,0.0,1.0,0.0,0.0
1400693,0.0,0.0,1.0,0.0,2.0,0.0,0.0
1400694,0.0,0.0,1.0,0.0,0.0,0.0,0.0
1400757,2.0,0.0,1.0,0.0,0.0,1.0,0.0
1400758,0.0,0.0,0.0,0.0,0.0,0.0,0.0
1400885,0.0,0.0,1.0,0.0,0.0,0.0,0.0
1400918,0.0,0.0,2.0,0.0,0.0,0.0,0.0
1400919,0.0,0.0,0.0,0.0,0.0,0.0,0.0
1401246,0.0,0.0,1.0,0.0,0.0,0.0,0.0
1401256,0.0,0.0,0.0,0.0,0.0,0.0,0.0
1401555,0.0,0.0,0.0,0.0,1.0,0.0,0.0
1401556,0.0,0.0,0.0,0.0,0.0,0.0,0.0
1401557,0.0,0.0,0.0,0.0,1.0,0.0,0.0
1401558,0.0,0.0,0.0,0.0,0.0,0.0,0.0
1401814,0.0,0.0,0.0,0.0,1.0,0.0,0.0
1401815,0.0,0.0,0.0,0.0,0.0,0.0,0.0
1401816,0.0,0.0,0.0,0.0,1.0,0.0,0.0
1401817,0.0,0.0,0.0,0.0,0.0,0.0,0.0
1401820,0.0,0.0,0.0,0.0,1.0,0.0,0.0
1401822,0.0,0.0,0.0,0.0,0.0,0.0,0.0
1401828,0.0,0.0,0.0,0.0,1.0,0.0,0.0
1401831,0.0,0.0,0.0,0.0,0.0,0.0,0.0
1403196,0.0,0.0,0.0,0.0,1.0,0.0,0.0
1403197,0.0,0.0,0.0,0.0,0.0,0.0,0.0
1404124,0.0,0.0,0.0,0.0,1.0,0.0,0.0
1404126,0.0,0.0,0.0,0.0,0.0,0.0,0.0
1404129,0.0,0.0,0.0,0.0,1.0,0.0,0.0
1404130,0.0,0.0,0.0,0.0,0.0,0.0,0.0
1404538,0.0,0.0,0.0,0.0,1.0,0.0,0.0
1404544,0.0,0.0,0.0,0.0,0.0,0.0,0.0
1404715,0.0,0.0,0.0,0.0,1.0,0.0,0.0
1404717,0.0,0.0,0.0,0.0,2.0,0.0,0.0
1404718,0.0,0.0,0.0,0.0,0.0,0.0,0.0
1408407,0.0,0.0,0.0,0.0,1.0,0.0,0.0
1408408,0.0,0.0,0.0,0.0,0.0,0.0,0.0
1408690,0.0,0.0,0.0,0.0,1.0,0.0,0.0
1408693,0.0,0.0,0.0,0.0,0.0,0.0,0.0
1410208,0.0,0.0,0.0,0.0,1.0,0.0,0.0
1410209,0.0,0.0,0.0,0.0,0.0,0.0,0.0
1410211,0.0,0.0,0.0,0.0,1.0,0.0,0.0
1410212,0.0,0.0,0.0,0.0,0.0,0.0,0.0
1410213,0.0,0.0,0.0,0.0,1.0,0.0,0.0
1410214,0.0,0.0,0.0,0.0,0.0,0.0,0.0
1410220,0.0,0.0,0.0,0.0,1.0,0.0,0.0
1410221,0.0,0.0,0.0,0.0,0.0,0.0,0.0
1410222,0.0,0.0,0.0,0.0,1.0,0.0,0.0
1410223,0.0,0.0,0.0,0.0,2.0,0.0,0.0
1410224,0.0,0.0,0.0,0.0,0.0,0.0,0.0
1411702,0.0,0.0,0.0,0.0,1.0,0.0,0.0
1411703,0.0,0.0,0.0,0.0,0.0,0.0,0.0
1411704,0.0,0.0,0.0,0.0,1.0,0.0,0.0
1411706,0.0,0.0,0.0,0.0,2.0,0.0,0.0
1411707,0.0,0.0,0.0,0.0,0.0,0.0,0.0
1412239,0.0,0.0,0.0,0.0,1.0,0.0,0.0
1412240,0.0,0.0,0.0,0.0,0.0,0.0,0.0
1412241,0.0,0.0,0.0,0.0,1.0,0.0,0.0
1412242,0.0,0.0,0.0,0.0,0.0,0.0,0.0
1412299,0.0,0.0,0.0,0.0,1.0,0.0,0.0
1412300,0.0,0.0,0.0,0.0,0.0,0.0,0.0
1413392,0.0,0.0,0.0,0.0,1.0,0.0,0.0
1413393,0.0,0.0,0.0,0.0,0.0,0.0,0.0
1413394,0.0,0.0,0.0,0.0,1.0,0.0,0.0
1413395,0.0,0.0,0.0,0.0,0.0,0.0,0.0
1416366,0.0,0.0,0.0,0.0,1.0,0.0,0.0
1416368,0.0,0.0,0.0,0.0,0.0,0.0,0.0
1417377,0.0,0.0,0.0,0.0,1.0,0.0,0.0
1417378,0.0,0.0,0.0,0.0,0.0,0.0,0.0
1417785,0.0,0.0,0.0,0.0,1.0,0.0,0.0
1417787,0.0,0.0,0.0,0.0,2.0,0.0,0.0
1417788,0.0,0.0,0.0,0.0,0.0,0.0,0.0
1418589,0.0,0.0,0.0,0.0,1.0,0.0,0.0
1418594,0.0,0.0,0.0,0.0,0.0,0.0,0.0
1421432,0.0,0.0,0.0,0.0,1.0,0.0,0.0
1421435,0.0,0.0,0.0,0.0,0.0,0.0,0.0
1421437,0.0,0.0,0.0,0.0,1.0,0.0,0.0
1421438,0.0,0.0,0.0,0.0,0.0,0.0,0.0
1421449,0.0,0.0,0.0,0.0,1.0,0.0,0.0
1421450,0.0,0.0,0.0,0.0,0.0,0.0,0.0
1421451,0.0,0.0,0.0,0.0,1.0,0.0,0.0
1421452,0.0,0.0,0.0,0.0,0.0,0.0,0.0
1421453,0.0,0.0,0.0,0.0,1.0,0.0,0.0
1421454,0.0,0.0,0.0,0.0,0.0,0.0,0.0
1421455,0.0,0.0,0.0,0.0,1.0,0.0,0.0
1421459,0.0,0.0,0.0,0.0,0.0,0.0,0.0
1421895,0.0,2.0,0.0,0.0,0.0,1.0,0.0
1421896,0.0,0.0,0.0,0.0,0.0,0.0,0.0
1421927,0.0,0.0,1.0,0.0,0.0,0.0,0.0
1421928,0.0,0.0,0.0,0.0,0.0,0.0,0.0
1421936,0.0,0.0,1.0,0.0,0.0,0.0,0.0
1421940,0.0,0.0,0.0,0.0,0.0,0.0,0.0
1421945,0.0,0.0,1.0,0.0,0.0,0.0,0.0
1421947,0.0,0.0,0.0,0.0,0.0,0.0,0.0
1422260,0.0,0.0,0.0,0.0,1.0,0.0,0.0
1422261,0.0,0.0,0.0,0.0,0.0,0.0,0.0
1422652,0.0,0.0,1.0,0.0,0.0,0.0,0.0
1422653,0.0,0.0,0.0,0.0,0.0,0.0,0.0
1422880,0.0,0.0,0.0,0.0,1.0,0.0,0.0
1422881,0.0,0.0,0.0,0.0,0.0,0.0,0.0
1422965,0.0,0.0,1.0,0.0,0.0,0.0,0.0
1422966,0.0,0.0,0.0,0.0,0.0,0.0,0.0
1423516,0.0,0.0,0.0,0.0,1.0,0.0,0.0
1423517,0.0,0.0,0.0,0.0,0.0,0.0,0.0
1424505,0.0,0.0,0.0,1.0,0.0,0.0,0.0
1424506,0.0,0.0,0.0,0.0,0.0,0.0,0.0
1426623,0.0,0.0,0.0,0.0,1.0,0.0,0.0
1426624,0.0,0.0,0.0,0.0,0.0,0.0,0.0
1427263,0.0,0.0,0.0,0.0,1.0,0.0,0.0
1427266,0.0,0.0,0.0,0.0,0.0,0.0,0.0
1427324,0.0,0.0,0.0,0.0,1.0,0.0,0.0
1427326,0.0,0.0,0.0,0.0,2.0,0.0,0.0
1427327,0.0,0.0,0.0,0.0,0.0,0.0,0.0
1427331,0.0,0.0,0.0,1.0,0.0,0.0,0.0
1427332,0.0,0.0,0.0,0.0,0.0,0.0,0.0
1427367,0.0,0.0,0.0,1.0,0.0,0.0,0.0
1427368,0.0,0.0,0.0,0.0,0.0,0.0,0.0
1427369,0.0,0.0,0.0,1.0,0.0,0.0,0.0
1427371,0.0,0.0,0.0,0.0,0.0,0.0,0.0
1427372,0.0,0.0,0.0,1.0,0.0,0.0,0.0
1427407,0.0,0.0,0.0,0.0,0.0,0.0,0.0
1427408,0.0,0.0,0.0,1.0,0.0,0.0,0.0
1427417,0.0,0.0,0.0,0.0,0.0,0.0,0.0
1427420,0.0,0.0,0.0,1.0,0.0,0.0,0.0
1427421,0.0,0.0,0.0,0.0,0.0,0.0,0.0
1427422,0.0,0.0,0.0,1.0,0.0,0.0,0.0
1427424,0.0,0.0,0.0,0.0,0.0,0.0,0.0
1427439,0.0,0.0,0.0,1.0,0.0,0.0,0.0
1427495,0.0,0.0,0.0,0.0,0.0,0.0,0.0
1427501,0.0,0.0,0.0,1.0,0.0,0.0,0.0
1427506,0.0,0.0,0.0,0.0,0.0,0.0,0.0
1427687,0.0,0.0,0.0,0.0,1.0,0.0,0.0
1427688,0.0,0.0,0.0,0.0,0.0,0.0,0.0
1427690,0.0,0.0,0.0,0.0,1.0,0.0,0.0
1427693,0.0,0.0,0.0,0.0,0.0,0.0,0.0
1428960,0.0,0.0,0.0,0.0,1.0,0.0,0.0
1428961,0.0,0.0,0.0,0.0,0.0,0.0,0.0
1429162,0.0,0.0,0.0,0.0,1.0,0.0,0.0
1429163,0.0,0.0,0.0,0.0,0.0,0.0,0.0
1431579,0.0,0.0,0.0,0.0,1.0,0.0,0.0
1431581,0.0,0.0,0.0,0.0,0.0,0.0,0.0
1431584,0.0,0.0,0.0,0.0,1.0,0.0,0.0
1431592,0.0,0.0,0.0,0.0,0.0,0.0,0.0
1431609,0.0,0.0,0.0,0.0,1.0,0.0,0.0
1431610,0.0,0.0,0.0,0.0,0.0,0.0,0.0
1431841,0.0,0.0,0.0,0.0,1.0,0.0,0.0
1431842,0.0,0.0,0.0,0.0,0.0,0.0,0.0
1431843,0.0,0.0,0.0,0.0,1.0,0.0,0.0
1431844,0.0,0.0,0.0,0.0,0.0,0.0,0.0
1434223,0.0,0.0,0.0,0.0,1.0,0.0,0.0
1434224,0.0,0.0,0.0,0.0,0.0,0.0,0.0
1434225,0.0,0.0,0.0,0.0,1.0,0.0,0.0
1434226,0.0,0.0,0.0,0.0,0.0,0.0,0.0
1434949,0.0,0.0,0.0,0.0,1.0,0.0,0.0
1434953,0.0,0.0,0.0,0.0,0.0,0.0,0.0
1434957,0.0,0.0,0.0,0.0,1.0,0.0,0.0
1434958,0.0,0.0,0.0,0.0,0.0,0.0,0.0
1434980,0.0,0.0,0.0,0.0,1.0,0.0,0.0
1434981,0.0,0.0,0.0,0.0,2.0,0.0,0.0
1434982,0.0,0.0,0.0,0.0,0.0,0.0,0.0
1435284,0.0,0.0,0.0,0.0,1.0,0.0,0.0
1435286,0.0,0.0,0.0,0.0,0.0,0.0,0.0
1435795,0.0,0.0,0.0,0.0,1.0,0.0,0.0
1435796,0.0,0.0,0.0,0.0,0.0,0.0,0.0
1435800,0.0,0.0,0.0,0.0,1.0,0.0,0.0
1435801,0.0,0.0,0.0,0.0,0.0,0.0,0.0
1435813,0.0,0.0,0.0,0.0,1.0,0.0,0.0
1435814,0.0,0.0,0.0,0.0,0.0,0.0,0.0
1435815,0.0,0.0,0.0,0.0,1.0,0.0,0.0
1435817,0.0,0.0,0.0,0.0,2.0,0.0,0.0
1435818,0.0,0.0,0.0,0.0,0.0,0.0,0.0
1435835,0.0,0.0,0.0,1.0,0.0,0.0,0.0
1435836,0.0,0.0,0.0,0.0,0.0,0.0,0.0
1435837,0.0,0.0,0.0,1.0,0.0,0.0,0.0
1435842,0.0,0.0,0.0,0.0,0.0,0.0,0.0
1435844,0.0,0.0,0.0,1.0,0.0,0.0,0.0
1435845,0.0,0.0,0.0,0.0,0.0,0.0,0.0
1435847,0.0,0.0,0.0,1.0,0.0,0.0,0.0
1435848,0.0,0.0,0.0,0.0,0.0,0.0,0.0
1438629,0.0,0.0,0.0,0.0,1.0,0.0,0.0
1438632,0.0,0.0,0.0,0.0,0.0,0.0,0.0
1438668,0.0,0.0,0.0,0.0,1.0,0.0,0.0
1438669,0.0,0.0,0.0,0.0,0.0,0.0,0.0
1438671,0.0,0.0,0.0,0.0,1.0,0.0,0.0
1438672,0.0,0.0,0.0,0.0,0.0,0.0,0.0
1438992,0.0,0.0,0.0,0.0,1.0,0.0,0.0
1438993,0.0,0.0,0.0,0.0,0.0,0.0,0.0
1439215,0.0,0.0,0.0,0.0,1.0,0.0,0.0
1439218,0.0,0.0,0.0,0.0,2.0,0.0,0.0
1439219,0.0,0.0,0.0,0.0,0.0,0.0,0.0
1439300,0.0,2.0,0.0,0.0,0.0,1.0,0.0
1439301,0.0,0.0,0.0,0.0,0.0,0.0,0.0
1439634,0.0,0.0,0.0,0.0,1.0,0.0,0.0
1439635,0.0,0.0,0.0,0.0,0.0,0.0,0.0
1441057,0.0,0.0,0.0,0.0,1.0,0.0,0.0
1441058,0.0,0.0,0.0,0.0,0.0,0.0,0.0
1441059,0.0,0.0,0.0,0.0,1.0,0.0,0.0
1441060,0.0,0.0,0.0,0.0,0.0,0.0,0.0
1441062,0.0,0.0,0.0,0.0,1.0,0.0,0.0
1441063,0.0,0.0,0.0,0.0,0.0,0.0,0.0
1441064,0.0,0.0,0.0,0.0,1.0,0.0,0.0
1441065,0.0,0.0,0.0,0.0,0.0,0.0,0.0
1441072,0.0,0.0,1.0,0.0,0.0,0.0,0.0
1441074,0.0,0.0,0.0,0.0,0.0,0.0,0.0
1441076,0.0,0.0,1.0,0.0,0.0,0.0,0.0
1441086,0.0,0.0,0.0,0.0,0.0,0.0,0.0
1441091,0.0,0.0,1.0,0.0,0.0,0.0,0.0
1441129,0.0,0.0,0.0,0.0,0.0,0.0,0.0
1441130,0.0,0.0,1.0,0.0,0.0,0.0,0.0
1441141,0.0,0.0,0.0,0.0,0.0,0.0,0.0
1441147,0.0,0.0,1.0,0.0,0.0,0.0,0.0
1441149,0.0,0.0,0.0,0.0,0.0,0.0,0.0
1441156,0.0,0.0,1.0,0.0,0.0,0.0,0.0
1441208,0.0,0.0,0.0,0.0,0.0,0.0,0.0
1441209,0.0,0.0,1.0,0.0,0.0,0.0,0.0
1441212,0.0,0.0,0.0,0.0,0.0,0.0,0.0
1441215,0.0,0.0,1.0,0.0,0.0,0.0,0.0
1441216,0.0,0.0,0.0,0.0,0.0,0.0,0.0
1441231,0.0,0.0,1.0,0.0,0.0,0.0,0.0
1441232,0.0,0.0,0.0,0.0,0.0,0.0,0.0
1441234,0.0,0.0,1.0,0.0,0.0,0.0,0.0
1441251,0.0,0.0,0.0,0.0,0.0,0.0,0.0
1441277,0.0,0.0,1.0,0.0,0.0,0.0,0.0
1441417,0.0,0.0,0.0,0.0,0.0,0.0,0.0
1441424,0.0,0.0,1.0,0.0,0.0,0.0,0.0
1441425,0.0,0.0,0.0,0.0,0.0,0.0,0.0
1441430,0.0,0.0,1.0,0.0,0.0,0.0,0.0
1441432,0.0,0.0,0.0,0.0,0.0,0.0,0.0
1441443,0.0,0.0,1.0,0.0,0.0,0.0,0.0
1441444,0.0,0.0,0.0,0.0,0.0,0.0,0.0
1441446,0.0,0.0,1.0,0.0,0.0,0.0,0.0
1441460,0.0,0.0,0.0,0.0,0.0,0.0,0.0
1441471,0.0,0.0,1.0,0.0,0.0,0.0,0.0
1441472,0.0,0.0,0.0,0.0,0.0,0.0,0.0
1441483,0.0,0.0,1.0,0.0,0.0,0.0,0.0
1441531,0.0,0.0,1.0,0.0,1.0,0.0,0.0
1441532,0.0,0.0,1.0,0.0,0.0,0.0,0.0
1441602,0.0,0.0,0.0,0.0,0.0,0.0,0.0
1441669,0.0,0.0,1.0,0.0,0.0,0.0,0.0
1441672,0.0,0.0,0.0,0.0,0.0,0.0,0.0
1441675,0.0,0.0,1.0,0.0,0.0,0.0,0.0
1441676,0.0,0.0,0.0,0.0,0.0,0.0,0.0
1441677,0.0,0.0,1.0,0.0,0.0,0.0,0.0
1441680,0.0,0.0,0.0,0.0,0.0,0.0,0.0
1441730,0.0,0.0,1.0,0.0,0.0,0.0,0.0
1441731,0.0,0.0,0.0,0.0,0.0,0.0,0.0
1441733,0.0,0.0,1.0,0.0,0.0,0.0,0.0
1441759,0.0,0.0,0.0,0.0,0.0,0.0,0.0
1441766,0.0,0.0,1.0,0.0,0.0,0.0,0.0
1441767,0.0,0.0,0.0,0.0,0.0,0.0,0.0
1441775,0.0,0.0,1.0,0.0,0.0,0.0,0.0
1441778,0.0,0.0,0.0,0.0,0.0,0.0,0.0
1441784,0.0,0.0,1.0,0.0,0.0,0.0,0.0
1441798,0.0,0.0,0.0,0.0,0.0,0.0,0.0
1441799,0.0,0.0,1.0,0.0,0.0,0.0,0.0
1441806,0.0,0.0,0.0,0.0,0.0,0.0,0.0
1441809,0.0,0.0,1.0,0.0,0.0,0.0,0.0
1441810,0.0,0.0,0.0,0.0,0.0,0.0,0.0
1441813,0.0,0.0,1.0,0.0,0.0,0.0,0.0
1441818,0.0,0.0,0.0,0.0,0.0,0.0,0.0
1441835,0.0,0.0,1.0,0.0,0.0,0.0,0.0
1441947,0.0,0.0,0.0,0.0,0.0,0.0,0.0
1441948,0.0,0.0,1.0,0.0,0.0,0.0,0.0
1441975,0.0,0.0,0.0,0.0,0.0,0.0,0.0
1441977,0.0,0.0,1.0,0.0,0.0,0.0,0.0
1442077,0.0,0.0,0.0,0.0,0.0,0.0,0.0
1442078,0.0,0.0,1.0,0.0,0.0,0.0,0.0
1442233,0.0,0.0,1.0,0.0,1.0,0.0,0.0
1442239,0.0,0.0,1.0,0.0,2.0,0.0,0.0
1442240,0.0,0.0,1.0,0.0,0.0,0.0,0.0
1443941,0.0,0.0,0.0,0.0,0.0,0.0,0.0
1443942,0.0,0.0,1.0,0.0,0.0,0.0,0.0
1443945,0.0,0.0,0.0,0.0,0.0,0.0,0.0
1443946,0.0,0.0,1.0,0.0,0.0,0.0,0.0
1443984,0.0,0.0,0.0,0.0,0.0,0.0,0.0
1443995,0.0,0.0,1.0,0.0,0.0,0.0,0.0
1444754,0.0,0.0,0.0,0.0,0.0,0.0,0.0
1444757,0.0,0.0,1.0,0.0,0.0,0.0,0.0
1444758,0.0,0.0,0.0,0.0,0.0,0.0,0.0
1445310,0.0,0.0,0.0,0.0,1.0,0.0,0.0
1445312,0.0,0.0,0.0,0.0,0.0,0.0,0.0
1446809,0.0,0.0,0.0,0.0,1.0,0.0,0.0
1446811,0.0,0.0,0.0,0.0,2.0,0.0,0.0
1446812,0.0,0.0,0.0,0.0,0.0,0.0,0.0
1447214,0.0,0.0,0.0,0.0,1.0,0.0,0.0
1447215,0.0,0.0,0.0,0.0,0.0,0.0,0.0
1447366,0.0,0.0,0.0,0.0,1.0,0.0,0.0
1447367,0.0,0.0,0.0,0.0,0.0,0.0,0.0
1447371,0.0,0.0,0.0,0.0,1.0,0.0,0.0
1447372,0.0,0.0,0.0,0.0,0.0,0.0,0.0
1447373,0.0,0.0,0.0,0.0,1.0,0.0,0.0
1447374,0.0,0.0,0.0,0.0,0.0,0.0,0.0
1447919,0.0,0.0,0.0,0.0,1.0,0.0,0.0
1447925,0.0,0.0,0.0,0.0,0.0,0.0,0.0
1448318,0.0,0.0,0.0,0.0,1.0,0.0,0.0
1448319,0.0,0.0,0.0,0.0,0.0,0.0,0.0
1449226,0.0,0.0,0.0,0.0,1.0,0.0,0.0
1449229,0.0,0.0,0.0,0.0,0.0,0.0,0.0
1449231,0.0,0.0,0.0,0.0,1.0,0.0,0.0
1449232,0.0,0.0,0.0,0.0,0.0,0.0,0.0
1449640,0.0,0.0,0.0,0.0,1.0,0.0,0.0
1449642,0.0,0.0,0.0,0.0,2.0,0.0,0.0
1449643,0.0,0.0,0.0,0.0,0.0,0.0,0.0
1450994,0.0,0.0,0.0,0.0,1.0,0.0,0.0
1450996,0.0,0.0,0.0,0.0,0.0,0.0,0.0
1457924,0.0,0.0,0.0,0.0,1.0,0.0,0.0
1457925,0.0,0.0,0.0,0.0,0.0,0.0,0.0
1457926,0.0,0.0,0.0,0.0,1.0,0.0,0.0
1457927,0.0,0.0,0.0,0.0,0.0,0.0,0.0
1457928,0.0,0.0,0.0,0.0,1.0,0.0,0.0
1457930,0.0,0.0,0.0,0.0,2.0,0.0,0.0
1457931,0.0,0.0,0.0,0.0,0.0,0.0,0.0
1458322,0.0,0.0,0.0,0.0,1.0,0.0,0.0
1458323,0.0,0.0,0.0,0.0,0.0,0.0,0.0
1458611,0.0,0.0,0.0,0.0,1.0,0.0,0.0
1458612,0.0,0.0,0.0,0.0,0.0,0.0,0.0
1461474,0.0,0.0,0.0,0.0,1.0,0.0,0.0
1461475,0.0,0.0,0.0,0.0,0.0,0.0,0.0
1462172,0.0,0.0,0.0,0.0,1.0,0.0,0.0
1462173,0.0,0.0,0.0,0.0,0.0,0.0,0.0
1462825,0.0,0.0,0.0,0.0,1.0,0.0,0.0
1462830,0.0,0.0,0.0,0.0,0.0,0.0,0.0
1462831,0.0,0.0,0.0,0.0,1.0,0.0,0.0
1462832,0.0,0.0,0.0,0.0,0.0,0.0,0.0
1462833,0.0,0.0,0.0,0.0,1.0,0.0,0.0
1462839,0.0,0.0,0.0,0.0,0.0,0.0,0.0
1463503,0.0,0.0,0.0,0.0,1.0,0.0,0.0
1463504,0.0,0.0,0.0,0.0,0.0,0.0,0.0
1464263,0.0,0.0,0.0,0.0,1.0,0.0,0.0
1464264,0.0,0.0,0.0,0.0,0.0,0.0,0.0
1464265,0.0,0.0,0.0,0.0,1.0,0.0,0.0
1464266,0.0,0.0,0.0,0.0,0.0,0.0,0.0
1465033,0.0,0.0,0.0,0.0,1.0,0.0,0.0
1465034,0.0,0.0,0.0,0.0,0.0,0.0,0.0
1465035,0.0,0.0,0.0,0.0,1.0,0.0,0.0
1465036,0.0,0.0,0.0,0.0,0.0,0.0,0.0
1465174,0.0,0.0,0.0,0.0,1.0,0.0,0.0
1465175,0.0,0.0,0.0,0.0,0.0,0.0,0.0
1466485,0.0,0.0,0.0,0.0,1.0,0.0,0.0
1466486,0.0,0.0,0.0,0.0,0.0,0.0,0.0
1466490,0.0,0.0,0.0,0.0,1.0,0.0,0.0
1466491,0.0,0.0,0.0,0.0,0.0,0.0,0.0
1467157,0.0,0.0,0.0,0.0,1.0,0.0,0.0
1467158,0.0,0.0,0.0,0.0,0.0,0.0,0.0
1467172,0.0,0.0,0.0,0.0,1.0,0.0,0.0
1467175,0.0,0.0,0.0,0.0,0.0,0.0,0.0
1467697,0.0,0.0,0.0,0.0,1.0,0.0,0.0
1467698,0.0,0.0,0.0,0.0,0.0,0.0,0.0
1467735,0.0,0.0,0.0,0.0,1.0,0.0,0.0
1467736,0.0,0.0,0.0,0.0,0.0,0.0,0.0
1467738,0.0,0.0,0.0,0.0,1.0,0.0,0.0
1467739,0.0,0.0,0.0,0.0,0.0,0.0,0.0
1467740,0.0,0.0,0.0,0.0,1.0,0.0,0.0
1467741,0.0,0.0,0.0,0.0,0.0,0.0,0.0
1468086,0.0,0.0,0.0,0.0,1.0,0.0,0.0
1468087,0.0,0.0,0.0,0.0,0.0,0.0,0.0
1468091,0.0,0.0,0.0,0.0,1.0,0.0,0.0
1468092,0.0,0.0,0.0,0.0,0.0,0.0,0.0
1468093,0.0,0.0,0.0,0.0,1.0,0.0,0.0
1468096,0.0,0.0,0.0,0.0,0.0,0.0,0.0
1468676,0.0,0.0,0.0,0.0,1.0,0.0,0.0
1468679,0.0,0.0,0.0,0.0,0.0,0.0,0.0
1469459,0.0,0.0,0.0,0.0,1.0,0.0,0.0
1469460,0.0,0.0,0.0,0.0,0.0,0.0,0.0
1472063,0.0,0.0,0.0,0.0,1.0,0.0,0.0
1472064,0.0,0.0,0.0,0.0,0.0,0.0,0.0
1472127,0.0,0.0,0.0,0.0,1.0,0.0,0.0
1472130,0.0,0.0,0.0,0.0,0.0,0.0,0.0
1473326,0.0,0.0,0.0,0.0,1.0,0.0,0.0
1473327,0.0,0.0,0.0,0.0,0.0,0.0,0.0
1473451,0.0,0.0,0.0,0.0,1.0,0.0,0.0
1473452,0.0,0.0,0.0,0.0,0.0,0.0,0.0
1473891,0.0,0.0,0.0,0.0,1.0,0.0,0.0
1473892,0.0,0.0,0.0,0.0,0.0,0.0,0.0
1473893,0.0,0.0,0.0,0.0,1.0,0.0,0.0
1473895,0.0,0.0,0.0,0.0,2.0,0.0,0.0
1473896,0.0,0.0,0.0,0.0,0.0,0.0,0.0
1476216,0.0,0.0,0.0,0.0,1.0,0.0,0.0
1476217,0.0,0.0,0.0,0.0,0.0,0.0,0.0
1476218,0.0,0.0,0.0,0.0,1.0,0.0,0.0
1476219,0.0,0.0,0.0,0.0,0.0,0.0,0.0
1476222,0.0,0.0,0.0,0.0,1.0,0.0,0.0
1476226,0.0,0.0,0.0,0.0,0.0,0.0,0.0
1476237,0.0,0.0,0.0,0.0,1.0,0.0,0.0
1476240,0.0,0.0,0.0,0.0,0.0,0.0,0.0
1476241,0.0,0.0,0.0,0.0,1.0,0.0,0.0
1476242,0.0,0.0,0.0,0.0,0.0,0.0,0.0
1476244,0.0,0.0,0.0,0.0,1.0,0.0,0.0
1476245,0.0,0.0,0.0,0.0,0.0,0.0,0.0
1476648,0.0,0.0,0.0,0.0,1.0,0.0,0.0
1476649,0.0,0.0,0.0,0.0,0.0,0.0,0.0
1477880,0.0,0.0,0.0,0.0,1.0,0.0,0.0
1477881,0.0,0.0,0.0,0.0,0.0,0.0,0.0
1477882,0.0,0.0,0.0,0.0,1.0,0.0,0.0
1477885,0.0,0.0,0.0,0.0,0.0,0.0,0.0
1477887,0.0,0.0,0.0,0.0,1.0,0.0,0.0
1477888,0.0,0.0,0.0,0.0,0.0,0.0,0.0
1479561,0.0,0.0,0.0,0.0,1.0,0.0,0.0
1479562,0.0,0.0,0.0,0.0,0.0,0.0,0.0
1480022,0.0,0.0,0.0,0.0,1.0,0.0,0.0
1480023,0.0,0.0,0.0,0.0,0.0,0.0,0.0
1480024,0.0,0.0,0.0,0.0,1.0,0.0,0.0
1480025,0.0,0.0,0.0,0.0,0.0,0.0,0.0
1480363,0.0,0.0,0.0,0.0,1.0,0.0,0.0
1480365,0.0,0.0,0.0,0.0,2.0,0.0,0.0
1480366,0.0,0.0,0.0,0.0,0.0,0.0,0.0
1482237,0.0,0.0,0.0,0.0,1.0,0.0,0.0
1482238,0.0,0.0,0.0,0.0,2.0,0.0,0.0
1482239,0.0,0.0,0.0,0.0,0.0,0.0,0.0
1484027,0.0,0.0,0.0,0.0,1.0,0.0,0.0
1484028,0.0,0.0,0.0,0.0,0.0,0.0,0.0
1484034,0.0,0.0,0.0,0.0,1.0,0.0,0.0
1484037,0.0,0.0,0.0,0.0,0.0,0.0,0.0
1484039,0.0,0.0,0.0,0.0,1.0,0.0,0.0
1484046,0.0,0.0,0.0,0.0,0.0,0.0,0.0
1485768,0.0,0.0,0.0,0.0,1.0,0.0,0.0
1485770,0.0,0.0,0.0,0.0,0.0,0.0,0.0
1486938,0.0,0.0,0.0,0.0,1.0,0.0,0.0
1486940,0.0,0.0,0.0,0.0,0.0,0.0,0.0
1488668,0.0,0.0,0.0,0.0,1.0,0.0,0.0
1488673,0.0,0.0,0.0,0.0,0.0,0.0,0.0
1490261,0.0,0.0,0.0,0.0,1.0,0.0,0.0
1490262,0.0,0.0,0.0,0.0,0.0,0.0,0.0
1490264,0.0,0.0,0.0,0.0,1.0,0.0,0.0
1490265,0.0,0.0,0.0,0.0,0.0,0.0,0.0
1490396,0.0,0.0,0.0,0.0,1.0,0.0,0.0
1490399,0.0,0.0,0.0,0.0,0.0,0.0,0.0
1491004,0.0,0.0,0.0,0.0,1.0,0.0,0.0
1491006,0.0,0.0,0.0,0.0,0.0,0.0,0.0
1491007,0.0,0.0,0.0,0.0,1.0,0.0,0.0
1491010,0.0,0.0,0.0,0.0,0.0,0.0,0.0
1491901,0.0,0.0,0.0,0.0,1.0,0.0,0.0
1491902,0.0,0.0,0.0,0.0,0.0,0.0,0.0
1491903,0.0,0.0,0.0,0.0,1.0,0.0,0.0
1491905,0.0,0.0,0.0,0.0,0.0,0.0,0.0
1491906,0.0,0.0,0.0,0.0,1.0,0.0,0.0
1491907,0.0,0.0,0.0,0.0,0.0,0.0,0.0
1491916,0.0,0.0,0.0,0.0,1.0,0.0,0.0
1491919,0.0,0.0,0.0,0.0,0.0,0.0,0.0
1491991,0.0,0.0,0.0,0.0,1.0,0.0,0.0
1491994,0.0,0.0,0.0,0.0,0.0,0.0,0.0
1491998,0.0,0.0,0.0,0.0,1.0,0.0,0.0
1492001,0.0,0.0,0.0,0.0,0.0,0.0,0.0
1492823,0.0,0.0,0.0,0.0,1.0,0.0,0.0
1492828,0.0,0.0,0.0,0.0,0.0,0.0,0.0
1493930,0.0,0.0,0.0,0.0,1.0,0.0,0.0
1493931,0.0,0.0,0.0,0.0,0.0,0.0,0.0
1494597,0.0,0.0,0.0,1.0,0.0,0.0,0.0
1494600,0.0,0.0,0.0,0.0,0.0,0.0,0.0
1494749,0.0,0.0,0.0,0.0,1.0,0.0,0.0
1494752,0.0,0.0,0.0,0.0,0.0,0.0,0.0
1494753,0.0,0.0,0.0,0.0,1.0,0.0,0.0
1494755,0.0,0.0,0.0,0.0,0.0,0.0,0.0
1495365,0.0,0.0,0.0,0.0,1.0,0.0,0.0
1495366,0.0,0.0,0.0,0.0,0.0,0.0,0.0
1495950,0.0,0.0,0.0,0.0,1.0,0.0,0.0
1495951,0.0,0.0,0.0,0.0,0.0,0.0,0.0
1498168,0.0,0.0,0.0,0.0,1.0,0.0,0.0
1498170,0.0,0.0,0.0,0.0,2.0,0.0,0.0
1498171,0.0,0.0,0.0,0.0,0.0,0.0,0.0
1499194,0.0,0.0,0.0,0.0,1.0,0.0,0.0
1499195,0.0,0.0,0.0,0.0,0.0,0.0,0.0
1499196,0.0,0.0,0.0,0.0,1.0,0.0,0.0
1499197,0.0,0.0,0.0,0.0,0.0,0.0,0.0
1499201,0.0,0.0,0.0,0.0,1.0,0.0,0.0
1499203,0.0,0.0,0.0,1.0,2.0,0.0,0.0
1499204,0.0,0.0,0.0,1.0,0.0,0.0,0.0
1499210,0.0,0.0,0.0,0.0,0.0,0.0,0.0
1499213,0.0,0.0,0.0,1.0,0.0,0.0,0.0
1499215,0.0,0.0,0.0,0.0,0.0,0.0,0.0
1499216,0.0,0.0,0.0,1.0,0.0,0.0,0.0
1499217,0.0,0.0,0.0,0.0,0.0,0.0,0.0
1499219,0.0,0.0,0.0,1.0,0.0,0.0,0.0
1499220,0.0,0.0,0.0,0.0,0.0,0.0,0.0
1499227,0.0,0.0,0.0,1.0,0.0,0.0,0.0
1499228,0.0,0.0,0.0,0.0,0.0,0.0,0.0
1499229,0.0,0.0,0.0,1.0,0.0,0.0,0.0
1499230,0.0,0.0,0.0,0.0,0.0,0.0,0.0
1499929,0.0,0.0,0.0,0.0,1.0,0.0,0.0
1499933,0.0,0.0,0.0,0.0,0.0,0.0,0.0
1501435,0.0,0.0,0.0,0.0,1.0,0.0,0.0
1501436,0.0,0.0,0.0,0.0,0.0,0.0,0.0
1501440,0.0,0.0,0.0,0.0,1.0,0.0,0.0
1501442,0.0,0.0,0.0,0.0,2.0,0.0,0.0
1501443,0.0,0.0,0.0,0.0,0.0,0.0,0.0
1503361,0.0,0.0,0.0,1.0,0.0,0.0,0.0
1503362,0.0,0.0,0.0,0.0,0.0,0.0,0.0
1503580,0.0,0.0,0.0,0.0,1.0,0.0,0.0
1503583,0.0,0.0,0.0,1.0,1.0,0.0,0.0
1503584,0.0,0.0,0.0,0.0,1.0,0.0,0.0
1503585,0.0,0.0,0.0,0.0,0.0,0.0,0.0
1504076,0.0,0.0,0.0,0.0,1.0,0.0,0.0
1504077,0.0,0.0,0.0,0.0,0.0,0.0,0.0
1504078,0.0,0.0,0.0,0.0,1.0,0.0,0.0
1504081,0.0,0.0,0.0,0.0,0.0,0.0,0.0
1504479,0.0,0.0,0.0,0.0,1.0,0.0,0.0
1504480,0.0,0.0,0.0,0.0,0.0,0.0,0.0
1504493,0.0,0.0,0.0,0.0,1.0,0.0,0.0
1504494,0.0,0.0,0.0,0.0,0.0,0.0,0.0
1504495,0.0,0.0,0.0,0.0,1.0,0.0,0.0
1504496,0.0,0.0,0.0,0.0,0.0,0.0,0.0
1504498,0.0,0.0,0.0,0.0,1.0,0.0,0.0
1504499,0.0,0.0,0.0,0.0,0.0,0.0,0.0
1504742,0.0,0.0,0.0,0.0,1.0,0.0,0.0
1504743,0.0,0.0,0.0,0.0,0.0,0.0,0.0
1504760,0.0,0.0,0.0,0.0,1.0,0.0,0.0
1504762,0.0,0.0,0.0,0.0,0.0,0.0,0.0
1505455,0.0,0.0,0.0,0.0,1.0,0.0,0.0
1505457,0.0,0.0,0.0,0.0,0.0,0.0,0.0
1505458,0.0,0.0,0.0,0.0,1.0,0.0,0.0
1505459,0.0,0.0,0.0,0.0,0.0,0.0,0.0
1506285,0.0,0.0,0.0,0.0,1.0,0.0,0.0
1506287,0.0,0.0,0.0,0.0,0.0,0.0,0.0
1506291,0.0,0.0,0.0,0.0,1.0,0.0,0.0
1506292,0.0,0.0,0.0,0.0,0.0,0.0,0.0
1509964,0.0,0.0,0.0,0.0,1.0,0.0,0.0
1509965,0.0,0.0,0.0,0.0,0.0,0.0,0.0
1511092,0.0,0.0,0.0,0.0,1.0,0.0,0.0
1511093,0.0,0.0,0.0,0.0,0.0,0.0,0.0
1511094,0.0,0.0,0.0,0.0,1.0,0.0,0.0
1511098,0.0,0.0,0.0,0.0,0.0,0.0,0.0
1512887,0.0,0.0,0.0,0.0,1.0,0.0,0.0
1512889,0.0,0.0,0.0,0.0,2.0,0.0,0.0
1512890,0.0,0.0,0.0,0.0,0.0,0.0,0.0
1513167,0.0,0.0,0.0,0.0,1.0,0.0,0.0
1513170,0.0,0.0,0.0,0.0,0.0,0.0,0.0
1513589,0.0,0.0,0.0,0.0,1.0,0.0,0.0
1513590,0.0,0.0,0.0,0.0,0.0,0.0,0.0
1517030,0.0,0.0,0.0,0.0,1.0,0.0,0.0
1517033,0.0,0.0,0.0,0.0,0.0,0.0,0.0
1517249,0.0,0.0,0.0,0.0,1.0,0.0,0.0
1517250,0.0,0.0,0.0,0.0,0.0,0.0,0.0
1519037,0.0,0.0,0.0,0.0,1.0,0.0,0.0
1519039,0.0,0.0,0.0,0.0,2.0,0.0,0.0
1519040,0.0,0.0,0.0,0.0,0.0,0.0,0.0
1524137,0.0,0.0,0.0,0.0,1.0,0.0,0.0
1524138,0.0,0.0,0.0,0.0,0.0,0.0,0.0
1526524,0.0,0.0,0.0,0.0,1.0,0.0,0.0
1526525,0.0,0.0,0.0,0.0,0.0,0.0,0.0
1529486,0.0,0.0,0.0,1.0,0.0,0.0,0.0
1529487,0.0,0.0,0.0,0.0,0.0,0.0,0.0
1529509,0.0,0.0,0.0,0.0,1.0,0.0,0.0
1529510,0.0,0.0,0.0,0.0,0.0,0.0,0.0
1529511,0.0,0.0,0.0,0.0,1.0,0.0,0.0
1529512,0.0,0.0,0.0,0.0,0.0,0.0,0.0
1532346,0.0,0.0,0.0,1.0,0.0,0.0,0.0
1532347,0.0,0.0,0.0,0.0,0.0,0.0,0.0
1532382,0.0,0.0,0.0,0.0,1.0,0.0,0.0
1532383,0.0,0.0,0.0,0.0,0.0,0.0,0.0
1532393,0.0,0.0,0.0,0.0,1.0,0.0,0.0
1532396,0.0,0.0,0.0,0.0,2.0,0.0,0.0
1532397,0.0,0.0,0.0,0.0,0.0,0.0,0.0
1539411,0.0,0.0,0.0,0.0,1.0,0.0,0.0
1539412,0.0,0.0,0.0,0.0,0.0,0.0,0.0
1539413,0.0,0.0,0.0,0.0,1.0,0.0,0.0
1539415,0.0,0.0,0.0,0.0,0.0,0.0,0.0
1540511,0.0,0.0,0.0,0.0,1.0,0.0,0.0
1540512,0.0,0.0,0.0,0.0,0.0,0.0,0.0
1540713,0.0,0.0,0.0,0.0,1.0,0.0,0.0
1540715,0.0,0.0,0.0,0.0,2.0,0.0,0.0
1540716,0.0,0.0,0.0,0.0,0.0,0.0,0.0
1543575,0.0,0.0,0.0,0.0,1.0,0.0,0.0
1543576,0.0,0.0,0.0,0.0,0.0,0.0,0.0
1543579,0.0,0.0,0.0,0.0,1.0,0.0,0.0
1543580,0.0,0.0,0.0,0.0,0.0,0.0,0.0
1547786,0.0,0.0,0.0,0.0,1.0,0.0,0.0
1547790,0.0,0.0,0.0,0.0,0.0,0.0,0.0
1548980,0.0,0.0,0.0,0.0,1.0,0.0,0.0
1548981,0.0,0.0,0.0,0.0,0.0,0.0,0.0
1548982,0.0,0.0,0.0,0.0,1.0,0.0,0.0
1548985,0.0,0.0,0.0,0.0,0.0,0.0,0.0
1551279,0.0,0.0,0.0,0.0,1.0,0.0,0.0
1551280,0.0,0.0,0.0,0.0,0.0,0.0,0.0
1552530,0.0,0.0,0.0,1.0,0.0,0.0,0.0
1552531,0.0,0.0,0.0,0.0,0.0,0.0,0.0
1554685,0.0,0.0,0.0,0.0,1.0,0.0,0.0
1554686,0.0,0.0,0.0,0.0,0.0,0.0,0.0
1554687,0.0,0.0,0.0,0.0,1.0,0.0,0.0
1554691,0.0,0.0,0.0,0.0,0.0,0.0,0.0
1554693,0.0,0.0,0.0,0.0,1.0,0.0,0.0
1554694,0.0,0.0,0.0,0.0,0.0,0.0,0.0
1556768,0.0,0.0,0.0,0.0,1.0,0.0,0.0
1556771,0.0,0.0,0.0,0.0,0.0,0.0,0.0
1556772,0.0,0.0,0.0,0.0,1.0,0.0,0.0
1556774,0.0,0.0,0.0,0.0,0.0,0.0,0.0
1558314,0.0,0.0,0.0,0.0,1.0,0.0,0.0
1558317,0.0,0.0,0.0,0.0,0.0,0.0,0.0
1559663,0.0,0.0,0.0,0.0,1.0,0.0,0.0
1559664,0.0,0.0,0.0,0.0,0.0,0.0,0.0
1561493,0.0,0.0,0.0,0.0,1.0,0.0,0.0
1561494,0.0,0.0,0.0,0.0,0.0,0.0,0.0
1563155,0.0,0.0,0.0,0.0,1.0,0.0,0.0
1563156,0.0,0.0,0.0,0.0,0.0,0.0,0.0
1566683,0.0,0.0,0.0,1.0,0.0,0.0,0.0
1566685,0.0,0.0,0.0,2.0,0.0,1.0,0.0
1566686,0.0,0.0,0.0,0.0,0.0,0.0,0.0
1567003,0.0,0.0,1.0,0.0,0.0,0.0,0.0
1567007,0.0,0.0,0.0,0.0,0.0,0.0,0.0
1567013,0.0,0.0,1.0,0.0,0.0,0.0,0.0
1567023,0.0,0.0,0.0,0.0,0.0,0.0,0.0
1567025,0.0,0.0,1.0,0.0,0.0,0.0,0.0
1567033,0.0,0.0,0.0,0.0,0.0,0.0,0.0
1567034,0.0,0.0,1.0,0.0,0.0,0.0,0.0
1567038,0.0,0.0,0.0,0.0,0.0,0.0,0.0
1567039,0.0,0.0,1.0,0.0,0.0,0.0,0.0
1567209,0.0,0.0,2.0,0.0,0.0,0.0,0.0
1567210,0.0,0.0,0.0,0.0,0.0,0.0,0.0
1567575,0.0,0.0,1.0,0.0,0.0,0.0,0.0
1567579,0.0,0.0,0.0,0.0,0.0,0.0,0.0
1567587,0.0,0.0,1.0,0.0,0.0,0.0,0.0
1567622,0.0,0.0,0.0,0.0,0.0,0.0,0.0
1567640,0.0,0.0,1.0,0.0,0.0,0.0,0.0
1567646,0.0,0.0,0.0,0.0,0.0,0.0,0.0
1567653,0.0,0.0,1.0,0.0,0.0,0.0,0.0
1567775,0.0,0.0,1.0,0.0,1.0,0.0,0.0
1567776,0.0,0.0,1.0,0.0,0.0,0.0,0.0
1567777,0.0,0.0,1.0,0.0,1.0,0.0,0.0
1567781,0.0,0.0,1.0,0.0,0.0,0.0,0.0
1568046,0.0,0.0,0.0,0.0,0.0,0.0,0.0
1568048,0.0,0.0,1.0,0.0,0.0,0.0,0.0
1568302,0.0,0.0,0.0,0.0,0.0,0.0,0.0
1568313,0.0,0.0,1.0,0.0,0.0,0.0,0.0
1568955,0.0,0.0,0.0,0.0,0.0,0.0,0.0
1568992,0.0,0.0,1.0,0.0,0.0,0.0,0.0
1568993,0.0,0.0,0.0,0.0,0.0,0.0,0.0
1569067,0.0,0.0,1.0,0.0,0.0,0.0,0.0
1569071,0.0,0.0,1.0,0.0,1.0,0.0,0.0
1569072,0.0,0.0,1.0,0.0,0.0,0.0,0.0
1569129,0.0,0.0,0.0,0.0,0.0,0.0,0.0
1569130,0.0,0.0,1.0,0.0,0.0,0.0,0.0
1569133,0.0,0.0,0.0,0.0,0.0,0.0,0.0
1571641,0.0,0.0,0.0,0.0,1.0,0.0,0.0
1571642,0.0,0.0,0.0,0.0,0.0,0.0,0.0
1571643,0.0,0.0,0.0,0.0,1.0,0.0,0.0
1571646,0.0,0.0,0.0,0.0,0.0,0.0,0.0
1578758,0.0,0.0,0.0,0.0,1.0,0.0,0.0
1578760,0.0,0.0,0.0,0.0,0.0,0.0,0.0
1578763,0.0,0.0,0.0,0.0,1.0,0.0,0.0
1578764,0.0,0.0,0.0,0.0,2.0,0.0,0.0
1578765,0.0,0.0,0.0,0.0,0.0,0.0,0.0
1579038,0.0,0.0,0.0,0.0,1.0,0.0,0.0
1579040,0.0,0.0,0.0,0.0,0.0,0.0,0.0
1579048,0.0,0.0,0.0,0.0,1.0,0.0,0.0
1579049,0.0,0.0,0.0,0.0,0.0,0.0,0.0
1579055,0.0,0.0,0.0,0.0,1.0,0.0,0.0
1579059,0.0,0.0,0.0,0.0,0.0,0.0,0.0
1579068,0.0,0.0,0.0,0.0,1.0,0.0,0.0
1579069,0.0,0.0,0.0,0.0,0.0,0.0,0.0
1579071,0.0,0.0,0.0,0.0,1.0,0.0,0.0
1579072,0.0,0.0,0.0,0.0,0.0,0.0,0.0
1581424,0.0,0.0,0.0,0.0,1.0,0.0,0.0
1581425,0.0,0.0,0.0,0.0,0.0,0.0,0.0
1581426,0.0,0.0,0.0,0.0,1.0,0.0,0.0
1581427,0.0,0.0,0.0,0.0,0.0,0.0,0.0
1582219,0.0,0.0,0.0,0.0,1.0,0.0,0.0
1582220,0.0,0.0,0.0,0.0,0.0,0.0,0.0
1582585,0.0,0.0,0.0,0.0,1.0,0.0,0.0
1582587,0.0,0.0,0.0,0.0,2.0,0.0,0.0
1582588,0.0,0.0,0.0,0.0,0.0,0.0,0.0
1585310,0.0,0.0,0.0,0.0,1.0,0.0,0.0
1585311,0.0,0.0,0.0,0.0,0.0,0.0,0.0
1585315,0.0,0.0,0.0,0.0,1.0,0.0,0.0
1585316,0.0,0.0,0.0,0.0,0.0,0.0,0.0
1585318,0.0,0.0,0.0,0.0,1.0,0.0,0.0
1585321,0.0,0.0,0.0,0.0,0.0,0.0,0.0
1585382,0.0,0.0,0.0,0.0,1.0,0.0,0.0
1585384,0.0,0.0,0.0,0.0,0.0,0.0,0.0
1585390,0.0,0.0,0.0,0.0,1.0,0.0,0.0
1585391,0.0,0.0,0.0,0.0,2.0,0.0,0.0
1585392,0.0,0.0,0.0,0.0,0.0,0.0,0.0
1585720,0.0,0.0,0.0,1.0,0.0,0.0,0.0
1585721,0.0,0.0,0.0,0.0,0.0,0.0,0.0
1588425,0.0,0.0,0.0,0.0,1.0,0.0,0.0
1588428,0.0,0.0,0.0,0.0,0.0,0.0,0.0
1591960,0.0,0.0,0.0,0.0,1.0,0.0,0.0
1591961,0.0,0.0,0.0,0.0,0.0,0.0,0.0
1595329,0.0,0.0,0.0,0.0,1.0,0.0,0.0
1595330,0.0,0.0,0.0,0.0,0.0,0.0,0.0
1595331,0.0,0.0,0.0,0.0,1.0,0.0,0.0
1595334,0.0,0.0,0.0,0.0,0.0,0.0,0.0
1595336,0.0,0.0,0.0,0.0,1.0,0.0,0.0
1595337,0.0,0.0,0.0,0.0,0.0,0.0,0.0
1597076,0.0,0.0,0.0,0.0,1.0,0.0,0.0
1597077,0.0,0.0,0.0,0.0,0.0,0.0,0.0
1597313,0.0,0.0,0.0,0.0,1.0,0.0,0.0
1597314,0.0,0.0,0.0,0.0,0.0,0.0,0.0
1597315,0.0,0.0,0.0,0.0,1.0,0.0,0.0
1597317,0.0,0.0,0.0,0.0,0.0,0.0,0.0
1599481,0.0,0.0,0.0,0.0,1.0,0.0,0.0
1599482,0.0,0.0,0.0,0.0,0.0,0.0,0.0
1600000,0.0,0.0,0.0,0.0,0.0,0.0,1.0
1600001,0.0,0.0,0.0,0.0,0.0,0.0,0.0
1600275,0.0,2.0,0.0,0.0,0.0,1.0,0.0
1600276,0.0,0.0,0.0,0.0,0.0,0.0,0.0
1600375,0.0,0.0,1.0,0.0,0.0,0.0,0.0
1600376,0.0,0.0,0.0,0.0,0.0,0.0,0.0
1600377,0.0,0.0,1.0,0.0,0.0,0.0,0.0
1600386,0.0,0.0,0.0,0.0,0.0,0.0,0.0
1600388,0.0,0.0,1.0,0.0,0.0,0.0,0.0
1600390,0.0,0.0,0.0,0.0,0.0,0.0,0.0
1600394,0.0,0.0,1.0,0.0,0.0,0.0,0.0
1600403,0.0,0.0,0.0,0.0,0.0,0.0,0.0
1600673,0.0,0.0,0.0,0.0,1.0,0.0,0.0
1600677,0.0,0.0,0.0,0.0,0.0,0.0,0.0
1600701,0.0,0.0,1.0,0.0,1.0,0.0,0.0
1600702,0.0,0.0,1.0,0.0,0.0,0.0,0.0
1600703,0.0,0.0,0.0,0.0,0.0,0.0,0.0
1600709,0.0,0.0,1.0,0.0,0.0,0.0,0.0
1600711,0.0,0.0,0.0,0.0,0.0,0.0,0.0
1600714,0.0,0.0,1.0,0.0,0.0,0.0,0.0
1600715,0.0,0.0,0.0,0.0,0.0,0.0,0.0
1600720,0.0,0.0,1.0,0.0,0.0,0.0,0.0
1600722,0.0,0.0,0.0,0.0,0.0,0.0,0.0
1600725,0.0,0.0,1.0,0.0,0.0,0.0,0.0
1600734,0.0,0.0,0.0,0.0,0.0,0.0,0.0
1600735,0.0,0.0,1.0,0.0,0.0,0.0,0.0
1600738,0.0,0.0,0.0,0.0,0.0,0.0,0.0
1600878,0.0,0.0,1.0,0.0,0.0,0.0,0.0
1600880,0.0,0.0,0.0,0.0,0.0,0.0,0.0
1600886,0.0,0.0,1.0,0.0,0.0,0.0,0.0
1600887,0.0,0.0,0.0,0.0,0.0,0.0,0.0
1600890,0.0,0.0,1.0,0.0,0.0,0.0,0.0
1600915,0.0,0.0,0.0,0.0,0.0,0.0,0.0
1601000,0.0,0.0,1.0,0.0,0.0,0.0,0.0
1601001,0.0,0.0,0.0,0.0,0.0,0.0,0.0
1601003,0.0,0.0,1.0,0.0,0.0,0.0,0.0
1601008,0.0,0.0,1.0,0.0,1.0,0.0,0.0
1601009,0.0,0.0,1.0,0.0,0.0,0.0,0.0
1601011,0.0,0.0,1.0,0.0,1.0,0.0,0.0
1601012,0.0,0.0,1.0,0.0,0.0,0.0,0.0
1601013,0.0,0.0,1.0,0.0,1.0,0.0,0.0
1601014,0.0,0.0,1.0,0.0,0.0,0.0,0.0
1601052,0.0,0.0,0.0,0.0,0.0,0.0,0.0
1601281,0.0,0.0,0.0,0.0,1.0,0.0,0.0
1601282,0.0,0.0,0.0,0.0,0.0,0.0,0.0
1601291,0.0,0.0,0.0,0.0,1.0,0.0,0.0
1601292,0.0,0.0,0.0,0.0,0.0,0.0,0.0
1601293,0.0,0.0,0.0,0.0,1.0,0.0,0.0
1601294,0.0,0.0,0.0,0.0,0.0,0.0,0.0
1601715,0.0,0.0,0.0,0.0,1.0,0.0,0.0
1601717,0.0,0.0,0.0,0.0,2.0,0.0,0.0
1601718,0.0,0.0,0.0,0.0,0.0,0.0,0.0
1602160,0.0,0.0,0.0,0.0,1.0,0.0,0.0
1602161,0.0,0.0,0.0,0.0,0.0,0.0,0.0
1602162,0.0,0.0,0.0,0.0,1.0,0.0,0.0
1602163,0.0,0.0,0.0,0.0,2.0,0.0,0.0
1602164,0.0,0.0,0.0,0.0,0.0,0.0,0.0
1604062,0.0,0.0,0.0,0.0,1.0,0.0,0.0
1604065,0.0,0.0,0.0,0.0,0.0,0.0,0.0
1604300,0.0,0.0,0.0,0.0,1.0,0.0,0.0
1604301,0.0,0.0,0.0,0.0,0.0,0.0,0.0
1604328,0.0,0.0,0.0,0.0,1.0,0.0,0.0
1604329,0.0,0.0,0.0,0.0,0.0,0.0,0.0
1604367,0.0,0.0,0.0,0.0,1.0,0.0,0.0
1604369,0.0,0.0,0.0,0.0,2.0,0.0,0.0
1604370,0.0,0.0,0.0,0.0,0.0,0.0,0.0
1604719,0.0,0.0,0.0,1.0,0.0,0.0,0.0
1604721,0.0,0.0,0.0,0.0,0.0,0.0,0.0
1604726,0.0,0.0,0.0,1.0,0.0,0.0,0.0
1604727,0.0,0.0,0.0,0.0,0.0,0.0,0.0
1604728,0.0,0.0,0.0,1.0,0.0,0.0,0.0
1604729,0.0,0.0,0.0,1.0,1.0,0.0,0.0
1604730,0.0,0.0,0.0,1.0,0.0,0.0,0.0
1604733,0.0,0.0,0.0,2.0,1.0,1.0,0.0
1604734,0.0,0.0,0.0,0.0,0.0,0.0,0.0
1604798,0.0,0.0,1.0,0.0,0.0,0.0,0.0
1604800,0.0,0.0,0.0,0.0,0.0,0.0,0.0
1604801,0.0,0.0,1.0,0.0,0.0,0.0,0.0
1604869,0.0,0.0,0.0,0.0,0.0,0.0,0.0
1604870,0.0,0.0,1.0,0.0,0.0,0.0,0.0
1604872,0.0,0.0,0.0,0.0,0.0,0.0,0.0
1604874,0.0,0.0,1.0,0.0,0.0,0.0,0.0
1604875,0.0,0.0,0.0,0.0,0.0,0.0,0.0
1605584,0.0,0.0,0.0,0.0,1.0,0.0,0.0
1605587,0.0,0.0,0.0,0.0,0.0,0.0,0.0
1605931,0.0,0.0,0.0,0.0,1.0,0.0,0.0
1605932,0.0,0.0,0.0,0.0,0.0,0.0,0.0
1605933,0.0,0.0,0.0,0.0,1.0,0.0,0.0
1605936,0.0,0.0,0.0,0.0,0.0,0.0,0.0
1605937,0.0,0.0,0.0,0.0,1.0,0.0,0.0
1605938,0.0,0.0,0.0,0.0,0.0,0.0,0.0
1605950,0.0,0.0,0.0,0.0,1.0,0.0,0.0
1605951,0.0,0.0,0.0,0.0,0.0,0.0,0.0
1606131,0.0,0.0,0.0,0.0,1.0,0.0,0.0
1606132,0.0,0.0,0.0,0.0,0.0,0.0,0.0
1607032,0.0,0.0,0.0,0.0,1.0,0.0,0.0
1607033,0.0,0.0,0.0,0.0,0.0,0.0,0.0
1607037,0.0,0.0,0.0,0.0,1.0,0.0,0.0
1607038,0.0,0.0,0.0,0.0,0.0,0.0,0.0
1607904,0.0,0.0,0.0,0.0,1.0,0.0,0.0
1607905,0.0,0.0,0.0,0.0,0.0,0.0,0.0
1608169,0.0,0.0,0.0,1.0,0.0,0.0,0.0
1608170,0.0,0.0,0.0,0.0,0.0,0.0,0.0
1608331,0.0,0.0,0.0,0.0,1.0,0.0,0.0
1608332,0.0,0.0,0.0,0.0,0.0,0.0,0.0
1608334,0.0,0.0,0.0,0.0,1.0,0.0,0.0
1608335,0.0,0.0,0.0,0.0,0.0,0.0,0.0
1609305,0.0,0.0,0.0,0.0,1.0,0.0,0.0
1609306,0.0,0.0,0.0,0.0,0.0,0.0,0.0
1610045,0.0,0.0,0.0,0.0,1.0,0.0,0.0
1610046,0.0,0.0,0.0,0.0,0.0,0.0,0.0
1610050,0.0,0.0,0.0,0.0,1.0,0.0,0.0
1610051,0.0,0.0,0.0,0.0,0.0,0.0,0.0
1610052,0.0,0.0,0.0,0.0,1.0,0.0,0.0
1610053,0.0,0.0,0.0,0.0,0.0,0.0,0.0
1610069,0.0,0.0,0.0,0.0,1.0,0.0,0.0
1610070,0.0,0.0,0.0,0.0,0.0,0.0,0.0
1610257,0.0,0.0,0.0,0.0,1.0,0.0,0.0
1610258,0.0,0.0,0.0,0.0,0.0,0.0,0.0
1611251,0.0,0.0,0.0,0.0,1.0,0.0,0.0
1611252,0.0,0.0,0.0,0.0,0.0,0.0,0.0
1614611,0.0,0.0,0.0,0.0,1.0,0.0,0.0
1614617,0.0,0.0,0.0,0.0,0.0,0.0,0.0
1616382,0.0,0.0,0.0,0.0,1.0,0.0,0.0
1616385,0.0,0.0,0.0,0.0,0.0,0.0,0.0
1616387,0.0,0.0,0.0,0.0,1.0,0.0,0.0
1616388,0.0,0.0,0.0,0.0,0.0,0.0,0.0
1617889,0.0,0.0,0.0,0.0,1.0,0.0,0.0
1617891,0.0,0.0,0.0,0.0,2.0,0.0,0.0
1617892,0.0,0.0,0.0,0.0,0.0,0.0,0.0
1620042,0.0,0.0,0.0,0.0,1.0,0.0,0.0
1620043,0.0,0.0,0.0,0.0,0.0,0.0,0.0
1620448,0.0,0.0,0.0,0.0,1.0,0.0,0.0
1620451,0.0,0.0,0.0,0.0,0.0,0.0,0.0
1620465,0.0,0.0,0.0,0.0,1.0,0.0,0.0
1620469,0.0,0.0,0.0,0.0,0.0,0.0,0.0
1620508,0.0,0.0,0.0,0.0,1.0,0.0,0.0
1620509,0.0,0.0,0.0,0.0,0.0,0.0,0.0
1621086,0.0,0.0,0.0,0.0,1.0,0.0,0.0
1621087,0.0,0.0,0.0,0.0,0.0,0.0,0.0
1621089,0.0,0.0,0.0,0.0,1.0,0.0,0.0
1621091,0.0,0.0,0.0,0.0,2.0,0.0,0.0
1621092,0.0,0.0,0.0,0.0,0.0,0.0,0.0
1621762,0.0,0.0,0.0,0.0,1.0,0.0,0.0
1621765,0.0,0.0,0.0,0.0,0.0,0.0,0.0
1622188,0.0,0.0,0.0,0.0,1.0,0.0,0.0
1622189,0.0,0.0,0.0,0.0,0.0,0.0,0.0
1625047,0.0,0.0,0.0,0.0,1.0,0.0,0.0
1625051,0.0,0.0,0.0,0.0,2.0,0.0,0.0
1625052,0.0,0.0,0.0,0.0,0.0,0.0,0.0
1625231,0.0,0.0,0.0,0.0,1.0,0.0,0.0
1625232,0.0,0.0,0.0,0.0,0.0,0.0,0.0
1626241,0.0,0.0,0.0,0.0,1.0,0.0,0.0
1626242,0.0,0.0,0.0,0.0,0.0,0.0,0.0
1629158,0.0,0.0,0.0,0.0,1.0,0.0,0.0
1629159,0.0,0.0,0.0,0.0,0.0,0.0,0.0
1629160,0.0,0.0,0.0,0.0,1.0,0.0,0.0
1629161,0.0,0.0,0.0,0.0,0.0,0.0,0.0
1629164,0.0,0.0,0.0,0.0,1.0,0.0,0.0
1629165,0.0,0.0,0.0,0.0,0.0,0.0,0.0
1630825,0.0,0.0,0.0,0.0,1.0,0.0,0.0
1630826,0.0,0.0,0.0,0.0,0.0,0.0,0.0
1630827,0.0,0.0,0.0,0.0,1.0,0.0,0.0
1630828,0.0,0.0,0.0,0.0,0.0,0.0,0.0
1630831,0.0,0.0,0.0,0.0,1.0,0.0,0.0
1630832,0.0,0.0,0.0,0.0,0.0,0.0,0.0
1631370,0.0,0.0,0.0,0.0,1.0,0.0,0.0
1631371,0.0,0.0,0.0,0.0,0.0,0.0,0.0
1631374,0.0,0.0,0.0,0.0,1.0,0.0,0.0
1631377,0.0,0.0,0.0,0.0,0.0,0.0,0.0
1631378,0.0,0.0,0.0,0.0,1.0,0.0,0.0
1631382,0.0,0.0,0.0,0.0,0.0,0.0,0.0
1632245,0.0,0.0,0.0,0.0,1.0,0.0,0.0
1632246,0.0,0.0,0.0,0.0,0.0,0.0,0.0
1632329,0.0,0.0,0.0,0.0,1.0,0.0,0.0
1632330,0.0,0.0,0.0,0.0,0.0,0.0,0.0
1633651,0.0,0.0,0.0,1.0,0.0,0.0,0.0
1633652,0.0,0.0,0.0,2.0,0.0,1.0,0.0
1633653,0.0,0.0,0.0,0.0,0.0,0.0,0.0
1634176,0.0,0.0,1.0,0.0,0.0,0.0,0.0
1634178,0.0,0.0,0.0,0.0,0.0,0.0,0.0
1634179,0.0,0.0,1.0,0.0,0.0,0.0,0.0
1634181,0.0,0.0,0.0,0.0,0.0,0.0,0.0
1634184,0.0,0.0,1.0,0.0,0.0,0.0,0.0
1634185,0.0,0.0,0.0,0.0,0.0,0.0,0.0
1634186,0.0,0.0,1.0,0.0,0.0,0.0,0.0
1634273,0.0,0.0,0.0,0.0,0.0,0.0,0.0
1634274,0.0,0.0,1.0,0.0,0.0,0.0,0.0
1634276,0.0,0.0,0.0,0.0,0.0,0.0,0.0
1634279,0.0,0.0,1.0,0.0,0.0,0.0,0.0
1634280,0.0,0.0,0.0,0.0,0.0,0.0,0.0
1634283,0.0,0.0,1.0,0.0,0.0,0.0,0.0
1634284,0.0,0.0,0.0,0.0,0.0,0.0,0.0
1634286,0.0,0.0,1.0,0.0,0.0,0.0,0.0
1634414,0.0,0.0,0.0,0.0,0.0,0.0,0.0
1634420,0.0,0.0,1.0,0.0,0.0,0.0,0.0
1634425,0.0,0.0,0.0,0.0,0.0,0.0,0.0
1634426,0.0,0.0,1.0,0.0,0.0,0.0,0.0
1634432,0.0,0.0,0.0,0.0,0.0,0.0,0.0
1634435,0.0,0.0,1.0,0.0,0.0,0.0,0.0
1634436,0.0,0.0,0.0,0.0,0.0,0.0,0.0
1634437,0.0,0.0,1.0,0.0,0.0,0.0,0.0
1634461,0.0,0.0,0.0,0.0,0.0,0.0,0.0
1634943,0.0,0.0,0.0,0.0,1.0,0.0,0.0
1634944,0.0,0.0,0.0,0.0,0.0,0.0,0.0
1634945,0.0,0.0,0.0,0.0,1.0,0.0,0.0
1634946,0.0,0.0,0.0,0.0,0.0,0.0,0.0
1635225,0.0,0.0,0.0,1.0,1.0,0.0,0.0
1635226,0.0,0.0,0.0,0.0,0.0,0.0,0.0
1635833,0.0,0.0,0.0,0.0,1.0,0.0,0.0
1635834,0.0,0.0,0.0,0.0,0.0,0.0,0.0
1636184,0.0,0.0,0.0,0.0,1.0,0.0,0.0
1636185,0.0,0.0,0.0,0.0,0.0,0.0,0.0
1637341,0.0,0.0,0.0,1.0,0.0,0.0,0.0
1637342,0.0,0.0,0.0,0.0,0.0,0.0,0.0
1639227,0.0,0.0,0.0,0.0,1.0,0.0,0.0
1639228,0.0,0.0,0.0,0.0,0.0,0.0,0.0
1641419,0.0,0.0,0.0,0.0,1.0,0.0,0.0
1641422,0.0,0.0,0.0,0.0,0.0,0.0,0.0
1642265,0.0,0.0,0.0,0.0,1.0,0.0,0.0
1642266,0.0,0.0,0.0,0.0,0.0,0.0,0.0
1642267,0.0,0.0,0.0,0.0,1.0,0.0,0.0
1642268,0.0,0.0,0.0,0.0,0.0,0.0,0.0
1643129,0.0,0.0,0.0,0.0,1.0,0.0,0.0
1643132,0.0,0.0,0.0,0.0,0.0,0.0,0.0
1643133,0.0,0.0,0.0,0.0,1.0,0.0,0.0
1643134,0.0,0.0,0.0,0.0,2.0,0.0,0.0
1643135,0.0,0.0,0.0,0.0,0.0,0.0,0.0
1643659,0.0,0.0,0.0,0.0,1.0,0.0,0.0
1643660,0.0,0.0,0.0,0.0,0.0,0.0,0.0
1644353,0.0,0.0,0.0,1.0,0.0,0.0,0.0
1644354,0.0,0.0,0.0,0.0,0.0,0.0,0.0
1644356,0.0,0.0,0.0,1.0,0.0,0.0,0.0
1644362,0.0,0.0,0.0,0.0,0.0,0.0,0.0
1644363,0.0,0.0,0.0,1.0,0.0,0.0,0.0
1644374,0.0,0.0,0.0,0.0,0.0,0.0,0.0
1644375,0.0,0.0,0.0,1.0,0.0,0.0,0.0
1644377,0.0,0.0,0.0,0.0,0.0,0.0,0.0
1645679,0.0,0.0,0.0,0.0,1.0,0.0,0.0
1645680,0.0,0.0,0.0,0.0,0.0,0.0,0.0
1645682,0.0,0.0,0.0,0.0,1.0,0.0,0.0
1645683,0.0,0.0,0.0,0.0,0.0,0.0,0.0
1646809,0.0,0.0,0.0,0.0,1.0,0.0,0.0
1646810,0.0,0.0,0.0,0.0,0.0,0.0,0.0
1646814,0.0,0.0,0.0,0.0,1.0,0.0,0.0
1646815,0.0,0.0,0.0,0.0,0.0,0.0,0.0
1646816,0.0,0.0,0.0,0.0,1.0,0.0,0.0
1646817,0.0,0.0,0.0,0.0,0.0,0.0,0.0
1649264,0.0,0.0,0.0,0.0,1.0,0.0,0.0
1649266,0.0,0.0,0.0,0.0,2.0,0.0,0.0
1649267,0.0,0.0,0.0,0.0,0.0,0.0,0.0
1649459,0.0,0.0,0.0,0.0,1.0,0.0,0.0
1649460,0.0,0.0,0.0,0.0,0.0,0.0,0.0
1650562,0.0,0.0,0.0,0.0,1.0,0.0,0.0
1650565,0.0,0.0,0.0,0.0,0.0,0.0,0.0
1650566,0.0,0.0,0.0,0.0,1.0,0.0,0.0
1650567,0.0,0.0,0.0,0.0,0.0,0.0,0.0
1650568,0.0,0.0,0.0,0.0,1.0,0.0,0.0
1650569,0.0,0.0,0.0,0.0,0.0,0.0,0.0
1650571,0.0,0.0,0.0,0.0,1.0,0.0,0.0
1650572,0.0,0.0,0.0,0.0,0.0,0.0,0.0
1650749,0.0,0.0,0.0,0.0,1.0,0.0,0.0
1650750,0.0,0.0,0.0,0.0,0.0,0.0,0.0
1651032,0.0,0.0,0.0,0.0,1.0,0.0,0.0
1651033,0.0,0.0,0.0,0.0,0.0,0.0,0.0
1651596,0.0,0.0,0.0,0.0,1.0,0.0,0.0
1651598,0.0,0.0,0.0,0.0,2.0,0.0,0.0
1651599,0.0,0.0,0.0,0.0,0.0,0.0,0.0
1653428,0.0,0.0,0.0,0.0,1.0,0.0,0.0
1653429,0.0,0.0,0.0,0.0,0.0,0.0,0.0
1653515,0.0,0.0,1.0,0.0,0.0,0.0,0.0
1653519,0.0,0.0,0.0,0.0,0.0,0.0,0.0
1653522,0.0,0.0,1.0,0.0,0.0,0.0,0.0
1653535,0.0,0.0,0.0,0.0,0.0,0.0,0.0
1653536,0.0,0.0,1.0,0.0,0.0,0.0,0.0
1653539,0.0,0.0,0.0,0.0,0.0,0.0,0.0
1653549,0.0,0.0,1.0,0.0,0.0,0.0,0.0
1653551,0.0,0.0,0.0,0.0,0.0,0.0,0.0
1653552,0.0,0.0,1.0,0.0,0.0,0.0,0.0
1653554,0.0,2.0,1.0,0.0,0.0,0.0,0.0
1653555,0.0,0.0,1.0,0.0,0.0,0.0,0.0
1653682,0.0,0.0,0.0,0.0,0.0,0.0,0.0
1653697,0.0,0.0,1.0,0.0,0.0,0.0,0.0
1653698,0.0,0.0,0.0,0.0,0.0,0.0,0.0
1653770,0.0,0.0,1.0,0.0,0.0,0.0,0.0
1653773,0.0,0.0,0.0,0.0,0.0,0.0,0.0
1653775,0.0,0.0,1.0,0.0,0.0,0.0,0.0
1653789,0.0,0.0,0.0,0.0,0.0,0.0,0.0
1653790,0.0,0.0,1.0,0.0,0.0,0.0,0.0
1653804,0.0,0.0,0.0,0.0,0.0,0.0,0.0
1653908,0.0,0.0,1.0,0.0,0.0,0.0,0.0
1653919,0.0,0.0,0.0,0.0,0.0,0.0,0.0
1653924,0.0,0.0,1.0,0.0,0.0,0.0,0.0
1653927,0.0,0.0,0.0,0.0,0.0,0.0,0.0
1653928,0.0,0.0,1.0,0.0,0.0,0.0,0.0
1653931,0.0,0.0,0.0,0.0,0.0,0.0,0.0
1653950,0.0,0.0,1.0,0.0,0.0,0.0,0.0
1653959,0.0,0.0,0.0,0.0,0.0,0.0,0.0
1653960,0.0,0.0,1.0,0.0,0.0,0.0,0.0
1653983,0.0,0.0,0.0,0.0,0.0,0.0,0.0
1654160,0.0,0.0,0.0,0.0,1.0,0.0,0.0
1654161,0.0,0.0,0.0,0.0,0.0,0.0,0.0
1654804,0.0,0.0,0.0,0.0,1.0,0.0,0.0
1654809,0.0,0.0,0.0,0.0,0.0,0.0,0.0
1655282,0.0,0.0,0.0,0.0,1.0,0.0,0.0
1655283,0.0,0.0,0.0,0.0,0.0,0.0,0.0
1655617,0.0,0.0,0.0,0.0,1.0,0.0,0.0
1655618,0.0,0.0,0.0,0.0,0.0,0.0,0.0
1655789,0.0,0.0,0.0,0.0,1.0,0.0,0.0
1655791,0.0,0.0,0.0,0.0,0.0,0.0,0.0
1655792,0.0,0.0,0.0,0.0,1.0,0.0,0.0
1655793,0.0,0.0,0.0,0.0,0.0,0.0,0.0
1656316,0.0,0.0,0.0,0.0,1.0,0.0,0.0
1656317,0.0,0.0,0.0,0.0,0.0,0.0,0.0
1656534,0.0,0.0,1.0,0.0,0.0,0.0,0.0
1656535,0.0,0.0,0.0,0.0,0.0,0.0,0.0
1656538,0.0,0.0,1.0,0.0,0.0,0.0,0.0
1656539,0.0,0.0,0.0,0.0,0.0,0.0,0.0
1656556,0.0,0.0,1.0,0.0,0.0,0.0,0.0
1656563,0.0,0.0,0.0,0.0,0.0,0.0,0.0
1656565,0.0,0.0,1.0,0.0,0.0,0.0,0.0
1656566,0.0,0.0,0.0,0.0,0.0,0.0,0.0
1656568,0.0,0.0,1.0,0.0,0.0,0.0,0.0
1656646,0.0,0.0,1.0,0.0,1.0,0.0,0.0
1656647,0.0,0.0,1.0,0.0,0.0,0.0,0.0
1656681,0.0,0.0,0.0,0.0,0.0,0.0,0.0
1656688,0.0,0.0,1.0,0.0,0.0,0.0,0.0
1656689,0.0,0.0,0.0,0.0,0.0,0.0,0.0
1657546,0.0,0.0,0.0,0.0,1.0,0.0,0.0
1657551,0.0,0.0,0.0,0.0,0.0,0.0,0.0
1657884,0.0,0.0,0.0,0.0,1.0,0.0,0.0
1657887,0.0,0.0,0.0,0.0,0.0,0.0,0.0
1658747,0.0,0.0,0.0,0.0,1.0,0.0,0.0
1658753,0.0,0.0,0.0,0.0,0.0,0.0,0.0
1658757,0.0,0.0,0.0,0.0,1.0,0.0,0.0
1658762,0.0,0.0,0.0,0.0,0.0,0.0,0.0
1658867,0.0,0.0,0.0,0.0,1.0,0.0,0.0
1658868,0.0,0.0,0.0,0.0,0.0,0.0,0.0
1658871,0.0,0.0,0.0,0.0,1.0,0.0,0.0
1658874,0.0,0.0,0.0,0.0,0.0,0.0,0.0
1658875,0.0,0.0,0.0,0.0,1.0,0.0,0.0
1658877,0.0,0.0,0.0,0.0,0.0,0.0,0.0
1658899,0.0,0.0,1.0,0.0,0.0,0.0,0.0
1658900,0.0,0.0,0.0,0.0,0.0,0.0,0.0
1659021,0.0,0.0,1.0,0.0,0.0,0.0,0.0
1659027,0.0,0.0,0.0,0.0,0.0,0.0,0.0
1659029,0.0,0.0,1.0,0.0,0.0,0.0,0.0
1659031,0.0,0.0,0.0,0.0,0.0,0.0,0.0
1659037,0.0,0.0,1.0,0.0,0.0,0.0,0.0
1659047,0.0,0.0,0.0,0.0,0.0,0.0,0.0
1659092,0.0,0.0,1.0,0.0,0.0,0.0,0.0
1659094,0.0,0.0,0.0,0.0,0.0,0.0,0.0
1659095,0.0,0.0,1.0,0.0,0.0,0.0,0.0
1659142,0.0,0.0,0.0,0.0,0.0,0.0,0.0
1659144,0.0,0.0,1.0,0.0,0.0,0.0,0.0
1659146,0.0,0.0,0.0,0.0,0.0,0.0,0.0
1659194,0.0,0.0,1.0,0.0,0.0,0.0,0.0
1659197,0.0,0.0,0.0,0.0,0.0,0.0,0.0
1659200,0.0,0.0,1.0,0.0,0.0,0.0,0.0
1659201,0.0,0.0,0.0,0.0,0.0,0.0,0.0
1659211,0.0,0.0,1.0,0.0,0.0,0.0,0.0
1659213,0.0,0.0,0.0,0.0,0.0,0.0,0.0
1659215,0.0,0.0,1.0,0.0,0.0,0.0,0.0
1659217,0.0,0.0,0.0,0.0,0.0,0.0,0.0
1659223,0.0,0.0,1.0,0.0,0.0,0.0,0.0
1659225,0.0,0.0,0.0,0.0,0.0,0.0,0.0
1659393,0.0,0.0,1.0,0.0,0.0,0.0,0.0
1659395,0.0,0.0,0.0,0.0,0.0,0.0,0.0
1659464,0.0,0.0,1.0,0.0,0.0,0.0,0.0
1659466,0.0,0.0,0.0,0.0,0.0,0.0,0.0
1659472,0.0,0.0,1.0,0.0,0.0,0.0,0.0
1659474,0.0,0.0,0.0,0.0,0.0,0.0,0.0
1660836,0.0,0.0,0.0,0.0,1.0,0.0,0.0
1660837,0.0,0.0,0.0,0.0,2.0,0.0,0.0
1660838,0.0,0.0,0.0,0.0,0.0,0.0,0.0
1661438,0.0,0.0,0.0,0.0,1.0,0.0,0.0
1661439,0.0,0.0,0.0,0.0,0.0,0.0,0.0
1661440,0.0,0.0,0.0,0.0,1.0,0.0,0.0
1661441,0.0,0.0,0.0,0.0,0.0,0.0,0.0
1661444,0.0,0.0,0.0,0.0,1.0,0.0,0.0
1661445,0.0,0.0,0.0,0.0,0.0,0.0,0.0
1661446,0.0,0.0,0.0,0.0,1.0,0.0,0.0
1661449,0.0,0.0,0.0,0.0,2.0,0.0,0.0
1661450,0.0,0.0,0.0,0.0,0.0,0.0,0.0
1663610,0.0,0.0,0.0,0.0,1.0,0.0,0.0
1663613,0.0,0.0,0.0,0.0,0.0,0.0,0.0
1663767,0.0,0.0,0.0,0.0,1.0,0.0,0.0
1663769,0.0,0.0,0.0,0.0,0.0,0.0,0.0
1664655,0.0,0.0,0.0,0.0,1.0,0.0,0.0
1664656,0.0,0.0,0.0,0.0,0.0,0.0,0.0
1665452,0.0,0.0,0.0,0.0,1.0,0.0,0.0
1665453,0.0,0.0,0.0,0.0,0.0,0.0,0.0
1665455,0.0,0.0,0.0,0.0,1.0,0.0,0.0
1665456,0.0,0.0,0.0,0.0,0.0,0.0,0.0
1666173,0.0,0.0,0.0,0.0,1.0,0.0,0.0
1666174,0.0,0.0,0.0,0.0,0.0,0.0,0.0
1666175,0.0,0.0,0.0,0.0,1.0,0.0,0.0
1666177,0.0,0.0,0.0,0.0,0.0,0.0,0.0
1666310,0.0,0.0,0.0,0.0,1.0,0.0,0.0
1666311,0.0,0.0,0.0,0.0,0.0,0.0,0.0
1666312,0.0,0.0,0.0,0.0,1.0,0.0,0.0
1666313,0.0,0.0,0.0,0.0,0.0,0.0,0.0
1666315,0.0,0.0,0.0,0.0,1.0,0.0,0.0
1666316,0.0,0.0,0.0,0.0,0.0,0.0,0.0
1666319,0.0,0.0,0.0,0.0,1.0,0.0,0.0
1666321,0.0,0.0,0.0,0.0,0.0,0.0,0.0
1667024,0.0,0.0,0.0,0.0,1.0,0.0,0.0
1667025,0.0,0.0,0.0,0.0,0.0,0.0,0.0
1667277,0.0,0.0,0.0,0.0,1.0,0.0,0.0
1667278,0.0,0.0,0.0,0.0,0.0,0.0,0.0
1667294,0.0,0.0,0.0,0.0,1.0,0.0,0.0
1667295,0.0,0.0,0.0,0.0,0.0,0.0,0.0
1667297,0.0,0.0,0.0,0.0,1.0,0.0,0.0
1667300,0.0,0.0,0.0,0.0,0.0,0.0,0.0
1668015,0.0,0.0,0.0,0.0,1.0,0.0,0.0
1668016,0.0,0.0,0.0,0.0,0.0,0.0,0.0
1668066,0.0,0.0,0.0,0.0,1.0,0.0,0.0
1668067,0.0,0.0,0.0,0.0,0.0,0.0,0.0
1668068,0.0,0.0,0.0,0.0,1.0,0.0,0.0
1668069,0.0,0.0,0.0,0.0,0.0,0.0,0.0
1668426,0.0,0.0,0.0,0.0,1.0,0.0,0.0
1668427,0.0,0.0,0.0,0.0,0.0,0.0,0.0
1668470,0.0,0.0,0.0,0.0,1.0,0.0,0.0
1668471,0.0,0.0,0.0,0.0,0.0,0.0,0.0
1668659,0.0,0.0,0.0,0.0,1.0,0.0,0.0
1668660,0.0,0.0,1.0,0.0,1.0,0.0,0.0
1668662,0.0,0.0,0.0,0.0,0.0,0.0,0.0
1669577,0.0,0.0,1.0,0.0,0.0,0.0,0.0
1669578,0.0,0.0,0.0,0.0,0.0,0.0,0.0
1669580,0.0,0.0,1.0,0.0,0.0,0.0,0.0
1669582,0.0,0.0,0.0,0.0,0.0,0.0,0.0
1669583,0.0,0.0,1.0,0.0,0.0,0.0,0.0
1669585,0.0,0.0,1.0,0.0,1.0,0.0,0.0
1669586,0.0,0.0,1.0,0.0,0.0,0.0,0.0
1669622,0.0,0.0,0.0,0.0,0.0,0.0,0.0
1669625,0.0,0.0,1.0,0.0,0.0,0.0,0.0
1669626,0.0,0.0,0.0,0.0,0.0,0.0,0.0
1669627,0.0,0.0,1.0,0.0,0.0,0.0,0.0
1669658,0.0,0.0,0.0,0.0,0.0,0.0,0.0
1669660,0.0,0.0,1.0,0.0,0.0,0.0,0.0
1669661,0.0,0.0,0.0,0.0,0.0,0.0,0.0
1669664,0.0,0.0,1.0,0.0,0.0,0.0,0.0
1669665,0.0,0.0,0.0,0.0,0.0,0.0,0.0
1669668,0.0,0.0,1.0,0.0,0.0,0.0,0.0
1669669,0.0,0.0,0.0,0.0,0.0,0.0,0.0
1669671,0.0,0.0,1.0,0.0,0.0,0.0,0.0
1669673,0.0,0.0,0.0,0.0,0.0,0.0,0.0
1669682,0.0,0.0,1.0,0.0,0.0,0.0,0.0
1669685,0.0,0.0,0.0,0.0,0.0,0.0,0.0
1669686,0.0,0.0,1.0,0.0,0.0,0.0,0.0
1669697,0.0,0.0,0.0,0.0,0.0,0.0,0.0
1669698,0.0,0.0,1.0,0.0,0.0,0.0,0.0
1669701,0.0,0.0,0.0,0.0,0.0,0.0,0.0
1670058,0.0,0.0,0.0,0.0,1.0,0.0,0.0
1670060,0.0,0.0,0.0,0.0,0.0,0.0,0.0
1672123,0.0,0.0,0.0,0.0,1.0,0.0,0.0
1672127,0.0,0.0,0.0,0.0,0.0,0.0,0.0
1672673,0.0,0.0,0.0,0.0,1.0,0.0,0.0
1672674,0.0,0.0,0.0,0.0,0.0,0.0,0.0
1672780,0.0,0.0,0.0,0.0,1.0,0.0,0.0
1672783,0.0,0.0,0.0,0.0,0.0,0.0,0.0
1675268,0.0,0.0,0.0,0.0,1.0,0.0,0.0
1675269,0.0,0.0,0.0,0.0,0.0,0.0,0.0
1675270,0.0,0.0,0.0,0.0,1.0,0.0,0.0
1675271,0.0,0.0,0.0,0.0,0.0,0.0,0.0
1676012,0.0,0.0,0.0,0.0,1.0,0.0,0.0
1676015,0.0,0.0,0.0,0.0,0.0,0.0,0.0
1676016,0.0,0.0,0.0,0.0,1.0,0.0,0.0
1676017,0.0,0.0,0.0,0.0,0.0,0.0,0.0
1676018,0.0,0.0,0.0,0.0,1.0,0.0,0.0
1676019,0.0,0.0,0.0,0.0,2.0,0.0,0.0
1676020,0.0,0.0,0.0,0.0,0.0,0.0,0.0
1676995,0.0,0.0,0.0,0.0,1.0,0.0,0.0
1676996,0.0,0.0,0.0,0.0,0.0,0.0,0.0
1676998,0.0,0.0,0.0,0.0,1.0,0.0,0.0
1676999,0.0,0.0,0.0,0.0,0.0,0.0,0.0
1677032,0.0,0.0,0.0,0.0,1.0,0.0,0.0
1677035,0.0,0.0,0.0,0.0,0.0,0.0,0.0
1678104,0.0,0.0,0.0,0.0,1.0,0.0,0.0
1678105,0.0,0.0,0.0,0.0,0.0,0.0,0.0
1678150,0.0,0.0,0.0,0.0,1.0,0.0,0.0
1678151,0.0,0.0,0.0,0.0,0.0,0.0,0.0
1679134,0.0,0.0,0.0,0.0,1.0,0.0,0.0
1679137,0.0,0.0,0.0,0.0,0.0,0.0,0.0
1679308,0.0,0.0,0.0,0.0,1.0,0.0,0.0
1679310,0.0,0.0,0.0,0.0,2.0,0.0,0.0
1679311,0.0,0.0,0.0,0.0,0.0,0.0,0.0
1680079,0.0,0.0,0.0,0.0,1.0,0.0,0.0
1680080,0.0,0.0,0.0,0.0,0.0,0.0,0.0
1680081,0.0,0.0,0.0,0.0,1.0,0.0,0.0
1680082,0.0,0.0,0.0,0.0,0.0,0.0,0.0
1680085,0.0,0.0,0.0,0.0,1.0,0.0,0.0
1680086,0.0,0.0,0.0,0.0,0.0,0.0,0.0
1681750,0.0,0.0,0.0,0.0,1.0,0.0,0.0
1681753,0.0,0.0,0.0,0.0,0.0,0.0,0.0
1681889,0.0,0.0,0.0,0.0,1.0,0.0,0.0
1681890,0.0,0.0,0.0,0.0,0.0,0.0,0.0
1683577,0.0,0.0,0.0,0.0,1.0,0.0,0.0
1683580,0.0,0.0,0.0,0.0,0.0,0.0,0.0
1683581,0.0,0.0,0.0,0.0,1.0,0.0,0.0
1683582,0.0,0.0,0.0,0.0,0.0,0.0,0.0
1684447,0.0,0.0,0.0,0.0,1.0,0.0,0.0
1684450,0.0,0.0,0.0,0.0,0.0,0.0,0.0
1684451,0.0,0.0,0.0,0.0,1.0,0.0,0.0
1684452,0.0,0.0,0.0,0.0,0.0,0.0,0.0
1684455,0.0,0.0,0.0,0.0,1.0,0.0,0.0
1684457,0.0,0.0,0.0,0.0,0.0,0.0,0.0
1684458,0.0,0.0,0.0,0.0,1.0,0.0,0.0
1684459,0.0,0.0,0.0,0.0,0.0,0.0,0.0
1684775,0.0,0.0,0.0,0.0,1.0,0.0,0.0
1684776,0.0,0.0,0.0,0.0,0.0,0.0,0.0
1685171,0.0,0.0,0.0,0.0,1.0,0.0,0.0
1685172,0.0,0.0,0.0,0.0,0.0,0.0,0.0
1685594,0.0,0.0,0.0,0.0,1.0,0.0,0.0
1685595,0.0,0.0,0.0,0.0,0.0,0.0,0.0
1685596,0.0,0.0,0.0,0.0,1.0,0.0,0.0
1685597,0.0,0.0,0.0,0.0,0.0,0.0,0.0
1685598,0.0,0.0,0.0,0.0,1.0,0.0,0.0
1685600,0.0,0.0,0.0,0.0,0.0,0.0,0.0
1685601,0.0,0.0,0.0,0.0,1.0,0.0,0.0
1685606,0.0,0.0,0.0,0.0,0.0,0.0,0.0
1685608,0.0,0.0,0.0,0.0,1.0,0.0,0.0
1685609,0.0,0.0,0.0,0.0,0.0,0.0,0.0
1685667,0.0,0.0,0.0,0.0,1.0,0.0,0.0
1685668,0.0,0.0,0.0,0.0,0.0,0.0,0.0
1685672,0.0,0.0,0.0,0.0,1.0,0.0,0.0
1685675,0.0,0.0,0.0,0.0,0.0,0.0,0.0
1685818,0.0,0.0,0.0,0.0,1.0,0.0,0.0
1685820,0.0,0.0,0.0,0.0,2.0,0.0,0.0
1685821,0.0,0.0,0.0,0.0,0.0,0.0,0.0
1686707,0.0,0.0,0.0,0.0,1.0,0.0,0.0
1686708,0.0,0.0,0.0,0.0,0.0,0.0,0.0
1689360,0.0,0.0,0.0,0.0,1.0,0.0,0.0
1689361,0.0,0.0,0.0,0.0,0.0,0.0,0.0
1690861,0.0,2.0,0.0,0.0,0.0,1.0,0.0
1690862,0.0,0.0,0.0,0.0,0.0,0.0,0.0
1691050,0.0,0.0,1.0,0.0,0.0,0.0,0.0
1691064,0.0,0.0,0.0,0.0,0.0,0.0,0.0
1691067,0.0,0.0,1.0,0.0,0.0,0.0,0.0
1691068,0.0,0.0,0.0,0.0,0.0,0.0,0.0
1691097,0.0,0.0,1.0,0.0,0.0,0.0,0.0
1691098,0.0,0.0,0.0,0.0,0.0,0.0,0.0
1691149,0.0,0.0,1.0,0.0,0.0,0.0,0.0
1691150,0.0,0.0,0.0,0.0,0.0,0.0,0.0
1691153,0.0,0.0,1.0,0.0,0.0,0.0,0.0
1691154,0.0,0.0,0.0,0.0,0.0,0.0,0.0
1691155,0.0,0.0,1.0,0.0,0.0,0.0,0.0
1691157,0.0,0.0,0.0,0.0,0.0,0.0,0.0
1691158,0.0,0.0,1.0,0.0,0.0,0.0,0.0
1691161,0.0,0.0,0.0,0.0,0.0,0.0,0.0
1692338,0.0,0.0,0.0,0.0,1.0,0.0,0.0
1692339,0.0,0.0,0.0,0.0,0.0,0.0,0.0
1692587,0.0,0.0,0.0,0.0,1.0,0.0,0.0
1692592,0.0,0.0,0.0,0.0,0.0,0.0,0.0
1692596,0.0,0.0,0.0,0.0,1.0,0.0,0.0
1692599,0.0,0.0,0.0,0.0,0.0,0.0,0.0
1692999,0.0,0.0,0.0,0.0,1.0,0.0,0.0
1693008,0.0,0.0,0.0,0.0,2.0,0.0,0.0
1693009,0.0,0.0,0.0,0.0,0.0,0.0,0.0
1693578,0.0,0.0,0.0,0.0,1.0,0.0,0.0
1693580,0.0,0.0,0.0,0.0,0.0,0.0,0.0
1694019,0.0,0.0,0.0,0.0,1.0,0.0,0.0
1694024,0.0,0.0,0.0,0.0,0.0,0.0,0.0
1694028,0.0,0.0,0.0,0.0,1.0,0.0,0.0
1694029,0.0,0.0,0.0,0.0,0.0,0.0,0.0
1694188,0.0,0.0,0.0,0.0,1.0,0.0,0.0
1694189,0.0,0.0,0.0,0.0,0.0,0.0,0.0
1694785,0.0,0.0,0.0,0.0,1.0,0.0,0.0
1694786,0.0,0.0,0.0,0.0,0.0,0.0,0.0
1694917,0.0,0.0,0.0,0.0,1.0,0.0,0.0
1694918,0.0,0.0,0.0,0.0,0.0,0.0,0.0
1694919,0.0,0.0,0.0,0.0,1.0,0.0,0.0
1694920,0.0,0.0,0.0,0.0,0.0,0.0,0.0
1695562,0.0,0.0,0.0,0.0,1.0,0.0,0.0
1695565,0.0,0.0,0.0,0.0,0.0,0.0,0.0
1695566,0.0,0.0,0.0,0.0,1.0,0.0,0.0
1695567,0.0,0.0,0.0,0.0,0.0,0.0,0.0
1696436,0.0,0.0,0.0,0.0,1.0,0.0,0.0
1696437,0.0,0.0,0.0,0.0,0.0,0.0,0.0
1696572,0.0,0.0,0.0,0.0,1.0,0.0,0.0
1696573,0.0,0.0,0.0,0.0,0.0,0.0,0.0
1697212,0.0,0.0,0.0,0.0,1.0,0.0,0.0
1697213,0.0,0.0,0.0,0.0,0.0,0.0,0.0
1697217,0.0,0.0,0.0,0.0,1.0,0.0,0.0
1697218,0.0,0.0,0.0,0.0,0.0,0.0,0.0
1698003,0.0,0.0,0.0,0.0,1.0,0.0,0.0
1698004,0.0,0.0,0.0,0.0,0.0,0.0,0.0
1698212,0.0,0.0,0.0,0.0,1.0,0.0,0.0
1698214,0.0,0.0,0.0,1.0,2.0,0.0,0.0
1698215,0.0,0.0,0.0,0.0,0.0,0.0,0.0
1698216,0.0,0.0,0.0,1.0,0.0,0.0,0.0
1698217,0.0,0.0,0.0,0.0,0.0,0.0,0.0
1698218,0.0,0.0,0.0,1.0,0.0,0.0,0.0
1698219,0.0,0.0,0.0,0.0,0.0,0.0,0.0
1698404,0.0,0.0,0.0,0.0,1.0,0.0,0.0
1698405,0.0,0.0,0.0,0.0,0.0,0.0,0.0
1699569,0.0,0.0,0.0,0.0,1.0,0.0,0.0
1699570,0.0,0.0,0.0,0.0,0.0,0.0,0.0
1701665,0.0,0.0,0.0,0.0,1.0,0.0,0.0
1701666,0.0,0.0,0.0,0.0,0.0,0.0,0.0
1701673,0.0,0.0,0.0,0.0,1.0,0.0,0.0
1701674,0.0,0.0,0.0,0.0,0.0,0.0,0.0
1701675,0.0,0.0,0.0,0.0,1.0,0.0,0.0
1701676,0.0,0.0,0.0,0.0,0.0,0.0,0.0
1701677,0.0,0.0,0.0,0.0,1.0,0.0,0.0
1701678,0.0,0.0,0.0,0.0,2.0,0.0,0.0
1701679,0.0,0.0,0.0,0.0,0.0,0.0,0.0
1705742,0.0,0.0,0.0,1.0,0.0,0.0,0.0
1705744,0.0,0.0,0.0,0.0,0.0,0.0,0.0
1706005,0.0,0.0,0.0,0.0,1.0,0.0,0.0
1706007,0.0,0.0,0.0,0.0,0.0,0.0,0.0
1706008,0.0,0.0,0.0,0.0,1.0,0.0,0.0
1706009,0.0,0.0,0.0,0.0,0.0,0.0,0.0
1708111,0.0,0.0,0.0,0.0,1.0,0.0,0.0
1708113,0.0,0.0,0.0,0.0,0.0,0.0,0.0
1708122,0.0,0.0,0.0,0.0,1.0,0.0,0.0
1708126,0.0,0.0,0.0,0.0,0.0,0.0,0.0
1708133,0.0,0.0,0.0,0.0,1.0,0.0,0.0
1708134,0.0,0.0,0.0,0.0,0.0,0.0,0.0
1710896,0.0,0.0,0.0,0.0,1.0,0.0,0.0
1710897,0.0,0.0,0.0,0.0,0.0,0.0,0.0
1710901,0.0,0.0,0.0,0.0,1.0,0.0,0.0
1710902,0.0,0.0,0.0,0.0,0.0,0.0,0.0
1710912,0.0,0.0,0.0,0.0,1.0,0.0,0.0
1710913,0.0,0.0,0.0,0.0,0.0,0.0,0.0
1710915,0.0,0.0,0.0,0.0,1.0,0.0,0.0
1710918,0.0,0.0,0.0,0.0,0.0,0.0,0.0
1713686,0.0,0.0,0.0,0.0,1.0,0.0,0.0
1713687,0.0,0.0,0.0,0.0,0.0,0.0,0.0
1713688,0.0,0.0,0.0,0.0,1.0,0.0,0.0
1713689,0.0,0.0,0.0,0.0,0.0,0.0,0.0
1713691,0.0,0.0,0.0,0.0,1.0,0.0,0.0
1713694,0.0,0.0,0.0,0.0,0.0,0.0,0.0
1713696,0.0,0.0,0.0,0.0,1.0,0.0,0.0
1713697,0.0,0.0,0.0,0.0,0.0,0.0,0.0
1714905,0.0,0.0,0.0,0.0,1.0,0.0,0.0
1714907,0.0,0.0,0.0,0.0,0.0,0.0,0.0
1714908,0.0,0.0,0.0,0.0,1.0,0.0,0.0
1714909,0.0,0.0,0.0,0.0,0.0,0.0,0.0
1714916,0.0,0.0,0.0,0.0,1.0,0.0,0.0
1714917,0.0,0.0,0.0,0.0,0.0,0.0,0.0
1714919,0.0,0.0,0.0,0.0,1.0,0.0,0.0
1714920,0.0,0.0,0.0,0.0,0.0,0.0,0.0
1715058,0.0,0.0,0.0,0.0,1.0,0.0,0.0
1715059,0.0,0.0,0.0,0.0,0.0,0.0,0.0
1715060,0.0,0.0,0.0,0.0,1.0,0.0,0.0
1715062,0.0,0.0,0.0,0.0,2.0,0.0,0.0
1715063,0.0,0.0,0.0,0.0,0.0,0.0,0.0
1718448,0.0,0.0,0.0,0.0,1.0,0.0,0.0
1718449,0.0,0.0,0.0,0.0,0.0,0.0,0.0
1718450,0.0,0.0,0.0,0.0,1.0,0.0,0.0
1718452,0.0,0.0,0.0,0.0,0.0,0.0,0.0
1718455,0.0,0.0,0.0,0.0,1.0,0.0,0.0
1718457,0.0,0.0,0.0,0.0,0.0,0.0,0.0
1718458,0.0,0.0,0.0,0.0,1.0,0.0,0.0
1718461,0.0,0.0,0.0,0.0,0.0,0.0,0.0
1721204,0.0,0.0,0.0,0.0,1.0,0.0,0.0
1721205,0.0,0.0,0.0,0.0,0.0,0.0,0.0
1722609,0.0,0.0,0.0,0.0,1.0,0.0,0.0
1722611,0.0,0.0,0.0,0.0,2.0,0.0,0.0
1722612,0.0,0.0,0.0,0.0,0.0,0.0,0.0
1723278,0.0,0.0,0.0,0.0,1.0,0.0,0.0
1723283,0.0,0.0,0.0,0.0,0.0,0.0,0.0
1726046,0.0,0.0,0.0,0.0,1.0,0.0,0.0
1726050,0.0,0.0,0.0,0.0,0.0,0.0,0.0
1726070,0.0,0.0,0.0,0.0,1.0,0.0,0.0
1726071,0.0,0.0,0.0,0.0,2.0,0.0,0.0
1726072,0.0,0.0,0.0,0.0,0.0,0.0,0.0
1727801,0.0,0.0,0.0,0.0,1.0,0.0,0.0
1727802,0.0,0.0,0.0,0.0,0.0,0.0,0.0
1729235,0.0,0.0,0.0,0.0,1.0,0.0,0.0
1729237,0.0,0.0,0.0,0.0,2.0,0.0,0.0
1729238,0.0,0.0,0.0,0.0,0.0,0.0,0.0
1731728,0.0,0.0,0.0,0.0,1.0,0.0,0.0
1731729,0.0,0.0,0.0,0.0,0.0,0.0,0.0
1732923,0.0,0.0,0.0,0.0,1.0,0.0,0.0
1732924,0.0,0.0,0.0,0.0,0.0,0.0,0.0
1737074,0.0,0.0,0.0,0.0,1.0,0.0,0.0
1737075,0.0,0.0,0.0,0.0,0.0,0.0,0.0
1738837,0.0,0.0,0.0,0.0,1.0,0.0,0.0
1738838,0.0,0.0,0.0,0.0,0.0,0.0,0.0
1740630,0.0,0.0,0.0,0.0,1.0,0.0,0.0
1740631,0.0,0.0,0.0,0.0,0.0,0.0,0.0
1740632,0.0,0.0,0.0,0.0,1.0,0.0,0.0
1740633,0.0,0.0,0.0,0.0,0.0,0.0,0.0
1741209,0.0,0.0,0.0,1.0,0.0,0.0,0.0
1741210,0.0,0.0,0.0,0.0,0.0,0.0,0.0
1741211,0.0,0.0,0.0,1.0,0.0,0.0,0.0
1741212,0.0,0.0,0.0,0.0,0.0,0.0,0.0
1745549,0.0,0.0,0.0,0.0,1.0,0.0,0.0
1745550,0.0,0.0,0.0,0.0,0.0,0.0,0.0
1746355,0.0,0.0,0.0,0.0,1.0,0.0,0.0
1746356,0.0,0.0,0.0,0.0,0.0,0.0,0.0
1746374,0.0,0.0,0.0,0.0,1.0,0.0,0.0
1746375,0.0,0.0,0.0,0.0,0.0,0.0,0.0
1746382,0.0,0.0,0.0,0.0,1.0,0.0,0.0
1746385,0.0,0.0,0.0,0.0,0.0,0.0,0.0
1747763,0.0,0.0,0.0,0.0,1.0,0.0,0.0
1747764,0.0,0.0,0.0,0.0,0.0,0.0,0.0
1749057,0.0,0.0,0.0,1.0,0.0,0.0,0.0
1749058,0.0,0.0,0.0,0.0,0.0,0.0,0.0
1749593,0.0,0.0,0.0,0.0,1.0,0.0,0.0
1749594,0.0,0.0,0.0,0.0,0.0,0.0,0.0
1753618,0.0,0.0,0.0,0.0,1.0,0.0,0.0
1753619,0.0,0.0,0.0,0.0,0.0,0.0,0.0
1755948,0.0,0.0,0.0,0.0,1.0,0.0,0.0
1755949,0.0,0.0,0.0,0.0,0.0,0.0,0.0
1757850,0.0,0.0,0.0,0.0,1.0,0.0,0.0
1757851,0.0,0.0,0.0,0.0,0.0,0.0,0.0
1762265,0.0,0.0,0.0,0.0,1.0,0.0,0.0
1762266,0.0,0.0,0.0,0.0,0.0,0.0,0.0
1765197,0.0,0.0,0.0,0.0,1.0,0.0,0.0
1765198,0.0,0.0,0.0,0.0,0.0,0.0,0.0
1765388,0.0,0.0,0.0,0.0,1.0,0.0,0.0
1765393,0.0,0.0,0.0,0.0,0.0,0.0,0.0
1765394,0.0,0.0,0.0,0.0,1.0,0.0,0.0
1765397,0.0,0.0,0.0,0.0,2.0,0.0,0.0
1765398,0.0,0.0,0.0,0.0,0.0,0.0,0.0
1769270,0.0,0.0,0.0,0.0,1.0,0.0,0.0
1769271,0.0,0.0,0.0,0.0,0.0,0.0,0.0
1769281,0.0,0.0,0.0,0.0,1.0,0.0,0.0
1769283,0.0,0.0,0.0,0.0,2.0,0.0,0.0
1769284,0.0,0.0,0.0,0.0,0.0,0.0,0.0
1770506,0.0,0.0,0.0,0.0,1.0,0.0,0.0
1770507,0.0,0.0,0.0,0.0,0.0,0.0,0.0
1771125,0.0,0.0,0.0,0.0,1.0,0.0,0.0
1771128,0.0,0.0,0.0,0.0,0.0,0.0,0.0
1772317,0.0,0.0,0.0,0.0,1.0,0.0,0.0
1772318,0.0,0.0,0.0,0.0,0.0,0.0,0.0
1773460,0.0,0.0,0.0,0.0,1.0,0.0,0.0
1773463,0.0,0.0,0.0,0.0,0.0,0.0,0.0
1773465,0.0,0.0,0.0,0.0,1.0,0.0,0.0
1773466,0.0,0.0,0.0,0.0,0.0,0.0,0.0
1774835,0.0,0.0,0.0,0.0,1.0,0.0,0.0
1774836,0.0,0.0,0.0,0.0,0.0,0.0,0.0
1774837,0.0,0.0,0.0,0.0,1.0,0.0,0.0
1774838,0.0,0.0,0.0,0.0,0.0,0.0,0.0
1775469,0.0,0.0,0.0,0.0,1.0,0.0,0.0
1775470,0.0,0.0,0.0,0.0,0.0,0.0,0.0
1775474,0.0,0.0,0.0,0.0,1.0,0.0,0.0
1775475,0.0,0.0,0.0,0.0,0.0,0.0,0.0
1775476,0.0,0.0,0.0,0.0,1.0,0.0,0.0
1775477,0.0,0.0,0.0,0.0,0.0,0.0,0.0
1776313,0.0,0.0,0.0,0.0,1.0,0.0,0.0
1776314,0.0,0.0,0.0,0.0,0.0,0.0,0.0
1776572,0.0,0.0,0.0,0.0,1.0,0.0,0.0
1776573,0.0,0.0,0.0,0.0,0.0,0.0,0.0
1776574,0.0,0.0,0.0,0.0,1.0,0.0,0.0
1776575,0.0,0.0,0.0,0.0,0.0,0.0,0.0
1776577,0.0,0.0,0.0,0.0,1.0,0.0,0.0
1776580,0.0,0.0,0.0,0.0,0.0,0.0,0.0
1776581,0.0,0.0,0.0,0.0,1.0,0.0,0.0
1776583,0.0,0.0,0.0,0.0,0.0,0.0,0.0
1776584,0.0,0.0,0.0,0.0,1.0,0.0,0.0
1776586,0.0,0.0,0.0,0.0,2.0,0.0,0.0
1776587,0.0,0.0,0.0,0.0,0.0,0.0,0.0
1778556,0.0,0.0,0.0,0.0,1.0,0.0,0.0
1778560,0.0,0.0,0.0,0.0,0.0,0.0,0.0
1780135,0.0,0.0,0.0,0.0,1.0,0.0,0.0
1780136,0.0,0.0,0.0,0.0,0.0,0.0,0.0
1780148,0.0,0.0,0.0,0.0,1.0,0.0,0.0
1780151,0.0,0.0,0.0,0.0,0.0,0.0,0.0
1780152,0.0,0.0,0.0,0.0,1.0,0.0,0.0
1780154,0.0,0.0,0.0,0.0,0.0,0.0,0.0
1783037,0.0,0.0,0.0,0.0,1.0,0.0,0.0
1783040,0.0,0.0,0.0,0.0,0.0,0.0,0.0
1783603,0.0,0.0,0.0,0.0,1.0,0.0,0.0
1783604,0.0,0.0,0.0,0.0,0.0,0.0,0.0
1784123,0.0,0.0,0.0,0.0,1.0,0.0,0.0
1784124,0.0,0.0,0.0,0.0,0.0,0.0,0.0
1784125,0.0,0.0,0.0,0.0,1.0,0.0,0.0
1784126,0.0,0.0,0.0,0.0,0.0,0.0,0.0
1784729,0.0,0.0,0.0,0.0,1.0,0.0,0.0
1784730,0.0,0.0,0.0,0.0,0.0,0.0,0.0
1786297,0.0,0.0,0.0,0.0,1.0,0.0,0.0
1786299,0.0,0.0,0.0,0.0,0.0,0.0,0.0
1786300,0.0,0.0,0.0,0.0,1.0,0.0,0.0
1786303,0.0,0.0,0.0,0.0,0.0,0.0,0.0
1791947,0.0,0.0,0.0,0.0,1.0,0.0,0.0
1791948,0.0,0.0,0.0,0.0,0.0,0.0,0.0
1791949,0.0,0.0,0.0,0.0,1.0,0.0,0.0
1791951,0.0,0.0,0.0,0.0,0.0,0.0,0.0
1792718,0.0,0.0,0.0,0.0,1.0,0.0,0.0
1792719,0.0,0.0,0.0,0.0,0.0,0.0,0.0
1793923,0.0,0.0,0.0,0.0,1.0,0.0,0.0
1793924,0.0,0.0,0.0,0.0,0.0,0.0,0.0
1794195,0.0,0.0,0.0,0.0,1.0,0.0,0.0
1794197,0.0,0.0,0.0,0.0,0.0,0.0,0.0
1794609,0.0,0.0,0.0,0.0,1.0,0.0,0.0
1794610,0.0,0.0,0.0,0.0,0.0,0.0,0.0
1794611,0.0,0.0,0.0,0.0,1.0,0.0,0.0
1794612,0.0,0.0,0.0,0.0,0.0,0.0,0.0
1794617,0.0,0.0,0.0,0.0,1.0,0.0,0.0
1794618,0.0,0.0,0.0,0.0,0.0,0.0,0.0
1794964,0.0,0.0,0.0,0.0,1.0,0.0,0.0
1794965,0.0,0.0,0.0,0.0,0.0,0.0,0.0
1794966,0.0,0.0,0.0,0.0,1.0,0.0,0.0
1794967,0.0,0.0,0.0,0.0,0.0,0.0,0.0
1796379,0.0,0.0,0.0,0.0,1.0,0.0,0.0
1796380,0.0,0.0,0.0,0.0,0.0,0.0,0.0
1796383,0.0,0.0,0.0,0.0,1.0,0.0,0.0
1796385,0.0,0.0,0.0,0.0,0.0,0.0,0.0
1796386,0.0,0.0,0.0,0.0,1.0,0.0,0.0
1796387,0.0,0.0,0.0,0.0,0.0,0.0,0.0
1796389,0.0,0.0,0.0,0.0,1.0,0.0,0.0
1796392,0.0,0.0,0.0,0.0,0.0,0.0,0.0
1796811,0.0,0.0,0.0,0.0,1.0,0.0,0.0
1796814,0.0,0.0,0.0,0.0,0.0,0.0,0.0
1796816,0.0,0.0,0.0,0.0,1.0,0.0,0.0
1796817,0.0,0.0,0.0,0.0,0.0,0.0,0.0
1796818,0.0,0.0,0.0,0.0,1.0,0.0,0.0
1796819,0.0,0.0,0.0,0.0,0.0,0.0,0.0
1796821,0.0,0.0,0.0,0.0,1.0,0.0,0.0
1796822,0.0,0.0,0.0,0.0,0.0,0.0,0.0
1799161,0.0,0.0,0.0,0.0,1.0,0.0,0.0
1799163,0.0,0.0,0.0,0.0,0.0,0.0,0.0
1800000,0.0,0.0,0.0,0.0,0.0,0.0,1.0
1800001,0.0,0.0,0.0,0.0,0.0,0.0,0.0
1800623,0.0,0.0,0.0,0.0,1.0,0.0,0.0
1800624,0.0,0.0,0.0,0.0,0.0,0.0,0.0
1800798,0.0,0.0,0.0,0.0,1.0,0.0,0.0
1800799,0.0,0.0,0.0,0.0,0.0,0.0,0.0
1800966,0.0,0.0,0.0,0.0,1.0,0.0,0.0
1800969,0.0,0.0,0.0,0.0,0.0,0.0,0.0
1801032,0.0,0.0,0.0,0.0,1.0,0.0,0.0
1801033,0.0,0.0,0.0,0.0,0.0,0.0,0.0
1801160,0.0,2.0,0.0,0.0,0.0,1.0,0.0
1801161,0.0,0.0,0.0,0.0,0.0,0.0,0.0
1801198,0.0,0.0,1.0,0.0,0.0,0.0,0.0
1801204,0.0,0.0,0.0,0.0,0.0,0.0,0.0
1801206,0.0,0.0,1.0,0.0,0.0,0.0,0.0
1801220,0.0,0.0,2.0,0.0,0.0,0.0,0.0
1801221,0.0,0.0,0.0,0.0,0.0,0.0,0.0
1801295,0.0,0.0,1.0,0.0,0.0,0.0,0.0
1801322,0.0,0.0,2.0,0.0,1.0,0.0,0.0
1801323,0.0,0.0,0.0,0.0,0.0,0.0,0.0
1801324,0.0,0.0,0.0,0.0,1.0,0.0,0.0
1801328,0.0,0.0,0.0,0.0,2.0,0.0,0.0
1801329,0.0,0.0,0.0,0.0,0.0,0.0,0.0
1801750,0.0,0.0,1.0,0.0,0.0,0.0,0.0
1801752,0.0,0.0,1.0,0.0,1.0,0.0,0.0
1801754,0.0,0.0,1.0,0.0,0.0,0.0,0.0
1801781,0.0,0.0,0.0,0.0,0.0,0.0,0.0
1801784,0.0,0.0,1.0,0.0,0.0,0.0,0.0
1801785,0.0,0.0,0.0,0.0,0.0,0.0,0.0
1802132,0.0,0.0,1.0,0.0,0.0,0.0,0.0
1802137,0.0,0.0,0.0,0.0,0.0,0.0,0.0
1802144,0.0,0.0,1.0,0.0,0.0,0.0,0.0
1802191,0.0,0.0,0.0,0.0,0.0,0.0,0.0
1802192,0.0,0.0,1.0,0.0,0.0,0.0,0.0
1802199,0.0,0.0,0.0,0.0,0.0,0.0,0.0
1802201,0.0,0.0,1.0,0.0,0.0,0.0,0.0
1802208,0.0,0.0,0.0,0.0,0.0,0.0,0.0
1802210,0.0,0.0,1.0,0.0,0.0,0.0,0.0
1802229,0.0,0.0,0.0,0.0,0.0,0.0,0.0
1802231,0.0,0.0,1.0,0.0,0.0,0.0,0.0
1802233,0.0,0.0,0.0,0.0,0.0,0.0,0.0
1802235,0.0,0.0,1.0,0.0,0.0,0.0,0.0
1802531,0.0,0.0,1.0,0.0,1.0,0.0,0.0
1802534,0.0,0.0,1.0,0.0,0.0,0.0,0.0
1802635,0.0,0.0,2.0,0.0,0.0,0.0,0.0
1802636,0.0,0.0,0.0,0.0,0.0,0.0,0.0
1802638,0.0,0.0,0.0,0.0,1.0,0.0,0.0
1802639,0.0,0.0,0.0,0.0,0.0,0.0,0.0
1802640,0.0,0.0,0.0,0.0,1.0,0.0,0.0
1802641,0.0,0.0,0.0,0.0,0.0,0.0,0.0
1802691,0.0,0.0,1.0,0.0,0.0,0.0,0.0
1802692,0.0,0.0,0.0,0.0,0.0,0.0,0.0
1802693,0.0,0.0,1.0,0.0,0.0,0.0,0.0
1802694,0.0,0.0,1.0,0.0,1.0,0.0,0.0
1802695,0.0,0.0,1.0,0.0,0.0,0.0,0.0
1802700,0.0,0.0,0.0,0.0,0.0,0.0,0.0
1802701,0.0,0.0,1.0,0.0,0.0,0.0,0.0
1802703,0.0,0.0,0.0,0.0,0.0,0.0,0.0
1802756,0.0,0.0,1.0,0.0,0.0,0.0,0.0
1802763,0.0,0.0,0.0,0.0,0.0,0.0,0.0
1804472,0.0,0.0,1.0,0.0,0.0,0.0,0.0
1804520,0.0,0.0,0.0,0.0,0.0,0.0,0.0
1804523,0.0,0.0,1.0,0.0,0.0,0.0,0.0
1804524,0.0,0.0,0.0,0.0,0.0,0.0,0.0
1804525,0.0,0.0,1.0,0.0,0.0,0.0,0.0
1804528,0.0,0.0,0.0,0.0,0.0,0.0,0.0
1806069,0.0,0.0,0.0,0.0,1.0,0.0,0.0
1806074,0.0,0.0,0.0,0.0,0.0,0.0,0.0
1807147,0.0,0.0,0.0,0.0,1.0,0.0,0.0
1807149,0.0,0.0,0.0,0.0,2.0,0.0,0.0
1807150,0.0,0.0,0.0,0.0,0.0,0.0,0.0
1807162,0.0,0.0,0.0,1.0,0.0,0.0,0.0
1807166,0.0,0.0,0.0,0.0,0.0,0.0,0.0
1807760,0.0,0.0,0.0,0.0,1.0,0.0,0.0
1807761,0.0,0.0,0.0,0.0,0.0,0.0,0.0
1809680,0.0,0.0,0.0,0.0,1.0,0.0,0.0
1809681,0.0,0.0,0.0,0.0,0.0,0.0,0.0
1809700,0.0,0.0,0.0,0.0,1.0,0.0,0.0
1809702,0.0,0.0,0.0,0.0,2.0,0.0,0.0
1809703,0.0,0.0,0.0,0.0,0.0,0.0,0.0
1810290,0.0,0.0,0.0,1.0,0.0,0.0,0.0
1810292,0.0,0.0,0.0,0.0,0.0,0.0,0.0
1810303,0.0,0.0,0.0,0.0,1.0,0.0,0.0
1810304,0.0,0.0,0.0,0.0,0.0,0.0,0.0
1810512,0.0,0.0,0.0,0.0,1.0,0.0,0.0
1810513,0.0,0.0,0.0,0.0,0.0,0.0,0.0
1810853,0.0,0.0,0.0,0.0,1.0,0.0,0.0
1810854,0.0,0.0,0.0,0.0,0.0,0.0,0.0
1810855,0.0,0.0,0.0,0.0,1.0,0.0,0.0
1810857,0.0,0.0,0.0,0.0,2.0,0.0,0.0
1810858,0.0,0.0,0.0,0.0,0.0,0.0,0.0
1811806,0.0,0.0,0.0,0.0,1.0,0.0,0.0
1811807,0.0,0.0,0.0,0.0,0.0,0.0,0.0
1811811,0.0,0.0,0.0,0.0,1.0,0.0,0.0
1811813,0.0,0.0,0.0,0.0,2.0,0.0,0.0
1811814,0.0,0.0,0.0,0.0,0.0,0.0,0.0
1811971,0.0,0.0,0.0,0.0,1.0,0.0,0.0
1811974,0.0,0.0,0.0,0.0,0.0,0.0,0.0
1812068,0.0,0.0,0.0,1.0,0.0,0.0,0.0
1812069,0.0,0.0,0.0,0.0,0.0,0.0,0.0
1812482,0.0,0.0,0.0,0.0,1.0,0.0,0.0
1812485,0.0,0.0,0.0,0.0,2.0,0.0,0.0
1812486,0.0,0.0,0.0,0.0,0.0,0.0,0.0
1813612,0.0,0.0,0.0,0.0,1.0,0.0,0.0
1813613,0.0,0.0,0.0,0.0,0.0,0.0,0.0
1813617,0.0,0.0,0.0,0.0,1.0,0.0,0.0
1813618,0.0,0.0,0.0,0.0,0.0,0.0,0.0
1813622,0.0,0.0,0.0,0.0,1.0,0.0,0.0
1813623,0.0,0.0,0.0,0.0,0.0,0.0,0.0
1813624,0.0,0.0,0.0,0.0,1.0,0.0,0.0
1813626,0.0,0.0,0.0,0.0,0.0,0.0,0.0
1814027,0.0,0.0,0.0,0.0,1.0,0.0,0.0
1814034,0.0,0.0,0.0,0.0,0.0,0.0,0.0
1814527,0.0,0.0,0.0,0.0,1.0,0.0,0.0
1814530,0.0,0.0,0.0,0.0,0.0,0.0,0.0
1814940,0.0,0.0,0.0,0.0,1.0,0.0,0.0
1814941,0.0,0.0,0.0,0.0,0.0,0.0,0.0
1814942,0.0,0.0,0.0,0.0,1.0,0.0,0.0
1814943,0.0,0.0,0.0,0.0,0.0,0.0,0.0
1815284,0.0,0.0,0.0,0.0,1.0,0.0,0.0
1815285,0.0,0.0,0.0,0.0,0.0,0.0,0.0
1815314,0.0,2.0,0.0,0.0,0.0,1.0,0.0
1815315,0.0,0.0,0.0,0.0,0.0,0.0,0.0
1815486,0.0,0.0,1.0,0.0,0.0,0.0,0.0
1815502,0.0,0.0,0.0,0.0,0.0,0.0,0.0
1816577,0.0,0.0,0.0,0.0,1.0,0.0,0.0
1816578,0.0,0.0,0.0,0.0,0.0,0.0,0.0
1816579,0.0,0.0,0.0,0.0,1.0,0.0,0.0
1816582,0.0,0.0,0.0,0.0,0.0,0.0,0.0
1816584,0.0,0.0,0.0,0.0,1.0,0.0,0.0
1816585,0.0,0.0,0.0,0.0,0.0,0.0,0.0
1816586,0.0,0.0,0.0,0.0,1.0,0.0,0.0
1816589,0.0,0.0,0.0,0.0,0.0,0.0,0.0
1818960,0.0,0.0,0.0,0.0,1.0,0.0,0.0
1818961,0.0,0.0,0.0,0.0,0.0,0.0,0.0
1818980,0.0,0.0,0.0,0.0,1.0,0.0,0.0
1818981,0.0,0.0,0.0,0.0,0.0,0.0,0.0
1820450,0.0,0.0,0.0,0.0,1.0,0.0,0.0
1820451,0.0,0.0,0.0,0.0,0.0,0.0,0.0
1821515,0.0,0.0,0.0,0.0,1.0,0.0,0.0
1821516,0.0,0.0,0.0,0.0,0.0,0.0,0.0
1822293,0.0,0.0,0.0,0.0,1.0,0.0,0.0
1822296,0.0,0.0,0.0,0.0,0.0,0.0,0.0
1822297,0.0,0.0,0.0,0.0,1.0,0.0,0.0
1822298,0.0,0.0,0.0,0.0,0.0,0.0,0.0
1822972,0.0,0.0,0.0,0.0,1.0,0.0,0.0
1822974,0.0,0.0,0.0,0.0,2.0,0.0,0.0
1822975,0.0,0.0,0.0,0.0,0.0,0.0,0.0
1822978,0.0,0.0,0.0,1.0,0.0,0.0,0.0
1822979,0.0,0.0,0.0,0.0,0.0,0.0,0.0
1823094,0.0,0.0,0.0,0.0,1.0,0.0,0.0
1823095,0.0,0.0,0.0,0.0,0.0,0.0,0.0
1823096,0.0,0.0,0.0,0.0,1.0,0.0,0.0
1823099,0.0,0.0,0.0,0.0,0.0,0.0,0.0
1823108,0.0,0.0,0.0,0.0,1.0,0.0,0.0
1823109,0.0,0.0,0.0,0.0,0.0,0.0,0.0
1823110,0.0,0.0,0.0,0.0,1.0,0.0,0.0
1823111,0.0,0.0,0.0,0.0,0.0,0.0,0.0
1823112,0.0,0.0,0.0,0.0,1.0,0.0,0.0
1823113,0.0,0.0,0.0,0.0,0.0,0.0,0.0
1824068,0.0,0.0,0.0,0.0,1.0,0.0,0.0
1824073,0.0,0.0,0.0,0.0,0.0,0.0,0.0
1824192,0.0,0.0,0.0,0.0,1.0,0.0,0.0
1824195,0.0,0.0,0.0,0.0,0.0,0.0,0.0
1824369,0.0,0.0,1.0,0.0,0.0,0.0,0.0
1824371,0.0,0.0,1.0,0.0,1.0,0.0,0.0
1824372,0.0,0.0,1.0,0.0,0.0,0.0,0.0
1824379,0.0,0.0,0.0,0.0,0.0,0.0,0.0
1824382,0.0,0.0,1.0,0.0,0.0,0.0,0.0
1824383,0.0,0.0,0.0,0.0,0.0,0.0,0.0
1824386,0.0,0.0,1.0,0.0,0.0,0.0,0.0
1824426,0.0,0.0,0.0,0.0,0.0,0.0,0.0
1824427,0.0,0.0,1.0,0.0,0.0,0.0,0.0
1824430,0.0,0.0,0.0,0.0,0.0,0.0,0.0
1824432,0.0,0.0,1.0,0.0,0.0,0.0,0.0
1824446,0.0,0.0,0.0,0.0,0.0,0.0,0.0
1824467,0.0,0.0,1.0,0.0,0.0,0.0,0.0
1824469,0.0,0.0,0.0,0.0,0.0,0.0,0.0
1824959,0.0,0.0,0.0,0.0,1.0,0.0,0.0
1824960,0.0,0.0,0.0,0.0,0.0,0.0,0.0
1824962,0.0,0.0,0.0,0.0,1.0,0.0,0.0
1824963,0.0,0.0,0.0,0.0,0.0,0.0,0.0
1824964,0.0,0.0,0.0,0.0,1.0,0.0,0.0
1824965,0.0,0.0,0.0,0.0,0.0,0.0,0.0
1824969,0.0,0.0,0.0,0.0,1.0,0.0,0.0
1824970,0.0,0.0,0.0,0.0,0.0,0.0,0.0
1825976,0.0,0.0,0.0,0.0,1.0,0.0,0.0
1825977,0.0,0.0,0.0,0.0,0.0,0.0,0.0
1826746,0.0,0.0,0.0,0.0,1.0,0.0,0.0
1826747,0.0,0.0,0.0,0.0,0.0,0.0,0.0
1826751,0.0,0.0,0.0,0.0,1.0,0.0,0.0
1826754,0.0,0.0,0.0,0.0,0.0,0.0,0.0
1826755,0.0,0.0,0.0,0.0,1.0,0.0,0.0
1826756,0.0,0.0,0.0,0.0,0.0,0.0,0.0
1826954,0.0,0.0,0.0,0.0,1.0,0.0,0.0
1826958,0.0,0.0,0.0,0.0,0.0,0.0,0.0
1826959,0.0,0.0,0.0,0.0,1.0,0.0,0.0
1826960,0.0,0.0,1.0,0.0,1.0,0.0,0.0
1826962,0.0,0.0,1.0,0.0,0.0,0.0,0.0
1826963,0.0,0.0,0.0,0.0,0.0,0.0,0.0
1826964,0.0,0.0,1.0,0.0,0.0,0.0,0.0
1826967,0.0,0.0,0.0,0.0,0.0,0.0,0.0
1826968,0.0,0.0,1.0,0.0,0.0,0.0,0.0
1826971,0.0,0.0,0.0,0.0,0.0,0.0,0.0
1826973,0.0,0.0,1.0,0.0,0.0,0.0,0.0
1826982,0.0,0.0,1.0,0.0,1.0,0.0,0.0
1826983,0.0,0.0,1.0,0.0,0.0,0.0,0.0
1826992,0.0,0.0,1.0,0.0,1.0,0.0,0.0
1826993,0.0,0.0,1.0,0.0,0.0,0.0,0.0
1827065,0.0,0.0,0.0,0.0,0.0,0.0,0.0
1827264,0.0,0.0,1.0,0.0,0.0,0.0,0.0
1827277,0.0,0.0,0.0,0.0,0.0,0.0,0.0
1827286,0.0,0.0,1.0,0.0,0.0,0.0,0.0
1827288,0.0,0.0,0.0,0.0,0.0,0.0,0.0
1827346,0.0,0.0,1.0,0.0,0.0,0.0,0.0
1827347,0.0,0.0,0.0,0.0,0.0,0.0,0.0
1827348,0.0,0.0,1.0,0.0,0.0,0.0,0.0
1827402,0.0,0.0,0.0,0.0,0.0,0.0,0.0
1827499,0.0,0.0,1.0,0.0,0.0,0.0,0.0
1827500,0.0,0.0,0.0,0.0,0.0,0.0,0.0
1827501,0.0,0.0,1.0,0.0,0.0,0.0,0.0
1827508,0.0,0.0,0.0,0.0,0.0,0.0,0.0
1827511,0.0,0.0,1.0,0.0,0.0,0.0,0.0
1827512,0.0,0.0,0.0,0.0,0.0,0.0,0.0
1827515,0.0,0.0,1.0,0.0,0.0,0.0,0.0
1827516,0.0,0.0,0.0,0.0,0.0,0.0,0.0
1827529,0.0,0.0,1.0,0.0,0.0,0.0,0.0
1827535,0.0,0.0,0.0,0.0,0.0,0.0,0.0
1827538,0.0,0.0,1.0,0.0,0.0,0.0,0.0
1827539,0.0,0.0,0.0,0.0,0.0,0.0,0.0
1827540,0.0,0.0,1.0,0.0,0.0,0.0,0.0
1827608,0.0,0.0,1.0,0.0,1.0,0.0,0.0
1827609,0.0,0.0,1.0,0.0,0.0,0.0,0.0
1828041,0.0,0.0,1.0,0.0,1.0,0.0,0.0
1828042,0.0,0.0,1.0,0.0,0.0,0.0,0.0
1828043,0.0,0.0,1.0,0.0,1.0,0.0,0.0
1828048,0.0,0.0,1.0,0.0,0.0,0.0,0.0
1828053,0.0,0.0,1.0,0.0,1.0,0.0,0.0
1828056,0.0,0.0,1.0,0.0,0.0,0.0,0.0
1828064,0.0,0.0,1.0,0.0,1.0,0.0,0.0
1828065,0.0,0.0,1.0,0.0,0.0,0.0,0.0
1828066,0.0,0.0,1.0,0.0,1.0,0.0,0.0
1828071,0.0,2.0,1.0,0.0,1.0,0.0,0.0
1828072,0.0,0.0,1.0,0.0,1.0,0.0,0.0
1828074,0.0,0.0,1.0,0.0,2.0,0.0,0.0
1828075,0.0,0.0,1.0,0.0,0.0,0.0,0.0
1828971,0.0,0.0,1.0,0.0,1.0,0.0,0.0
1828972,0.0,0.0,1.0,0.0,0.0,0.0,0.0
1828973,0.0,0.0,1.0,0.0,1.0,0.0,0.0
1828974,0.0,0.0,1.0,0.0,0.0,0.0,0.0
1829023,0.0,0.0,1.0,0.0,1.0,0.0,0.0
1829026,0.0,0.0,1.0,0.0,2.0,0.0,0.0
1829027,0.0,0.0,1.0,0.0,0.0,0.0,0.0
1830264,0.0,0.0,1.0,0.0,1.0,0.0,0.0
1830265,0.0,0.0,1.0,0.0,0.0,0.0,0.0
1830303,0.0,0.0,1.0,0.0,1.0,0.0,0.0
1830304,0.0,0.0,1.0,0.0,0.0,0.0,0.0
1830632,0.0,0.0,1.0,0.0,1.0,0.0,0.0
1830634,0.0,0.0,1.0,0.0,0.0,0.0,0.0
1830640,0.0,0.0,1.0,0.0,1.0,0.0,0.0
1830645,0.0,0.0,1.0,0.0,0.0,0.0,0.0
1830886,0.0,0.0,1.0,0.0,1.0,0.0,0.0
1830887,0.0,0.0,1.0,0.0,0.0,0.0,0.0
1830888,0.0,0.0,1.0,0.0,1.0,0.0,0.0
1830889,0.0,0.0,1.0,0.0,0.0,0.0,0.0
1831223,0.0,0.0,1.0,0.0,1.0,0.0,0.0
1831226,0.0,0.0,1.0,0.0,0.0,0.0,0.0
1831851,0.0,0.0,1.0,0.0,1.0,0.0,0.0
1831852,0.0,0.0,1.0,0.0,0.0,0.0,0.0
1833172,0.0,0.0,1.0,0.0,1.0,0.0,0.0
1833173,0.0,0.0,1.0,0.0,0.0,0.0,0.0
1834098,0.0,0.0,1.0,0.0,1.0,0.0,0.0
1834099,0.0,0.0,1.0,0.0,0.0,0.0,0.0
1834138,0.0,0.0,1.0,0.0,1.0,0.0,0.0
1834139,0.0,0.0,1.0,0.0,0.0,0.0,0.0
1834143,0.0,0.0,1.0,0.0,1.0,0.0,0.0
1834144,0.0,0.0,1.0,0.0,0.0,0.0,0.0
1834145,0.0,0.0,1.0,0.0,1.0,0.0,0.0
1834148,0.0,0.0,1.0,0.0,0.0,0.0,0.0
1834149,0.0,0.0,1.0,0.0,1.0,0.0,0.0
1834155,0.0,0.0,1.0,0.0,0.0,0.0,0.0
1834742,0.0,0.0,1.0,0.0,1.0,0.0,0.0
1834745,0.0,0.0,1.0,0.0,0.0,0.0,0.0
1835024,0.0,0.0,1.0,0.0,1.0,0.0,0.0
1835025,0.0,0.0,1.0,0.0,0.0,0.0,0.0
1835026,0.0,0.0,1.0,0.0,1.0,0.0,0.0
1835027,0.0,0.0,1.0,0.0,0.0,0.0,0.0
1835028,0.0,0.0,1.0,0.0,1.0,0.0,0.0
1835030,0.0,0.0,1.0,0.0,0.0,0.0,0.0
1835046,0.0,0.0,1.0,0.0,1.0,0.0,0.0
1835047,0.0,0.0,1.0,0.0,2.0,0.0,0.0
1835048,0.0,0.0,1.0,0.0,0.0,0.0,0.0
1835276,0.0,0.0,1.0,0.0,1.0,0.0,0.0
1835277,0.0,0.0,1.0,0.0,0.0,0.0,0.0
1835282,0.0,0.0,1.0,0.0,1.0,0.0,0.0
1835285,0.0,0.0,1.0,0.0,0.0,0.0,0.0
1836882,0.0,0.0,0.0,0.0,0.0,0.0,0.0
1836885,0.0,0.0,1.0,0.0,0.0,0.0,0.0
1836894,0.0,0.0,0.0,0.0,0.0,0.0,0.0
1836895,0.0,0.0,1.0,0.0,0.0,0.0,0.0
1836984,0.0,0.0,0.0,0.0,0.0,0.0,0.0
1836989,0.0,0.0,1.0,0.0,0.0,0.0,0.0
1836991,0.0,0.0,0.0,0.0,0.0,0.0,0.0
1836994,0.0,0.0,1.0,0.0,0.0,0.0,0.0
1837038,0.0,0.0,0.0,0.0,0.0,0.0,0.0
1837039,0.0,0.0,1.0,0.0,0.0,0.0,0.0
1837046,0.0,0.0,0.0,0.0,0.0,0.0,0.0
1837053,0.0,0.0,1.0,0.0,0.0,0.0,0.0
1837054,0.0,0.0,0.0,0.0,0.0,0.0,0.0
1837055,0.0,0.0,1.0,0.0,0.0,0.0,0.0
1837058,0.0,0.0,0.0,0.0,0.0,0.0,0.0
1837061,0.0,0.0,1.0,0.0,0.0,0.0,0.0
1837062,0.0,0.0,0.0,0.0,0.0,0.0,0.0
1837076,0.0,0.0,1.0,0.0,0.0,0.0,0.0
1837077,0.0,0.0,0.0,0.0,0.0,0.0,0.0
1837084,0.0,0.0,1.0,0.0,0.0,0.0,0.0
1837093,0.0,0.0,0.0,0.0,0.0,0.0,0.0
1837107,0.0,0.0,1.0,0.0,0.0,0.0,0.0
1837109,0.0,0.0,0.0,0.0,0.0,0.0,0.0
1837110,0.0,0.0,1.0,0.0,0.0,0.0,0.0
1837117,0.0,0.0,0.0,0.0,0.0,0.0,0.0
1837119,0.0,0.0,1.0,0.0,0.0,0.0,0.0
1837120,0.0,0.0,0.0,0.0,0.0,0.0,0.0
1837135,0.0,0.0,1.0,0.0,0.0,0.0,0.0
1837136,0.0,0.0,0.0,0.0,0.0,0.0,0.0
1837256,0.0,0.0,1.0,0.0,0.0,0.0,0.0
1837257,0.0,0.0,0.0,0.0,0.0,0.0,0.0
1837278,0.0,0.0,1.0,0.0,0.0,0.0,0.0
1837281,0.0,0.0,0.0,0.0,0.0,0.0,0.0
1837283,0.0,0.0,1.0,0.0,0.0,0.0,0.0
1837585,0.0,0.0,1.0,0.0,1.0,0.0,0.0
1837586,0.0,0.0,1.0,0.0,0.0,0.0,0.0
1837595,0.0,0.0,1.0,0.0,1.0,0.0,0.0
1837596,0.0,0.0,1.0,0.0,0.0,0.0,0.0
1837597,0.0,0.0,1.0,0.0,1.0,0.0,0.0
1837598,0.0,0.0,1.0,0.0,0.0,0.0,0.0
1837819,0.0,0.0,1.0,0.0,1.0,0.0,0.0
1837822,0.0,0.0,1.0,0.0,2.0,0.0,0.0
1837823,0.0,0.0,1.0,0.0,0.0,0.0,0.0
1839111,0.0,0.0,0.0,0.0,0.0,0.0,0.0
1839114,0.0,0.0,1.0,0.0,0.0,0.0,0.0
1839115,0.0,0.0,0.0,0.0,0.0,0.0,0.0
1839124,0.0,0.0,1.0,0.0,0.0,0.0,0.0
1839134,0.0,0.0,0.0,0.0,0.0,0.0,0.0
1839135,0.0,0.0,1.0,0.0,0.0,0.0,0.0
1839138,0.0,0.0,0.0,0.0,0.0,0.0,0.0
1839140,0.0,0.0,1.0,0.0,0.0,0.0,0.0
1839150,0.0,0.0,0.0,0.0,0.0,0.0,0.0
1839161,0.0,0.0,1.0,0.0,0.0,0.0,0.0
1839162,0.0,0.0,0.0,0.0,0.0,0.0,0.0
1839163,0.0,0.0,1.0,0.0,0.0,0.0,0.0
1839166,0.0,0.0,0.0,0.0,0.0,0.0,0.0
1839229,0.0,0.0,1.0,0.0,0.0,0.0,0.0
1839252,0.0,0.0,0.0,0.0,0.0,0.0,0.0
1839273,0.0,0.0,1.0,0.0,0.0,0.0,0.0
1839330,0.0,0.0,0.0,0.0,0.0,0.0,0.0
1839331,0.0,0.0,1.0,0.0,0.0,0.0,0.0
1839334,0.0,0.0,0.0,0.0,0.0,0.0,0.0
1839335,0.0,0.0,1.0,0.0,0.0,0.0,0.0
1839365,0.0,0.0,0.0,0.0,0.0,0.0,0.0
1839376,0.0,0.0,1.0,0.0,0.0,0.0,0.0
1839381,0.0,0.0,0.0,0.0,0.0,0.0,0.0
1839382,0.0,0.0,1.0,0.0,0.0,0.0,0.0
1839384,0.0,0.0,0.0,0.0,0.0,0.0,0.0
1839387,0.0,0.0,1.0,0.0,0.0,0.0,0.0
1839388,0.0,0.0,0.0,0.0,0.0,0.0,0.0
1839390,0.0,0.0,1.0,0.0,0.0,0.0,0.0
1839396,0.0,0.0,0.0,0.0,0.0,0.0,0.0
1839397,0.0,0.0,1.0,0.0,0.0,0.0,0.0
1839560,0.0,0.0,0.0,0.0,0.0,0.0,0.0
1839561,0.0,0.0,1.0,0.0,0.0,0.0,0.0
1839572,0.0,0.0,0.0,0.0,0.0,0.0,0.0
1839573,0.0,0.0,1.0,0.0,0.0,0.0,0.0
1839592,0.0,0.0,0.0,0.0,0.0,0.0,0.0
1839593,0.0,0.0,1.0,0.0,0.0,0.0,0.0
1839685,0.0,0.0,0.0,0.0,0.0,0.0,0.0
1839687,0.0,0.0,1.0,0.0,0.0,0.0,0.0
1839689,0.0,0.0,0.0,0.0,0.0,0.0,0.0
1839703,0.0,0.0,1.0,0.0,0.0,0.0,0.0
1839780,0.0,0.0,1.0,0.0,1.0,0.0,0.0
1839781,0.0,0.0,1.0,0.0,0.0,0.0,0.0
1840229,0.0,0.0,1.0,0.0,1.0,0.0,0.0
1840230,0.0,0.0,1.0,0.0,0.0,0.0,0.0
1840264,0.0,0.0,1.0,0.0,1.0,0.0,0.0
1840265,0.0,0.0,1.0,0.0,0.0,0.0,0.0
1840664,0.0,0.0,1.0,0.0,1.0,0.0,0.0
1840665,0.0,0.0,1.0,0.0,0.0,0.0,0.0
1841398,0.0,0.0,0.0,0.0,0.0,0.0,0.0
1841404,0.0,0.0,1.0,0.0,0.0,0.0,0.0
1841405,0.0,0.0,0.0,0.0,0.0,0.0,0.0
1841407,0.0,0.0,1.0,0.0,0.0,0.0,0.0
1841409,0.0,0.0,0.0,0.0,0.0,0.0,0.0
1841411,0.0,0.0,1.0,0.0,0.0,0.0,0.0
1841413,0.0,0.0,0.0,0.0,0.0,0.0,0.0
1841647,0.0,0.0,1.0,0.0,0.0,0.0,0.0
1841648,0.0,0.0,0.0,0.0,0.0,0.0,0.0
1841651,0.0,0.0,1.0,0.0,0.0,0.0,0.0
1841652,0.0,0.0,0.0,0.0,0.0,0.0,0.0
1841654,0.0,0.0,1.0,0.0,0.0,0.0,0.0
1841671,0.0,0.0,0.0,0.0,0.0,0.0,0.0
1841672,0.0,0.0,1.0,0.0,0.0,0.0,0.0
1841679,0.0,0.0,0.0,0.0,0.0,0.0,0.0
1841681,0.0,0.0,1.0,0.0,0.0,0.0,0.0
1841683,0.0,0.0,0.0,0.0,0.0,0.0,0.0
1841684,0.0,0.0,1.0,0.0,0.0,0.0,0.0
1841687,0.0,0.0,0.0,0.0,0.0,0.0,0.0
1841688,0.0,0.0,1.0,0.0,0.0,0.0,0.0
1841695,0.0,0.0,0.0,0.0,0.0,0.0,0.0
1842389,0.0,0.0,1.0,0.0,0.0,0.0,0.0
1842390,0.0,0.0,0.0,0.0,0.0,0.0,0.0
1842397,0.0,0.0,1.0,0.0,0.0,0.0,0.0
1842398,0.0,0.0,0.0,0.0,0.0,0.0,0.0
1842401,0.0,0.0,1.0,0.0,0.0,0.0,0.0
1842402,0.0,0.0,0.0,0.0,0.0,0.0,0.0
1842403,0.0,0.0,1.0,0.0,0.0,0.0,0.0
1842406,0.0,0.0,0.0,0.0,0.0,0.0,0.0
1842411,0.0,0.0,1.0,0.0,0.0,0.0,0.0
1842418,0.0,0.0,0.0,0.0,0.0,0.0,0.0
1842420,0.0,0.0,1.0,0.0,0.0,0.0,0.0
1842422,0.0,0.0,0.0,0.0,0.0,0.0,0.0
1842428,0.0,0.0,1.0,0.0,0.0,0.0,0.0
1842433,0.0,0.0,0.0,0.0,0.0,0.0,0.0
1842434,0.0,0.0,1.0,0.0,0.0,0.0,0.0
1842437,0.0,0.0,0.0,0.0,0.0,0.0,0.0
1842440,0.0,0.0,1.0,0.0,0.0,0.0,0.0
1842441,0.0,0.0,0.0,0.0,0.0,0.0,0.0
1842538,0.0,0.0,1.0,0.0,0.0,0.0,0.0
1842539,0.0,0.0,0.0,0.0,0.0,0.0,0.0
1842544,0.0,0.0,1.0,0.0,0.0,0.0,0.0
1842547,0.0,0.0,0.0,0.0,0.0,0.0,0.0
1842548,0.0,0.0,1.0,0.0,0.0,0.0,0.0
1842551,0.0,0.0,0.0,0.0,0.0,0.0,0.0
1842560,0.0,0.0,1.0,0.0,0.0,0.0,0.0
1842562,0.0,0.0,0.0,0.0,0.0,0.0,0.0
1842569,0.0,0.0,1.0,0.0,0.0,0.0,0.0
1842570,0.0,0.0,0.0,0.0,0.0,0.0,0.0
1842572,0.0,0.0,1.0,0.0,0.0,0.0,0.0
1842574,0.0,0.0,0.0,0.0,0.0,0.0,0.0
1842580,0.0,0.0,1.0,0.0,0.0,0.0,0.0
1842582,0.0,0.0,0.0,0.0,0.0,0.0,0.0
1842583,0.0,0.0,1.0,0.0,0.0,0.0,0.0
1842594,0.0,0.0,0.0,0.0,0.0,0.0,0.0
1842595,0.0,0.0,1.0,0.0,0.0,0.0,0.0
1842984,0.0,0.0,0.0,0.0,0.0,0.0,0.0
1842985,0.0,0.0,1.0,0.0,0.0,0.0,0.0
1842988,0.0,0.0,0.0,0.0,0.0,0.0,0.0
1842989,0.0,0.0,1.0,0.0,0.0,0.0,0.0
1842992,0.0,0.0,0.0,0.0,0.0,0.0,0.0
1842994,0.0,0.0,1.0,0.0,0.0,0.0,0.0
1842996,0.0,0.0,0.0,0.0,0.0,0.0,0.0
1843003,0.0,0.0,1.0,0.0,0.0,0.0,0.0
1843004,0.0,0.0,0.0,0.0,0.0,0.0,0.0
1843007,0.0,0.0,1.0,0.0,0.0,0.0,0.0
1843016,0.0,0.0,0.0,0.0,0.0,0.0,0.0
1843178,0.0,0.0,1.0,0.0,0.0,0.0,0.0
1843489,0.0,0.0,0.0,0.0,0.0,0.0,0.0
1843948,0.0,0.0,0.0,0.0,1.0,0.0,0.0
1843950,0.0,0.0,0.0,0.0,2.0,0.0,0.0
1843951,0.0,0.0,0.0,0.0,0.0,0.0,0.0
1844895,0.0,0.0,0.0,0.0,1.0,0.0,0.0
1844896,0.0,0.0,0.0,0.0,0.0,0.0,0.0
1846581,0.0,0.0,0.0,0.0,1.0,0.0,0.0
1846582,0.0,0.0,0.0,0.0,0.0,0.0,0.0
1846583,0.0,0.0,0.0,0.0,1.0,0.0,0.0
1846584,0.0,0.0,0.0,0.0,0.0,0.0,0.0
1846763,0.0,0.0,0.0,0.0,1.0,0.0,0.0
1846764,0.0,0.0,0.0,0.0,0.0,0.0,0.0
1847038,0.0,0.0,0.0,0.0,1.0,0.0,0.0
1847043,0.0,0.0,0.0,0.0,2.0,0.0,0.0
1847044,0.0,0.0,0.0,0.0,0.0,0.0,0.0
1847316,0.0,0.0,0.0,0.0,1.0,0.0,0.0
1847317,0.0,0.0,0.0,0.0,0.0,0.0,0.0
1848241,0.0,0.0,0.0,0.0,1.0,0.0,0.0
1848243,0.0,0.0,0.0,0.0,0.0,0.0,0.0
1848244,0.0,0.0,0.0,0.0,1.0,0.0,0.0
1848245,0.0,0.0,0.0,0.0,0.0,0.0,0.0
1848246,0.0,0.0,0.0,0.0,1.0,0.0,0.0
1848247,0.0,0.0,0.0,0.0,0.0,0.0,0.0
1850993,0.0,0.0,0.0,0.0,1.0,0.0,0.0
1850995,0.0,0.0,0.0,0.0,2.0,0.0,0.0
1850996,0.0,0.0,0.0,0.0,0.0,0.0,0.0
1851253,0.0,0.0,0.0,0.0,1.0,0.0,0.0
1851254,0.0,0.0,0.0,0.0,0.0,0.0,0.0
1853405,0.0,0.0,0.0,0.0,1.0,0.0,0.0
1853406,0.0,0.0,0.0,0.0,0.0,0.0,0.0
1853407,0.0,0.0,0.0,0.0,1.0,0.0,0.0
1853408,0.0,0.0,0.0,0.0,0.0,0.0,0.0
1853679,0.0,0.0,0.0,0.0,1.0,0.0,0.0
1853680,0.0,0.0,0.0,0.0,0.0,0.0,0.0
1857862,0.0,0.0,0.0,0.0,1.0,0.0,0.0
1857865,0.0,0.0,0.0,0.0,0.0,0.0,0.0
1857866,0.0,0.0,0.0,0.0,1.0,0.0,0.0
1857867,0.0,0.0,0.0,0.0,0.0,0.0,0.0
1857868,0.0,0.0,0.0,0.0,1.0,0.0,0.0
1857870,0.0,0.0,0.0,0.0,0.0,0.0,0.0
1857871,0.0,0.0,0.0,0.0,1.0,0.0,0.0
1857876,0.0,0.0,0.0,0.0,0.0,0.0,0.0
1857982,0.0,0.0,0.0,1.0,0.0,0.0,0.0
1857983,0.0,0.0,0.0,0.0,0.0,0.0,0.0
1860195,0.0,0.0,0.0,0.0,1.0,0.0,0.0
1860196,0.0,0.0,0.0,0.0,0.0,0.0,0.0
1860197,0.0,0.0,0.0,0.0,1.0,0.0,0.0
1860199,0.0,0.0,0.0,0.0,2.0,0.0,0.0
1860200,0.0,0.0,0.0,0.0,0.0,0.0,0.0
1860715,0.0,0.0,0.0,0.0,1.0,0.0,0.0
1860717,0.0,0.0,0.0,0.0,2.0,0.0,0.0
1860718,0.0,0.0,0.0,0.0,0.0,0.0,0.0
1860892,0.0,0.0,0.0,0.0,1.0,0.0,0.0
1860893,0.0,0.0,0.0,0.0,0.0,0.0,0.0
1860903,0.0,0.0,0.0,0.0,1.0,0.0,0.0
1860904,0.0,0.0,0.0,0.0,0.0,0.0,0.0
1861790,0.0,0.0,0.0,0.0,1.0,0.0,0.0
1861792,0.0,0.0,0.0,0.0,0.0,0.0,0.0
1862103,0.0,0.0,0.0,0.0,1.0,0.0,0.0
1862104,0.0,0.0,0.0,0.0,0.0,0.0,0.0
1862108,0.0,0.0,0.0,0.0,1.0,0.0,0.0
1862109,0.0,0.0,0.0,0.0,0.0,0.0,0.0
1862303,0.0,0.0,0.0,0.0,1.0,0.0,0.0
1862304,0.0,0.0,0.0,0.0,0.0,0.0,0.0
1863226,0.0,0.0,0.0,0.0,1.0,0.0,0.0
1863227,0.0,0.0,0.0,0.0,0.0,0.0,0.0
1863228,0.0,0.0,0.0,0.0,1.0,0.0,0.0
1863229,0.0,0.0,0.0,0.0,0.0,0.0,0.0
1863230,0.0,0.0,0.0,0.0,1.0,0.0,0.0
1863232,0.0,0.0,0.0,0.0,0.0,0.0,0.0
1864033,0.0,0.0,0.0,0.0,1.0,0.0,0.0
1864037,0.0,0.0,0.0,0.0,0.0,0.0,0.0
1864295,0.0,0.0,0.0,0.0,1.0,0.0,0.0
1864296,0.0,0.0,0.0,0.0,0.0,0.0,0.0
1864300,0.0,0.0,0.0,0.0,1.0,0.0,0.0
1864301,0.0,0.0,0.0,0.0,0.0,0.0,0.0
1864305,0.0,0.0,0.0,0.0,1.0,0.0,0.0
1864308,0.0,0.0,0.0,0.0,0.0,0.0,0.0
1864309,0.0,0.0,0.0,0.0,1.0,0.0,0.0
1864310,0.0,0.0,0.0,0.0,2.0,0.0,0.0
1864311,0.0,0.0,0.0,0.0,0.0,0.0,0.0
1864495,0.0,0.0,0.0,0.0,1.0,0.0,0.0
1864496,0.0,0.0,0.0,0.0,0.0,0.0,0.0
1864497,0.0,0.0,0.0,0.0,1.0,0.0,0.0
1864499,0.0,0.0,0.0,0.0,0.0,0.0,0.0
1866153,0.0,0.0,0.0,0.0,1.0,0.0,0.0
1866154,0.0,0.0,0.0,0.0,0.0,0.0,0.0
1867101,0.0,0.0,0.0,0.0,1.0,0.0,0.0
1867102,0.0,0.0,0.0,0.0,0.0,0.0,0.0
1867111,0.0,0.0,0.0,0.0,1.0,0.0,0.0
1867112,0.0,0.0,0.0,0.0,0.0,0.0,0.0
1868408,0.0,0.0,0.0,0.0,1.0,0.0,0.0
1868409,0.0,0.0,0.0,0.0,0.0,0.0,0.0
1869529,0.0,0.0,0.0,0.0,1.0,0.0,0.0
1869530,0.0,0.0,0.0,0.0,0.0,0.0,0.0
1869735,0.0,0.0,0.0,0.0,1.0,0.0,0.0
1869736,0.0,0.0,0.0,0.0,0.0,0.0,0.0
1870741,0.0,0.0,0.0,0.0,1.0,0.0,0.0
1870742,0.0,0.0,0.0,0.0,0.0,0.0,0.0
1870746,0.0,0.0,0.0,0.0,1.0,0.0,0.0
1870747,0.0,0.0,0.0,0.0,0.0,0.0,0.0
1870748,0.0,0.0,0.0,0.0,1.0,0.0,0.0
1870756,0.0,0.0,0.0,0.0,0.0,0.0,0.0
1871682,0.0,0.0,0.0,0.0,1.0,0.0,0.0
1871685,0.0,0.0,0.0,0.0,0.0,0.0,0.0
1871686,0.0,0.0,0.0,0.0,1.0,0.0,0.0
1871690,0.0,0.0,0.0,0.0,0.0,0.0,0.0
1871691,0.0,0.0,0.0,0.0,1.0,0.0,0.0
1871694,0.0,0.0,0.0,0.0,0.0,0.0,0.0
1873520,0.0,0.0,0.0,0.0,1.0,0.0,0.0
1873523,0.0,0.0,0.0,0.0,0.0,0.0,0.0
1873524,0.0,0.0,0.0,0.0,1.0,0.0,0.0
1873525,0.0,0.0,0.0,0.0,0.0,0.0,0.0
1874115,0.0,0.0,0.0,0.0,1.0,0.0,0.0
1874116,0.0,0.0,0.0,0.0,0.0,0.0,0.0
1876490,0.0,0.0,0.0,0.0,1.0,0.0,0.0
1876491,0.0,0.0,0.0,0.0,0.0,0.0,0.0
1877401,0.0,0.0,0.0,0.0,1.0,0.0,0.0
1877404,0.0,0.0,0.0,0.0,0.0,0.0,0.0
1877632,0.0,0.0,0.0,0.0,1.0,0.0,0.0
1877633,0.0,0.0,0.0,0.0,0.0,0.0,0.0
1877945,0.0,0.0,0.0,0.0,1.0,0.0,0.0
1877946,0.0,0.0,0.0,0.0,0.0,0.0,0.0
1878386,0.0,0.0,0.0,0.0,1.0,0.0,0.0
1878390,0.0,0.0,0.0,0.0,0.0,0.0,0.0
1879540,0.0,0.0,0.0,0.0,1.0,0.0,0.0
1879541,0.0,0.0,0.0,0.0,0.0,0.0,0.0
1879542,0.0,0.0,0.0,0.0,1.0,0.0,0.0
1879545,0.0,0.0,0.0,0.0,0.0,0.0,0.0
1879549,0.0,0.0,0.0,0.0,1.0,0.0,0.0
1879550,0.0,0.0,0.0,0.0,0.0,0.0,0.0
1879557,0.0,0.0,0.0,0.0,1.0,0.0,0.0
1879558,0.0,0.0,0.0,0.0,0.0,0.0,0.0
1879559,0.0,0.0,0.0,0.0,1.0,0.0,0.0
1879560,0.0,0.0,0.0,0.0,0.0,0.0,0.0
1879561,0.0,0.0,0.0,0.0,1.0,0.0,0.0
1879567,0.0,0.0,0.0,0.0,0.0,0.0,0.0
1880560,0.0,0.0,0.0,0.0,1.0,0.0,0.0
1880561,0.0,0.0,0.0,0.0,0.0,0.0,0.0
1880936,0.0,0.0,0.0,0.0,1.0,0.0,0.0
1880937,0.0,0.0,0.0,0.0,0.0,0.0,0.0
1880941,0.0,0.0,0.0,0.0,1.0,0.0,0.0
1880951,0.0,0.0,0.0,0.0,0.0,0.0,0.0
1880952,0.0,0.0,0.0,0.0,1.0,0.0,0.0
1880953,0.0,0.0,0.0,0.0,0.0,0.0,0.0
1880958,0.0,0.0,0.0,0.0,1.0,0.0,0.0
1880965,0.0,0.0,0.0,0.0,0.0,0.0,0.0
1880966,0.0,0.0,0.0,0.0,1.0,0.0,0.0
1880968,0.0,0.0,0.0,0.0,0.0,0.0,0.0
1881411,0.0,0.0,0.0,0.0,1.0,0.0,0.0
1881413,0.0,0.0,0.0,0.0,2.0,0.0,0.0
1881414,0.0,0.0,0.0,0.0,0.0,0.0,0.0
1881846,0.0,0.0,0.0,0.0,1.0,0.0,0.0
1881850,0.0,0.0,0.0,0.0,0.0,0.0,0.0
1881851,0.0,0.0,0.0,0.0,1.0,0.0,0.0
1881854,0.0,0.0,0.0,0.0,0.0,0.0,0.0
1882203,0.0,0.0,0.0,0.0,1.0,0.0,0.0
1882204,0.0,0.0,0.0,0.0,0.0,0.0,0.0
1882205,0.0,0.0,0.0,0.0,1.0,0.0,0.0
1882208,0.0,0.0,0.0,0.0,0.0,0.0,0.0
1882209,0.0,0.0,0.0,0.0,1.0,0.0,0.0
1882210,0.0,0.0,0.0,0.0,0.0,0.0,0.0
1882211,0.0,0.0,0.0,0.0,1.0,0.0,0.0
1882212,0.0,0.0,0.0,0.0,0.0,0.0,0.0
1882233,0.0,0.0,0.0,0.0,1.0,0.0,0.0
1882234,0.0,0.0,0.0,0.0,0.0,0.0,0.0
1882238,0.0,0.0,0.0,0.0,1.0,0.0,0.0
1882239,0.0,0.0,0.0,0.0,0.0,0.0,0.0
1882723,0.0,0.0,0.0,0.0,1.0,0.0,0.0
1882724,0.0,0.0,0.0,0.0,0.0,0.0,0.0
1882725,0.0,0.0,0.0,0.0,1.0,0.0,0.0
1882726,0.0,0.0,0.0,0.0,0.0,0.0,0.0
1882727,0.0,0.0,0.0,0.0,1.0,0.0,0.0
1882729,0.0,0.0,0.0,0.0,2.0,0.0,0.0
1882730,0.0,0.0,0.0,1.0,0.0,0.0,0.0
1882732,0.0,0.0,0.0,0.0,0.0,0.0,0.0
1883317,0.0,0.0,0.0,0.0,1.0,0.0,0.0
1883320,0.0,0.0,0.0,0.0,0.0,0.0,0.0
1884006,0.0,0.0,0.0,0.0,1.0,0.0,0.0
1884007,0.0,0.0,0.0,0.0,0.0,0.0,0.0
1884008,0.0,0.0,0.0,0.0,1.0,0.0,0.0
1884010,0.0,0.0,0.0,0.0,0.0,0.0,0.0
1884059,0.0,0.0,0.0,0.0,1.0,0.0,0.0
1884061,0.0,0.0,0.0,0.0,2.0,0.0,0.0
1884062,0.0,0.0,0.0,0.0,0.0,0.0,0.0
1884315,0.0,0.0,0.0,0.0,1.0,0.0,0.0
1884317,0.0,0.0,0.0,0.0,2.0,0.0,0.0
1884318,0.0,0.0,0.0,0.0,0.0,0.0,0.0
1884744,0.0,0.0,0.0,0.0,1.0,0.0,0.0
1884746,0.0,0.0,0.0,0.0,2.0,0.0,0.0
1884747,0.0,0.0,0.0,0.0,0.0,0.0,0.0
1886375,0.0,0.0,0.0,0.0,1.0,0.0,0.0
1886376,0.0,0.0,0.0,0.0,0.0,0.0,0.0
1886435,0.0,0.0,0.0,0.0,1.0,0.0,0.0
1886438,0.0,0.0,0.0,0.0,0.0,0.0,0.0
1886439,0.0,0.0,0.0,0.0,1.0,0.0,0.0
1886443,0.0,0.0,0.0,0.0,0.0,0.0,0.0
1887548,0.0,0.0,0.0,0.0,1.0,0.0,0.0
1887554,0.0,0.0,0.0,0.0,0.0,0.0,0.0
1887555,0.0,0.0,0.0,0.0,1.0,0.0,0.0
1887557,0.0,0.0,0.0,0.0,0.0,0.0,0.0
1887560,0.0,0.0,0.0,0.0,1.0,0.0,0.0
1887564,0.0,0.0,0.0,0.0,0.0,0.0,0.0
1887565,0.0,0.0,0.0,0.0,1.0,0.0,0.0
1887566,0.0,0.0,0.0,0.0,0.0,0.0,0.0
1887573,0.0,0.0,0.0,0.0,1.0,0.0,0.0
1887574,0.0,0.0,0.0,0.0,0.0,0.0,0.0
1887576,0.0,0.0,0.0,0.0,1.0,0.0,0.0
1887577,0.0,0.0,0.0,0.0,0.0,0.0,0.0
1887588,0.0,0.0,0.0,0.0,1.0,0.0,0.0
1887591,0.0,0.0,0.0,0.0,2.0,0.0,0.0
1887592,0.0,0.0,0.0,0.0,0.0,0.0,0.0
1887976,0.0,0.0,0.0,0.0,1.0,0.0,0.0
1887978,0.0,0.0,0.0,0.0,0.0,0.0,0.0
1892529,0.0,0.0,0.0,0.0,1.0,0.0,0.0
1892533,0.0,0.0,0.0,0.0,2.0,0.0,0.0
1892534,0.0,0.0,0.0,0.0,0.0,0.0,0.0
1893195,0.0,0.0,0.0,0.0,1.0,0.0,0.0
1893196,0.0,0.0,0.0,0.0,0.0,0.0,0.0
1894440,0.0,0.0,0.0,0.0,1.0,0.0,0.0
1894441,0.0,0.0,0.0,0.0,0.0,0.0,0.0
1895014,0.0,0.0,0.0,0.0,1.0,0.0,0.0
1895019,0.0,0.0,0.0,0.0,0.0,0.0,0.0
1895021,0.0,0.0,0.0,0.0,1.0,0.0,0.0
1895022,0.0,0.0,0.0,0.0,0.0,0.0,0.0
1895285,0.0,0.0,0.0,0.0,1.0,0.0,0.0
1895286,0.0,0.0,0.0,0.0,0.0,0.0,0.0
1895287,0.0,0.0,0.0,0.0,1.0,0.0,0.0
1895288,0.0,0.0,0.0,0.0,0.0,0.0,0.0
1895290,0.0,0.0,0.0,0.0,1.0,0.0,0.0
1895291,0.0,0.0,0.0,0.0,0.0,0.0,0.0
1896030,0.0,0.0,0.0,0.0,1.0,0.0,0.0
1896032,0.0,0.0,0.0,0.0,0.0,0.0,0.0
1897155,0.0,0.0,0.0,0.0,1.0,0.0,0.0
1897156,0.0,0.0,0.0,0.0,0.0,0.0,0.0
1897445,0.0,0.0,0.0,0.0,1.0,0.0,0.0
1897446,0.0,0.0,0.0,0.0,0.0,0.0,0.0
1898019,0.0,0.0,0.0,0.0,1.0,0.0,0.0
1898020,0.0,0.0,0.0,0.0,0.0,0.0,0.0
1898712,0.0,0.0,0.0,0.0,1.0,0.0,0.0
1898713,0.0,0.0,0.0,0.0,0.0,0.0,0.0
1899074,0.0,0.0,0.0,0.0,1.0,0.0,0.0
1899076,0.0,0.0,0.0,0.0,2.0,0.0,0.0
1899077,0.0,0.0,0.0,0.0,0.0,0.0,0.0
1901350,0.0,0.0,0.0,0.0,1.0,0.0,0.0
1901351,0.0,0.0,0.0,0.0,0.0,0.0,0.0
1902161,0.0,0.0,0.0,1.0,0.0,0.0,0.0
1902162,0.0,0.0,0.0,0.0,0.0,0.0,0.0
1905219,0.0,0.0,0.0,0.0,1.0,0.0,0.0
1905220,0.0,0.0,0.0,0.0,0.0,0.0,0.0
1905480,0.0,0.0,0.0,0.0,1.0,0.0,0.0
1905484,0.0,0.0,0.0,0.0,0.0,0.0,0.0
1905485,0.0,0.0,0.0,0.0,1.0,0.0,0.0
1905486,0.0,0.0,0.0,0.0,0.0,0.0,0.0
1905676,0.0,0.0,0.0,0.0,1.0,0.0,0.0
1905677,0.0,0.0,0.0,0.0,0.0,0.0,0.0
1905678,0.0,0.0,0.0,0.0,1.0,0.0,0.0
1905679,0.0,0.0,0.0,0.0,0.0,0.0,0.0
1905680,0.0,0.0,0.0,0.0,1.0,0.0,0.0
1905684,0.0,0.0,0.0,0.0,0.0,0.0,0.0
1905685,0.0,0.0,0.0,0.0,1.0,0.0,0.0
1905687,0.0,0.0,0.0,0.0,0.0,0.0,0.0
1905688,0.0,0.0,0.0,0.0,1.0,0.0,0.0
1905689,0.0,0.0,0.0,0.0,0.0,0.0,0.0
1905828,0.0,0.0,0.0,0.0,1.0,0.0,0.0
1905829,0.0,0.0,0.0,0.0,0.0,0.0,0.0
1905830,0.0,0.0,0.0,0.0,1.0,0.0,0.0
1905831,0.0,0.0,0.0,0.0,0.0,0.0,0.0
1905832,0.0,0.0,0.0,0.0,1.0,0.0,0.0
1905833,0.0,0.0,0.0,0.0,2.0,0.0,0.0
1905834,0.0,0.0,0.0,0.0,0.0,0.0,0.0
1906543,0.0,0.0,0.0,0.0,1.0,0.0,0.0
1906544,0.0,0.0,0.0,0.0,0.0,0.0,0.0
1908269,0.0,0.0,0.0,0.0,1.0,0.0,0.0
1908271,0.0,0.0,0.0,0.0,0.0,0.0,0.0
1908272,0.0,0.0,0.0,0.0,1.0,0.0,0.0
1908273,0.0,0.0,0.0,0.0,0.0,0.0,0.0
1909429,0.0,0.0,0.0,0.0,1.0,0.0,0.0
1909431,0.0,0.0,0.0,0.0,0.0,0.0,0.0
1912437,0.0,0.0,0.0,0.0,1.0,0.0,0.0
1912441,0.0,0.0,0.0,0.0,0.0,0.0,0.0
1912442,0.0,0.0,0.0,0.0,1.0,0.0,0.0
1912447,0.0,0.0,0.0,0.0,2.0,0.0,0.0
1912448,0.0,0.0,0.0,0.0,0.0,0.0,0.0
1915511,0.0,0.0,0.0,0.0,1.0,0.0,0.0
1915513,0.0,0.0,0.0,0.0,2.0,0.0,0.0
1915514,0.0,0.0,0.0,0.0,0.0,0.0,0.0
1916876,0.0,0.0,0.0,0.0,1.0,0.0,0.0
1916877,0.0,0.0,0.0,0.0,0.0,0.0,0.0
1916886,0.0,0.0,0.0,0.0,1.0,0.0,0.0
1916887,0.0,0.0,0.0,0.0,0.0,0.0,0.0
1917248,0.0,0.0,0.0,0.0,1.0,0.0,0.0
1917249,0.0,0.0,0.0,0.0,0.0,0.0,0.0
1917250,0.0,0.0,0.0,0.0,1.0,0.0,0.0
1917251,0.0,0.0,0.0,0.0,0.0,0.0,0.0
1917253,0.0,0.0,0.0,0.0,1.0,0.0,0.0
1917254,0.0,0.0,0.0,0.0,0.0,0.0,0.0
1918141,0.0,0.0,0.0,0.0,1.0,0.0,0.0
1918142,0.0,0.0,0.0,0.0,0.0,0.0,0.0
1921279,0.0,0.0,0.0,0.0,1.0,0.0,0.0
1921280,0.0,0.0,0.0,0.0,0.0,0.0,0.0
1922437,0.0,0.0,0.0,0.0,1.0,0.0,0.0
1922438,0.0,0.0,0.0,0.0,0.0,0.0,0.0
1922442,0.0,0.0,0.0,0.0,1.0,0.0,0.0
1922443,0.0,0.0,0.0,0.0,0.0,0.0,0.0
1922643,0.0,0.0,0.0,0.0,1.0,0.0,0.0
1922644,0.0,0.0,0.0,0.0,0.0,0.0,0.0
1925439,0.0,0.0,0.0,0.0,1.0,0.0,0.0
1925440,0.0,0.0,0.0,0.0,0.0,0.0,0.0
1926038,0.0,0.0,0.0,0.0,1.0,0.0,0.0
1926040,0.0,0.0,0.0,0.0,2.0,0.0,0.0
1926041,0.0,0.0,0.0,0.0,0.0,0.0,0.0
1926063,0.0,0.0,0.0,1.0,0.0,0.0,0.0
1926064,0.0,0.0,0.0,0.0,0.0,0.0,0.0
1926456,0.0,0.0,0.0,0.0,1.0,0.0,0.0
1926458,0.0,0.0,0.0,0.0,0.0,0.0,0.0
1926459,0.0,0.0,0.0,0.0,1.0,0.0,0.0
1926460,0.0,0.0,0.0,0.0,0.0,0.0,0.0
1926470,0.0,0.0,0.0,0.0,1.0,0.0,0.0
1926471,0.0,0.0,0.0,0.0,0.0,0.0,0.0
1926472,0.0,0.0,0.0,1.0,1.0,0.0,0.0
1926473,0.0,0.0,0.0,0.0,1.0,0.0,0.0
1926474,0.0,0.0,0.0,0.0,0.0,0.0,0.0
1926477,0.0,0.0,0.0,1.0,1.0,0.0,0.0
1926481,0.0,0.0,0.0,1.0,0.0,0.0,0.0
1926483,0.0,0.0,0.0,0.0,0.0,0.0,0.0
1929754,0.0,0.0,0.0,0.0,1.0,0.0,0.0
1929755,0.0,0.0,0.0,0.0,0.0,0.0,0.0
1931035,0.0,0.0,0.0,0.0,1.0,0.0,0.0
1931037,0.0,0.0,0.0,0.0,0.0,0.0,0.0
1932692,0.0,0.0,0.0,0.0,1.0,0.0,0.0
1932695,0.0,0.0,0.0,0.0,0.0,0.0,0.0
1932696,0.0,0.0,0.0,0.0,1.0,0.0,0.0
1932701,0.0,0.0,0.0,1.0,2.0,0.0,0.0
1932702,0.0,0.0,0.0,1.0,0.0,0.0,0.0
1932703,0.0,0.0,0.0,0.0,0.0,0.0,0.0
1932704,0.0,0.0,0.0,1.0,0.0,0.0,0.0
1932706,0.0,0.0,0.0,0.0,0.0,0.0,0.0
1935744,0.0,0.0,0.0,0.0,1.0,0.0,0.0
1935745,0.0,0.0,0.0,0.0,0.0,0.0,0.0
1941797,0.0,0.0,0.0,0.0,1.0,0.0,0.0
1941798,0.0,0.0,0.0,0.0,0.0,0.0,0.0
1943584,0.0,0.0,0.0,0.0,1.0,0.0,0.0
1943585,0.0,0.0,0.0,0.0,0.0,0.0,0.0
1943761,0.0,0.0,0.0,0.0,1.0,0.0,0.0
1943762,0.0,0.0,0.0,0.0,0.0,0.0,0.0
1943813,0.0,0.0,0.0,0.0,1.0,0.0,0.0
1943814,0.0,0.0,0.0,0.0,0.0,0.0,0.0
1944894,0.0,0.0,0.0,0.0,1.0,0.0,0.0
1944895,0.0,0.0,0.0,0.0,0.0,0.0,0.0
1945266,0.0,0.0,0.0,0.0,1.0,0.0,0.0
1945267,0.0,0.0,0.0,0.0,0.0,0.0,0.0
1945268,0.0,0.0,0.0,0.0,1.0,0.0,0.0
1945269,0.0,0.0,0.0,0.0,0.0,0.0,0.0
1946846,0.0,0.0,0.0,0.0,1.0,0.0,0.0
1946847,0.0,0.0,0.0,0.0,0.0,0.0,0.0
1950503,0.0,0.0,0.0,0.0,1.0,0.0,0.0
1950508,0.0,0.0,0.0,0.0,0.0,0.0,0.0
1951829,0.0,0.0,0.0,0.0,1.0,0.0,0.0
1951830,0.0,0.0,0.0,0.0,0.0,0.0,0.0
1951832,0.0,0.0,0.0,0.0,1.0,0.0,0.0
1951835,0.0,0.0,0.0,0.0,0.0,0.0,0.0
1955933,0.0,0.0,0.0,0.0,1.0,0.0,0.0
1955934,0.0,0.0,0.0,0.0,0.0,0.0,0.0
1959263,0.0,0.0,0.0,0.0,1.0,0.0,0.0
1959264,0.0,0.0,0.0,0.0,0.0,0.0,0.0
1959268,0.0,0.0,0.0,0.0,1.0,0.0,0.0
1959269,0.0,0.0,0.0,0.0,0.0,0.0,0.0
1959275,0.0,0.0,0.0,0.0,1.0,0.0,0.0
1959279,0.0,0.0,0.0,0.0,0.0,0.0,0.0
1960512,0.0,0.0,0.0,0.0,1.0,0.0,0.0
1960513,0.0,0.0,0.0,0.0,0.0,0.0,0.0
1962026,0.0,0.0,0.0,0.0,1.0,0.0,0.0
1962027,0.0,0.0,0.0,0.0,0.0,0.0,0.0
1962031,0.0,0.0,0.0,0.0,1.0,0.0,0.0
1962032,0.0,0.0,0.0,0.0,0.0,0.0,0.0
1962034,0.0,0.0,0.0,0.0,1.0,0.0,0.0
1962035,0.0,0.0,0.0,0.0,0.0,0.0,0.0
1962039,0.0,0.0,0.0,0.0,1.0,0.0,0.0
1962040,0.0,0.0,0.0,0.0,0.0,0.0,0.0
1962041,0.0,0.0,0.0,0.0,1.0,0.0,0.0
1962042,0.0,0.0,0.0,0.0,0.0,0.0,0.0
1962946,0.0,0.0,0.0,0.0,1.0,0.0,0.0
1962947,0.0,0.0,0.0,0.0,0.0,0.0,0.0
1963236,0.0,0.0,0.0,0.0,1.0,0.0,0.0
1963237,0.0,0.0,0.0,0.0,0.0,0.0,0.0
1964942,0.0,0.0,0.0,0.0,1.0,0.0,0.0
1964945,0.0,0.0,0.0,0.0,0.0,0.0,0.0
1964946,0.0,0.0,0.0,0.0,1.0,0.0,0.0
1964949,0.0,0.0,0.0,0.0,0.0,0.0,0.0
1965250,0.0,0.0,0.0,0.0,1.0,0.0,0.0
1965253,0.0,0.0,0.0,0.0,0.0,0.0,0.0
1965255,0.0,0.0,0.0,0.0,1.0,0.0,0.0
1965256,0.0,0.0,0.0,0.0,0.0,0.0,0.0
1965260,0.0,0.0,0.0,0.0,1.0,0.0,0.0
1965261,0.0,0.0,0.0,0.0,0.0,0.0,0.0
1965262,0.0,0.0,0.0,0.0,1.0,0.0,0.0
1965263,0.0,0.0,0.0,0.0,0.0,0.0,0.0
1965690,0.0,0.0,0.0,0.0,1.0,0.0,0.0
1965691,0.0,0.0,0.0,0.0,0.0,0.0,0.0
1969320,0.0,0.0,0.0,0.0,1.0,0.0,0.0
1969321,0.0,0.0,0.0,0.0,0.0,0.0,0.0
1973154,0.0,0.0,0.0,0.0,1.0,0.0,0.0
1973155,0.0,0.0,0.0,0.0,0.0,0.0,0.0
1973156,0.0,0.0,0.0,0.0,1.0,0.0,0.0
1973160,0.0,0.0,0.0,0.0,0.0,0.0,0.0
1973161,0.0,0.0,0.0,0.0,1.0,0.0,0.0
1973163,0.0,0.0,0.0,0.0,2.0,0.0,0.0
1973164,0.0,0.0,0.0,0.0,0.0,0.0,0.0
1973542,0.0,0.0,0.0,0.0,1.0,0.0,0.0
1973543,0.0,0.0,0.0,0.0,0.0,0.0,0.0
1976120,0.0,0.0,0.0,0.0,1.0,0.0,0.0
1976121,0.0,0.0,0.0,0.0,0.0,0.0,0.0
1976783,0.0,0.0,0.0,0.0,1.0,0.0,0.0
1976784,0.0,0.0,0.0,0.0,0.0,0.0,0.0
1976785,0.0,0.0,0.0,0.0,1.0,0.0,0.0
1976786,0.0,0.0,0.0,0.0,0.0,0.0,0.0
1976788,0.0,0.0,0.0,0.0,1.0,0.0,0.0
1976789,0.0,0.0,0.0,0.0,0.0,0.0,0.0
1978420,0.0,0.0,0.0,0.0,1.0,0.0,0.0
1978421,0.0,0.0,0.0,0.0,0.0,0.0,0.0
1978933,0.0,0.0,0.0,0.0,1.0,0.0,0.0
1978934,0.0,0.0,0.0,0.0,0.0,0.0,0.0
1979552,0.0,0.0,0.0,0.0,1.0,0.0,0.0
1979553,0.0,0.0,0.0,0.0,0.0,0.0,0.0
1980530,0.0,0.0,0.0,0.0,1.0,0.0,0.0
1980531,0.0,0.0,0.0,0.0,0.0,0.0,0.0
1980534,0.0,0.0,0.0,0.0,1.0,0.0,0.0
1980536,0.0,0.0,0.0,0.0,0.0,0.0,0.0
1983346,0.0,0.0,0.0,1.0,0.0,0.0,0.0
1983347,0.0,0.0,0.0,0.0,0.0,0.0,0.0
1983940,0.0,0.0,0.0,0.0,1.0,0.0,0.0
1983941,0.0,0.0,0.0,0.0,0.0,0.0,0.0
1983947,0.0,0.0,0.0,0.0,1.0,0.0,0.0
1983949,0.0,0.0,0.0,0.0,0.0,0.0,0.0
1983952,0.0,0.0,0.0,0.0,1.0,0.0,0.0
1983956,0.0,0.0,0.0,0.0,0.0,0.0,0.0
1983957,0.0,0.0,0.0,0.0,1.0,0.0,0.0
1983959,0.0,0.0,0.0,0.0,0.0,0.0,0.0
1985783,0.0,0.0,0.0,0.0,1.0,0.0,0.0
1985786,0.0,0.0,0.0,0.0,0.0,0.0,0.0
1985793,0.0,0.0,0.0,0.0,1.0,0.0,0.0
1985794,0.0,0.0,0.0,0.0,0.0,0.0,0.0
1986005,0.0,0.0,0.0,0.0,1.0,0.0,0.0
1986008,0.0,0.0,0.0,0.0,0.0,0.0,0.0
1987064,0.0,0.0,0.0,1.0,0.0,0.0,0.0
1987065,0.0,0.0,0.0,1.0,1.0,0.0,0.0
1987066,0.0,0.0,0.0,1.0,0.0,0.0,0.0
1987067,0.0,0.0,0.0,1.0,1.0,0.0,0.0
1987069,0.0,0.0,0.0,0.0,1.0,0.0,0.0
1987070,0.0,0.0,0.0,0.0,0.0,0.0,0.0
1987309,0.0,0.0,0.0,0.0,1.0,0.0,0.0
1987313,0.0,0.0,0.0,0.0,0.0,0.0,0.0
1987950,0.0,0.0,0.0,0.0,1.0,0.0,0.0
1987953,0.0,0.0,0.0,0.0,2.0,0.0,0.0
1987954,0.0,0.0,0.0,0.0,0.0,0.0,0.0
1992132,0.0,0.0,0.0,0.0,1.0,0.0,0.0
1992133,0.0,0.0,0.0,0.0,0.0,0.0,0.0
1992327,0.0,0.0,0.0,0.0,1.0,0.0,0.0
1992328,0.0,0.0,0.0,0.0,0.0,0.0,0.0
1992330,0.0,0.0,0.0,0.0,1.0,0.0,0.0
1992331,0.0,0.0,0.0,0.0,0.0,0.0,0.0
1993358,0.0,0.0,0.0,0.0,1.0,0.0,0.0
1993359,0.0,0.0,0.0,0.0,0.0,0.0,0.0
1995575,0.0,0.0,0.0,0.0,1.0,0.0,0.0
1995576,0.0,0.0,0.0,0.0,0.0,0.0,0.0
2000000,0.0,0.0,0.0,0.0,0.0,0.0,1.0
2000001,0.0,0.0,0.0,0.0,0.0,0.0,0.0
2000064,0.0,0.0,0.0,0.0,1.0,0.0,0.0
2000065,0.0,0.0,0.0,0.0,0.0,0.0,0.0
2000066,0.0,0.0,0.0,0.0,1.0,0.0,0.0
2000068,0.0,0.0,0.0,0.0,0.0,0.0,0.0
2000069,0.0,0.0,0.0,0.0,1.0,0.0,0.0
2000070,0.0,0.0,0.0,0.0,0.0,0.0,0.0
2000237,0.0,0.0,0.0,0.0,1.0,0.0,0.0
2000238,0.0,0.0,0.0,0.0,0.0,0.0,0.0
2001009,0.0,0.0,0.0,0.0,1.0,0.0,0.0
2001010,0.0,0.0,0.0,0.0,0.0,0.0,0.0
2001489,0.0,0.0,0.0,0.0,1.0,0.0,0.0
2001493,0.0,0.0,0.0,0.0,0.0,0.0,0.0
2001534,0.0,0.0,0.0,0.0,1.0,0.0,0.0
2001535,0.0,0.0,0.0,0.0,0.0,0.0,0.0
2002017,0.0,0.0,0.0,0.0,1.0,0.0,0.0
2002021,0.0,0.0,0.0,0.0,0.0,0.0,0.0
2002301,0.0,0.0,0.0,1.0,1.0,0.0,0.0
2002305,0.0,0.0,0.0,1.0,2.0,0.0,0.0
2002306,0.0,0.0,0.0,1.0,0.0,0.0,0.0
2002322,2.0,0.0,0.0,1.0,0.0,1.0,0.0
2002323,0.0,0.0,0.0,0.0,0.0,0.0,0.0
2002373,0.0,0.0,1.0,0.0,0.0,0.0,0.0
2002374,0.0,0.0,1.0,1.0,0.0,0.0,0.0
2002375,0.0,0.0,1.0,0.0,0.0,0.0,0.0
2002385,0.0,0.0,0.0,0.0,0.0,0.0,0.0
2003164,0.0,0.0,0.0,1.0,1.0,0.0,0.0
2003165,0.0,0.0,0.0,0.0,0.0,0.0,0.0
2003451,0.0,0.0,0.0,0.0,1.0,0.0,0.0
2003452,0.0,0.0,0.0,0.0,0.0,0.0,0.0
2003458,0.0,0.0,0.0,0.0,1.0,0.0,0.0
2003460,0.0,0.0,0.0,0.0,2.0,0.0,0.0
2003461,0.0,0.0,0.0,0.0,0.0,0.0,0.0
2003507,0.0,0.0,1.0,0.0,0.0,0.0,0.0
2003508,0.0,0.0,0.0,0.0,0.0,0.0,0.0
2003510,0.0,0.0,1.0,0.0,0.0,0.0,0.0
2003512,0.0,0.0,0.0,0.0,0.0,0.0,0.0
2003513,0.0,0.0,1.0,0.0,0.0,0.0,0.0
2003516,0.0,0.0,0.0,0.0,0.0,0.0,0.0
2003519,0.0,0.0,1.0,0.0,0.0,0.0,0.0
2003524,0.0,0.0,0.0,0.0,0.0,0.0,0.0
2003534,0.0,0.0,1.0,0.0,0.0,0.0,0.0
2003535,0.0,0.0,0.0,0.0,0.0,0.0,0.0
2003537,0.0,0.0,1.0,0.0,0.0,0.0,0.0
2003543,0.0,0.0,0.0,0.0,0.0,0.0,0.0
2003544,0.0,0.0,1.0,0.0,0.0,0.0,0.0
2003562,0.0,0.0,0.0,0.0,0.0,0.0,0.0
2003563,0.0,0.0,1.0,0.0,0.0,0.0,0.0
2003570,0.0,0.0,0.0,0.0,0.0,0.0,0.0
2003572,0.0,0.0,1.0,0.0,0.0,0.0,0.0
2003574,0.0,0.0,0.0,0.0,0.0,0.0,0.0
2003581,0.0,0.0,1.0,0.0,0.0,0.0,0.0
2003582,0.0,0.0,0.0,0.0,0.0,0.0,0.0
2003592,0.0,0.0,1.0,0.0,0.0,0.0,0.0
2003593,0.0,0.0,0.0,0.0,0.0,0.0,0.0
2003594,0.0,0.0,1.0,0.0,0.0,0.0,0.0
2003597,0.0,0.0,0.0,0.0,0.0,0.0,0.0
2003598,0.0,0.0,1.0,0.0,0.0,0.0,0.0
2003616,0.0,0.0,0.0,0.0,0.0,0.0,0.0
2003617,0.0,0.0,1.0,0.0,0.0,0.0,0.0
2003620,0.0,0.0,0.0,0.0,0.0,0.0,0.0
2003622,0.0,0.0,1.0,0.0,0.0,0.0,0.0
2003624,0.0,0.0,0.0,0.0,0.0,0.0,0.0
2003625,0.0,0.0,1.0,0.0,0.0,0.0,0.0
2003628,0.0,0.0,0.0,0.0,0.0,0.0,0.0
2003634,0.0,0.0,1.0,0.0,0.0,0.0,0.0
2003635,0.0,0.0,0.0,0.0,0.0,0.0,0.0
2003637,0.0,0.0,1.0,0.0,0.0,0.0,0.0
2003639,0.0,0.0,0.0,0.0,0.0,0.0,0.0
2003654,0.0,0.0,1.0,0.0,0.0,0.0,0.0
2003666,0.0,0.0,0.0,0.0,0.0,0.0,0.0
2003668,0.0,0.0,1.0,0.0,0.0,0.0,0.0
2003674,0.0,0.0,0.0,0.0,0.0,0.0,0.0
2003681,0.0,0.0,1.0,0.0,0.0,0.0,0.0
2003682,0.0,0.0,0.0,0.0,0.0,0.0,0.0
2003685,0.0,0.0,1.0,0.0,0.0,0.0,0.0
2003693,0.0,0.0,0.0,0.0,0.0,0.0,0.0
2003695,0.0,0.0,1.0,0.0,0.0,0.0,0.0
2003697,0.0,0.0,0.0,0.0,0.0,0.0,0.0
2003700,0.0,0.0,1.0,0.0,0.0,0.0,0.0
2003705,0.0,0.0,0.0,0.0,0.0,0.0,0.0
2003754,0.0,0.0,1.0,0.0,0.0,0.0,0.0
2003759,0.0,0.0,0.0,0.0,0.0,0.0,0.0
2003760,0.0,0.0,1.0,0.0,0.0,0.0,0.0
2003763,0.0,0.0,0.0,0.0,0.0,0.0,0.0
2003764,0.0,0.0,1.0,0.0,0.0,0.0,0.0
2003766,0.0,0.0,0.0,0.0,0.0,0.0,0.0
2003768,0.0,0.0,1.0,0.0,0.0,0.0,0.0
2003774,0.0,0.0,0.0,0.0,0.0,0.0,0.0
2003777,0.0,0.0,1.0,0.0,0.0,0.0,0.0
2003778,0.0,0.0,0.0,0.0,0.0,0.0,0.0
2003779,0.0,0.0,1.0,0.0,0.0,0.0,0.0
2003786,0.0,0.0,0.0,0.0,0.0,0.0,0.0
2003792,0.0,0.0,1.0,0.0,0.0,0.0,0.0
2003793,0.0,0.0,0.0,0.0,0.0,0.0,0.0
2003810,0.0,0.0,1.0,0.0,0.0,0.0,0.0
2003836,0.0,0.0,0.0,0.0,0.0,0.0,0.0
2003837,0.0,0.0,1.0,0.0,0.0,0.0,0.0
2003840,0.0,0.0,0.0,0.0,0.0,0.0,0.0
2003842,0.0,0.0,1.0,0.0,0.0,0.0,0.0
2003843,0.0,0.0,0.0,0.0,0.0,0.0,0.0
2003849,0.0,0.0,1.0,0.0,0.0,0.0,0.0
2003855,0.0,0.0,0.0,0.0,0.0,0.0,0.0
2004110,0.0,0.0,0.0,0.0,1.0,0.0,0.0
2004111,0.0,0.0,0.0,0.0,0.0,0.0,0.0
2006017,0.0,0.0,0.0,0.0,1.0,0.0,0.0
2006018,0.0,0.0,0.0,0.0,0.0,0.0,0.0
2006019,0.0,0.0,0.0,0.0,1.0,0.0,0.0
2006020,0.0,0.0,0.0,0.0,0.0,0.0,0.0
2006021,0.0,0.0,0.0,0.0,1.0,0.0,0.0
2006024,0.0,0.0,0.0,0.0,2.0,0.0,0.0
2006025,0.0,0.0,0.0,0.0,0.0,0.0,0.0
2007464,0.0,0.0,0.0,1.0,0.0,0.0,0.0
2007465,0.0,0.0,0.0,0.0,0.0,0.0,0.0
2008375,0.0,0.0,0.0,0.0,1.0,0.0,0.0
2008376,0.0,0.0,0.0,0.0,0.0,0.0,0.0
2008614,0.0,0.0,0.0,0.0,1.0,0.0,0.0
2008615,0.0,0.0,0.0,0.0,0.0,0.0,0.0
2008716,0.0,0.0,0.0,0.0,1.0,0.0,0.0
2008719,0.0,0.0,0.0,0.0,0.0,0.0,0.0
2009495,0.0,0.0,1.0,0.0,0.0,0.0,0.0
2009496,0.0,0.0,0.0,0.0,0.0,0.0,0.0
2009750,0.0,0.0,1.0,0.0,0.0,0.0,0.0
2009753,0.0,0.0,1.0,0.0,1.0,0.0,0.0
2009754,0.0,0.0,1.0,0.0,0.0,0.0,0.0
2009791,0.0,0.0,0.0,0.0,0.0,0.0,0.0
2009802,0.0,0.0,1.0,0.0,0.0,0.0,0.0
2009803,0.0,0.0,0.0,0.0,0.0,0.0,0.0
2009920,0.0,0.0,1.0,0.0,0.0,0.0,0.0
2009922,0.0,0.0,0.0,0.0,0.0,0.0,0.0
2009924,0.0,0.0,1.0,0.0,0.0,0.0,0.0
2009930,0.0,0.0,0.0,0.0,0.0,0.0,0.0
2009932,0.0,0.0,1.0,0.0,0.0,0.0,0.0
2009958,0.0,0.0,0.0,0.0,0.0,0.0,0.0
2009965,0.0,0.0,1.0,0.0,0.0,0.0,0.0
2009966,0.0,0.0,0.0,0.0,0.0,0.0,0.0
2009967,0.0,0.0,1.0,0.0,0.0,0.0,0.0
2009974,0.0,0.0,0.0,0.0,0.0,0.0,0.0
2009975,0.0,0.0,1.0,0.0,0.0,0.0,0.0
2009982,0.0,0.0,0.0,0.0,0.0,0.0,0.0
2010011,0.0,0.0,1.0,0.0,0.0,0.0,0.0
2010046,0.0,0.0,0.0,0.0,0.0,0.0,0.0
2010064,0.0,0.0,1.0,0.0,0.0,0.0,0.0
2010065,0.0,0.0,0.0,0.0,0.0,0.0,0.0
2010067,0.0,0.0,1.0,0.0,0.0,0.0,0.0
2010073,0.0,0.0,0.0,0.0,0.0,0.0,0.0
2010083,0.0,0.0,1.0,0.0,0.0,0.0,0.0
2010085,0.0,0.0,0.0,0.0,0.0,0.0,0.0
2010091,0.0,0.0,1.0,0.0,0.0,0.0,0.0
2010093,0.0,0.0,0.0,0.0,0.0,0.0,0.0
2010094,0.0,0.0,1.0,0.0,0.0,0.0,0.0
2010097,0.0,0.0,0.0,0.0,0.0,0.0,0.0
2010104,0.0,0.0,1.0,0.0,0.0,0.0,0.0
2010105,0.0,0.0,0.0,0.0,0.0,0.0,0.0
2010130,0.0,0.0,1.0,0.0,0.0,0.0,0.0
2010221,0.0,0.0,0.0,0.0,0.0,0.0,0.0
2010226,0.0,0.0,1.0,0.0,0.0,0.0,0.0
2010229,0.0,0.0,0.0,0.0,0.0,0.0,0.0
2010230,0.0,0.0,1.0,0.0,0.0,0.0,0.0
2010233,0.0,0.0,0.0,0.0,0.0,0.0,0.0
2010235,0.0,0.0,1.0,0.0,0.0,0.0,0.0
2010273,0.0,0.0,0.0,0.0,0.0,0.0,0.0
2010275,0.0,0.0,1.0,0.0,0.0,0.0,0.0
2010277,0.0,0.0,0.0,0.0,0.0,0.0,0.0
2010278,0.0,0.0,1.0,0.0,0.0,0.0,0.0
2010281,0.0,0.0,0.0,0.0,0.0,0.0,0.0
2010283,0.0,0.0,1.0,0.0,0.0,0.0,0.0
2010292,0.0,0.0,0.0,0.0,0.0,0.0,0.0
2010813,0.0,0.0,1.0,0.0,0.0,0.0,0.0
2010822,0.0,0.0,0.0,0.0,0.0,0.0,0.0
2010828,0.0,0.0,1.0,0.0,0.0,0.0,0.0
2010842,0.0,0.0,0.0,0.0,0.0,0.0,0.0
2010843,0.0,0.0,1.0,0.0,0.0,0.0,0.0
2010846,0.0,0.0,0.0,0.0,0.0,0.0,0.0
2010847,0.0,0.0,1.0,0.0,0.0,0.0,0.0
2010858,0.0,0.0,0.0,0.0,0.0,0.0,0.0
2010859,0.0,0.0,1.0,0.0,0.0,0.0,0.0
2010977,0.0,0.0,0.0,0.0,0.0,0.0,0.0
2011020,0.0,0.0,1.0,0.0,0.0,0.0,0.0
2011025,0.0,0.0,0.0,0.0,0.0,0.0,0.0
2011028,0.0,0.0,1.0,0.0,0.0,0.0,0.0
2011029,0.0,0.0,0.0,0.0,0.0,0.0,0.0
2011031,0.0,0.0,1.0,0.0,0.0,0.0,0.0
2011049,0.0,0.0,1.0,0.0,1.0,0.0,0.0
2011052,0.0,0.0,1.0,0.0,0.0,0.0,0.0
2011054,0.0,0.0,1.0,0.0,1.0,0.0,0.0
2011055,0.0,0.0,1.0,0.0,0.0,0.0,0.0
2011095,0.0,0.0,1.0,0.0,1.0,0.0,0.0
2011098,0.0,0.0,1.0,0.0,0.0,0.0,0.0
2011160,0.0,0.0,0.0,0.0,0.0,0.0,0.0
2011163,0.0,0.0,1.0,0.0,0.0,0.0,0.0
2011164,0.0,0.0,0.0,0.0,0.0,0.0,0.0
2011166,0.0,0.0,1.0,0.0,0.0,0.0,0.0
2011168,0.0,0.0,0.0,0.0,0.0,0.0,0.0
2011231,0.0,0.0,1.0,0.0,0.0,0.0,0.0
2011236,0.0,0.0,0.0,0.0,0.0,0.0,0.0
2011238,0.0,0.0,1.0,0.0,0.0,0.0,0.0
2011240,0.0,0.0,0.0,0.0,0.0,0.0,0.0
2011241,0.0,0.0,1.0,0.0,0.0,0.0,0.0
2011276,0.0,0.0,0.0,0.0,0.0,0.0,0.0
2011277,0.0,0.0,1.0,0.0,0.0,0.0,0.0
2011352,0.0,0.0,0.0,0.0,0.0,0.0,0.0
2011353,0.0,0.0,1.0,0.0,0.0,0.0,0.0
2011356,0.0,0.0,0.0,0.0,0.0,0.0,0.0
2011357,0.0,0.0,1.0,0.0,0.0,0.0,0.0
2011471,0.0,0.0,0.0,0.0,0.0,0.0,0.0
2011474,0.0,0.0,1.0,0.0,0.0,0.0,0.0
2011475,0.0,0.0,0.0,0.0,0.0,0.0,0.0
2011477,0.0,0.0,1.0,0.0,0.0,0.0,0.0
2011479,0.0,0.0,0.0,0.0,0.0,0.0,0.0
2011480,0.0,0.0,1.0,0.0,0.0,0.0,0.0
2011483,0.0,0.0,0.0,0.0,0.0,0.0,0.0
2011486,0.0,0.0,1.0,0.0,0.0,0.0,0.0
2011487,0.0,0.0,0.0,0.0,0.0,0.0,0.0
2011781,0.0,0.0,0.0,0.0,1.0,0.0,0.0
2011784,0.0,0.0,0.0,0.0,0.0,0.0,0.0
2014069,0.0,0.0,0.0,0.0,1.0,0.0,0.0
2014070,0.0,0.0,0.0,0.0,0.0,0.0,0.0
2014074,0.0,0.0,0.0,0.0,1.0,0.0,0.0
2014077,0.0,0.0,0.0,0.0,0.0,0.0,0.0
2014079,0.0,0.0,0.0,0.0,1.0,0.0,0.0
2014081,0.0,0.0,0.0,0.0,2.0,0.0,0.0
2014082,0.0,0.0,0.0,0.0,0.0,0.0,0.0
2014383,0.0,0.0,0.0,0.0,1.0,0.0,0.0
2014384,0.0,0.0,0.0,0.0,0.0,0.0,0.0
2014385,0.0,0.0,0.0,0.0,1.0,0.0,0.0
2014389,0.0,0.0,0.0,0.0,0.0,0.0,0.0
2014391,0.0,0.0,0.0,0.0,1.0,0.0,0.0
2014392,0.0,0.0,0.0,0.0,0.0,0.0,0.0
2014405,0.0,0.0,0.0,0.0,1.0,0.0,0.0
2014406,0.0,0.0,0.0,0.0,0.0,0.0,0.0
2014407,0.0,0.0,0.0,0.0,1.0,0.0,0.0
2014409,0.0,0.0,0.0,0.0,0.0,0.0,0.0
2014783,0.0,0.0,0.0,0.0,1.0,0.0,0.0
2014785,0.0,0.0,0.0,0.0,0.0,0.0,0.0
2014812,0.0,0.0,0.0,0.0,1.0,0.0,0.0
2014813,0.0,0.0,0.0,0.0,0.0,0.0,0.0
2014819,0.0,0.0,0.0,0.0,1.0,0.0,0.0
2014820,0.0,0.0,0.0,0.0,0.0,0.0,0.0
2014821,0.0,0.0,0.0,0.0,1.0,0.0,0.0
2014822,0.0,0.0,0.0,0.0,2.0,0.0,0.0
2014823,0.0,0.0,0.0,0.0,0.0,0.0,0.0
2016619,0.0,0.0,0.0,0.0,1.0,0.0,0.0
2016620,0.0,0.0,0.0,0.0,0.0,0.0,0.0
2016621,0.0,0.0,0.0,0.0,1.0,0.0,0.0
2016622,0.0,0.0,0.0,0.0,0.0,0.0,0.0
2016625,0.0,0.0,0.0,0.0,1.0,0.0,0.0
2016626,0.0,0.0,0.0,0.0,0.0,0.0,0.0
2016627,0.0,0.0,0.0,0.0,1.0,0.0,0.0
2016631,0.0,0.0,0.0,0.0,0.0,0.0,0.0
2017263,0.0,0.0,0.0,0.0,1.0,0.0,0.0
2017264,0.0,0.0,0.0,0.0,0.0,0.0,0.0
2019546,0.0,0.0,0.0,0.0,1.0,0.0,0.0
2019547,0.0,0.0,0.0,0.0,0.0,0.0,0.0
2019952,0.0,0.0,0.0,0.0,1.0,0.0,0.0
2019954,0.0,0.0,0.0,0.0,0.0,0.0,0.0
2019955,0.0,0.0,0.0,0.0,1.0,0.0,0.0
2019956,0.0,0.0,0.0,0.0,0.0,0.0,0.0
2020818,0.0,0.0,0.0,0.0,1.0,0.0,0.0
2020819,0.0,0.0,0.0,0.0,0.0,0.0,0.0
2022501,0.0,0.0,0.0,0.0,1.0,0.0,0.0
2022502,0.0,0.0,0.0,0.0,0.0,0.0,0.0
2022511,0.0,0.0,0.0,0.0,1.0,0.0,0.0
2022512,0.0,0.0,0.0,0.0,0.0,0.0,0.0
2023268,0.0,0.0,0.0,0.0,1.0,0.0,0.0
2023269,0.0,0.0,0.0,0.0,0.0,0.0,0.0
2024960,0.0,0.0,0.0,0.0,1.0,0.0,0.0
2024961,0.0,0.0,0.0,0.0,0.0,0.0,0.0
2024962,0.0,0.0,0.0,0.0,1.0,0.0,0.0
2024964,0.0,0.0,0.0,0.0,0.0,0.0,0.0
2025009,0.0,0.0,0.0,0.0,1.0,0.0,0.0
2025012,0.0,0.0,0.0,0.0,0.0,0.0,0.0
2025411,0.0,0.0,0.0,0.0,1.0,0.0,0.0
2025412,0.0,0.0,0.0,0.0,0.0,0.0,0.0
2025421,0.0,0.0,0.0,0.0,1.0,0.0,0.0
2025422,0.0,0.0,0.0,0.0,0.0,0.0,0.0
2025423,0.0,0.0,0.0,0.0,1.0,0.0,0.0
2025424,0.0,0.0,0.0,0.0,0.0,0.0,0.0
2025425,0.0,0.0,0.0,0.0,1.0,0.0,0.0
2025426,0.0,0.0,0.0,0.0,0.0,0.0,0.0
2025514,0.0,0.0,0.0,0.0,1.0,0.0,0.0
2025516,0.0,0.0,0.0,1.0,2.0,0.0,0.0
2025517,0.0,0.0,0.0,1.0,0.0,0.0,0.0
2025542,0.0,0.0,0.0,0.0,0.0,0.0,0.0
2027265,0.0,0.0,0.0,0.0,1.0,0.0,0.0
2027266,0.0,0.0,0.0,0.0,0.0,0.0,0.0
2029510,0.0,0.0,0.0,0.0,1.0,0.0,0.0
2029511,0.0,0.0,0.0,0.0,0.0,0.0,0.0
2029526,0.0,0.0,0.0,0.0,1.0,0.0,0.0
2029527,0.0,0.0,0.0,0.0,0.0,0.0,0.0
2029536,0.0,0.0,0.0,0.0,1.0,0.0,0.0
2029537,0.0,0.0,0.0,0.0,0.0,0.0,0.0
2029538,0.0,0.0,0.0,0.0,1.0,0.0,0.0
2029541,0.0,0.0,0.0,0.0,0.0,0.0,0.0
2029974,0.0,0.0,0.0,0.0,1.0,0.0,0.0
2029975,0.0,0.0,0.0,0.0,0.0,0.0,0.0
2031128,0.0,0.0,0.0,0.0,1.0,0.0,0.0
2031129,0.0,0.0,0.0,0.0,0.0,0.0,0.0
2031130,0.0,0.0,0.0,0.0,1.0,0.0,0.0
2031131,0.0,0.0,0.0,0.0,0.0,0.0,0.0
2031138,0.0,0.0,0.0,0.0,1.0,0.0,0.0
2031141,0.0,0.0,0.0,0.0,0.0,0.0,0.0
2031326,0.0,0.0,0.0,0.0,1.0,0.0,0.0
2031327,0.0,0.0,0.0,0.0,0.0,0.0,0.0
2031329,0.0,0.0,0.0,0.0,1.0,0.0,0.0
2031330,0.0,0.0,0.0,0.0,0.0,0.0,0.0
2031331,0.0,0.0,0.0,0.0,1.0,0.0,0.0
2031332,0.0,0.0,0.0,0.0,0.0,0.0,0.0
2031334,0.0,0.0,0.0,0.0,1.0,0.0,0.0
2031335,0.0,0.0,0.0,0.0,0.0,0.0,0.0
2031631,0.0,0.0,0.0,0.0,1.0,0.0,0.0
2031634,0.0,0.0,0.0,0.0,0.0,0.0,0.0
2031635,0.0,0.0,0.0,0.0,1.0,0.0,0.0
2031638,0.0,0.0,0.0,0.0,2.0,0.0,0.0
2031639,0.0,0.0,0.0,0.0,0.0,0.0,0.0
2033705,0.0,0.0,0.0,0.0,1.0,0.0,0.0
2033706,0.0,0.0,0.0,0.0,0.0,0.0,0.0
2034963,0.0,0.0,0.0,0.0,1.0,0.0,0.0
2034966,0.0,0.0,0.0,0.0,0.0,0.0,0.0
2034967,0.0,0.0,0.0,0.0,1.0,0.0,0.0
2034969,0.0,0.0,0.0,1.0,2.0,0.0,0.0
2034970,0.0,0.0,0.0,1.0,0.0,0.0,0.0
2034971,0.0,0.0,0.0,0.0,0.0,0.0,0.0
2034996,0.0,0.0,0.0,1.0,0.0,0.0,0.0
2034997,0.0,0.0,0.0,0.0,0.0,0.0,0.0
2034998,0.0,0.0,0.0,1.0,0.0,0.0,0.0
2035000,0.0,0.0,0.0,2.0,0.0,1.0,0.0
2035001,0.0,0.0,0.0,0.0,0.0,0.0,0.0
2035036,0.0,0.0,1.0,0.0,0.0,0.0,0.0
2035037,0.0,0.0,0.0,0.0,0.0,0.0,0.0
2035039,0.0,0.0,1.0,0.0,0.0,0.0,0.0
2035041,0.0,0.0,0.0,0.0,0.0,0.0,0.0
2035042,0.0,0.0,1.0,0.0,0.0,0.0,0.0
2035045,0.0,0.0,0.0,0.0,0.0,0.0,0.0
2035047,0.0,0.0,1.0,0.0,0.0,0.0,0.0
2035053,0.0,0.0,0.0,0.0,0.0,0.0,0.0
2035055,0.0,0.0,1.0,0.0,0.0,0.0,0.0
2035065,0.0,0.0,0.0,0.0,0.0,0.0,0.0
2035066,0.0,0.0,1.0,0.0,0.0,0.0,0.0
2035069,0.0,0.0,0.0,0.0,0.0,0.0,0.0
2035074,0.0,0.0,1.0,0.0,0.0,0.0,0.0
2035099,0.0,0.0,2.0,0.0,0.0,0.0,0.0
2035100,0.0,0.0,0.0,0.0,0.0,0.0,0.0
2035330,0.0,0.0,1.0,0.0,0.0,0.0,0.0
2035340,0.0,0.0,0.0,0.0,0.0,0.0,0.0
2035345,0.0,0.0,1.0,0.0,0.0,0.0,0.0
2035347,0.0,0.0,0.0,0.0,0.0,0.0,0.0
2035348,0.0,0.0,1.0,0.0,0.0,0.0,0.0
2035354,0.0,0.0,0.0,0.0,0.0,0.0,0.0
2036053,0.0,0.0,0.0,1.0,0.0,0.0,0.0
2036054,0.0,0.0,0.0,0.0,0.0,0.0,0.0
2036055,0.0,0.0,0.0,1.0,0.0,0.0,0.0
2036057,0.0,0.0,0.0,2.0,1.0,1.0,0.0
2036058,0.0,0.0,0.0,0.0,0.0,0.0,0.0
2037098,0.0,0.0,0.0,0.0,1.0,0.0,0.0
2037099,0.0,0.0,0.0,0.0,0.0,0.0,0.0
2037100,0.0,0.0,0.0,0.0,1.0,0.0,0.0
2037101,0.0,0.0,0.0,0.0,0.0,0.0,0.0
2037109,0.0,0.0,0.0,0.0,1.0,0.0,0.0
2037113,0.0,0.0,0.0,0.0,0.0,0.0,0.0
2038983,0.0,0.0,0.0,0.0,1.0,0.0,0.0
2038984,0.0,0.0,0.0,0.0,0.0,0.0,0.0
2040719,0.0,0.0,0.0,0.0,1.0,0.0,0.0
2040720,0.0,0.0,0.0,0.0,0.0,0.0,0.0
2041966,0.0,0.0,0.0,0.0,1.0,0.0,0.0
2041968,0.0,0.0,0.0,0.0,0.0,0.0,0.0
2043382,0.0,0.0,0.0,0.0,1.0,0.0,0.0
2043383,0.0,0.0,0.0,0.0,0.0,0.0,0.0
2043384,0.0,0.0,0.0,0.0,1.0,0.0,0.0
2043387,0.0,0.0,0.0,0.0,0.0,0.0,0.0
2043388,0.0,0.0,0.0,0.0,1.0,0.0,0.0
2043389,0.0,0.0,0.0,0.0,0.0,0.0,0.0
2046123,0.0,0.0,0.0,0.0,1.0,0.0,0.0
2046125,0.0,0.0,0.0,0.0,2.0,0.0,0.0
2046126,0.0,0.0,0.0,0.0,0.0,0.0,0.0
2046130,0.0,0.0,0.0,1.0,0.0,0.0,0.0
2046131,0.0,0.0,0.0,0.0,0.0,0.0,0.0
2046528,0.0,0.0,0.0,0.0,1.0,0.0,0.0
2046529,0.0,0.0,0.0,0.0,0.0,0.0,0.0
2047946,0.0,0.0,0.0,0.0,1.0,0.0,0.0
2047947,0.0,0.0,0.0,0.0,0.0,0.0,0.0
2048814,0.0,0.0,0.0,0.0,1.0,0.0,0.0
2048815,0.0,0.0,0.0,0.0,0.0,0.0,0.0
2048969,0.0,0.0,0.0,0.0,1.0,0.0,0.0
2048970,0.0,0.0,0.0,0.0,0.0,0.0,0.0
2049471,0.0,0.0,0.0,0.0,1.0,0.0,0.0
2049472,0.0,0.0,0.0,0.0,0.0,0.0,0.0
2049476,0.0,0.0,0.0,0.0,1.0,0.0,0.0
2049477,0.0,0.0,0.0,0.0,0.0,0.0,0.0
2049478,0.0,0.0,0.0,0.0,1.0,0.0,0.0
2049479,0.0,0.0,0.0,0.0,0.0,0.0,0.0
2050140,0.0,0.0,0.0,1.0,0.0,0.0,0.0
2050141,0.0,0.0,0.0,2.0,0.0,1.0,0.0
2050142,0.0,0.0,0.0,0.0,0.0,0.0,0.0
2050217,0.0,0.0,1.0,0.0,0.0,0.0,0.0
2050218,0.0,0.0,0.0,0.0,0.0,0.0,0.0
2050220,0.0,0.0,1.0,0.0,0.0,0.0,0.0
2050221,0.0,0.0,0.0,0.0,0.0,0.0,0.0
2052658,0.0,0.0,0.0,0.0,1.0,0.0,0.0
2052659,0.0,0.0,0.0,0.0,0.0,0.0,0.0
2053060,0.0,0.0,0.0,0.0,1.0,0.0,0.0
2053061,0.0,0.0,0.0,0.0,0.0,0.0,0.0
2053098,0.0,0.0,1.0,0.0,0.0,0.0,0.0
2053115,0.0,0.0,0.0,0.0,0.0,0.0,0.0
2053121,0.0,0.0,1.0,0.0,0.0,0.0,0.0
2053123,0.0,0.0,0.0,0.0,0.0,0.0,0.0
2053147,0.0,0.0,1.0,0.0,0.0,0.0,0.0
2053148,0.0,0.0,0.0,0.0,0.0,0.0,0.0
2053150,0.0,0.0,1.0,0.0,0.0,0.0,0.0
2053152,0.0,0.0,0.0,0.0,0.0,0.0,0.0
2053154,0.0,0.0,1.0,0.0,0.0,0.0,0.0
2053177,0.0,0.0,1.0,0.0,1.0,0.0,0.0
2053178,0.0,0.0,1.0,0.0,0.0,0.0,0.0
2053960,0.0,0.0,0.0,0.0,0.0,0.0,0.0
2053962,0.0,0.0,1.0,0.0,0.0,0.0,0.0
2053964,0.0,0.0,0.0,0.0,0.0,0.0,0.0
2053966,0.0,0.0,1.0,0.0,0.0,0.0,0.0
2053972,0.0,0.0,0.0,0.0,0.0,0.0,0.0
2053974,0.0,0.0,1.0,0.0,0.0,0.0,0.0
2053976,0.0,0.0,0.0,0.0,0.0,0.0,0.0
2054004,0.0,0.0,1.0,0.0,0.0,0.0,0.0
2054005,0.0,0.0,0.0,0.0,0.0,0.0,0.0
2054285,0.0,0.0,0.0,0.0,1.0,0.0,0.0
2054286,0.0,0.0,0.0,0.0,0.0,0.0,0.0
2054369,0.0,0.0,1.0,0.0,0.0,0.0,0.0
2054374,0.0,0.0,0.0,0.0,0.0,0.0,0.0
2054380,0.0,0.0,1.0,0.0,0.0,0.0,0.0
2054467,0.0,0.0,0.0,0.0,0.0,0.0,0.0
2054470,0.0,0.0,1.0,0.0,0.0,0.0,0.0
2054479,0.0,0.0,0.0,0.0,0.0,0.0,0.0
2054518,0.0,0.0,1.0,0.0,0.0,0.0,0.0
2054520,0.0,0.0,0.0,0.0,0.0,0.0,0.0
2054526,0.0,0.0,1.0,0.0,0.0,0.0,0.0
2054528,0.0,0.0,0.0,0.0,0.0,0.0,0.0
2054531,0.0,0.0,1.0,0.0,0.0,0.0,0.0
2054532,0.0,0.0,0.0,0.0,0.0,0.0,0.0
2054535,0.0,0.0,1.0,0.0,0.0,0.0,0.0
2054536,0.0,0.0,0.0,0.0,0.0,0.0,0.0
2054604,0.0,0.0,1.0,0.0,0.0,0.0,0.0
2054605,0.0,0.0,0.0,0.0,0.0,0.0,0.0
2054607,0.0,0.0,1.0,0.0,0.0,0.0,0.0
2054609,0.0,0.0,0.0,0.0,0.0,0.0,0.0
2054620,0.0,0.0,1.0,0.0,0.0,0.0,0.0
2054621,0.0,0.0,0.0,0.0,0.0,0.0,0.0
2054622,0.0,0.0,1.0,0.0,0.0,0.0,0.0
2054625,0.0,0.0,0.0,0.0,0.0,0.0,0.0
2054627,0.0,0.0,1.0,0.0,0.0,0.0,0.0
2054678,0.0,0.0,0.0,0.0,0.0,0.0,0.0
2054680,0.0,0.0,1.0,0.0,0.0,0.0,0.0
2054706,0.0,0.0,0.0,0.0,0.0,0.0,0.0
2054754,0.0,0.0,1.0,0.0,0.0,0.0,0.0
2054759,0.0,0.0,0.0,0.0,0.0,0.0,0.0
2054762,0.0,0.0,1.0,0.0,0.0,0.0,0.0
2054763,0.0,0.0,0.0,0.0,0.0,0.0,0.0
2054764,0.0,0.0,1.0,0.0,0.0,0.0,0.0
2055095,0.0,0.0,0.0,0.0,0.0,0.0,0.0
2055228,0.0,0.0,1.0,0.0,0.0,0.0,0.0
2055229,0.0,0.0,0.0,0.0,0.0,0.0,0.0
2056138,0.0,0.0,0.0,0.0,1.0,0.0,0.0
2056141,0.0,0.0,0.0,0.0,0.0,0.0,0.0
2057259,0.0,0.0,0.0,0.0,1.0,0.0,0.0
2057260,0.0,0.0,0.0,0.0,0.0,0.0,0.0
2057262,0.0,0.0,0.0,0.0,1.0,0.0,0.0
2057263,0.0,0.0,0.0,0.0,0.0,0.0,0.0
2057348,0.0,0.0,0.0,0.0,1.0,0.0,0.0
2057349,0.0,0.0,0.0,0.0,0.0,0.0,0.0
2057901,0.0,0.0,0.0,0.0,1.0,0.0,0.0
2057902,0.0,0.0,0.0,0.0,0.0,0.0,0.0
2057904,0.0,0.0,0.0,0.0,1.0,0.0,0.0
2057905,0.0,0.0,0.0,0.0,0.0,0.0,0.0
2057956,0.0,0.0,1.0,0.0,0.0,0.0,0.0
2057979,0.0,0.0,0.0,0.0,0.0,0.0,0.0
2057980,0.0,0.0,1.0,0.0,0.0,0.0,0.0
2057983,0.0,0.0,0.0,0.0,0.0,0.0,0.0
2057994,0.0,0.0,1.0,0.0,0.0,0.0,0.0
2057995,0.0,0.0,0.0,0.0,0.0,0.0,0.0
2057997,0.0,0.0,1.0,0.0,0.0,0.0,0.0
2057999,0.0,0.0,0.0,0.0,0.0,0.0,0.0
2058000,0.0,0.0,1.0,0.0,0.0,0.0,0.0
2058003,0.0,0.0,0.0,0.0,0.0,0.0,0.0
2058004,0.0,0.0,1.0,0.0,0.0,0.0,0.0
2058007,0.0,0.0,0.0,0.0,0.0,0.0,0.0
2058009,0.0,0.0,1.0,0.0,0.0,0.0,0.0
2058011,0.0,0.0,0.0,0.0,0.0,0.0,0.0
2058012,0.0,0.0,1.0,0.0,0.0,0.0,0.0
2058047,0.0,0.0,0.0,0.0,0.0,0.0,0.0
2058050,0.0,0.0,1.0,0.0,0.0,0.0,0.0
2058063,0.0,0.0,0.0,0.0,0.0,0.0,0.0
2058069,0.0,0.0,1.0,0.0,0.0,0.0,0.0
2058072,0.0,0.0,0.0,0.0,0.0,0.0,0.0
2058075,0.0,0.0,1.0,0.0,0.0,0.0,0.0
2058076,0.0,0.0,0.0,0.0,0.0,0.0,0.0
2058077,0.0,0.0,1.0,0.0,0.0,0.0,0.0
2058088,0.0,0.0,0.0,0.0,0.0,0.0,0.0
2058089,0.0,0.0,1.0,0.0,0.0,0.0,0.0
2058104,0.0,0.0,0.0,0.0,0.0,0.0,0.0
2058111,0.0,0.0,1.0,0.0,0.0,0.0,0.0
2058112,0.0,0.0,0.0,0.0,0.0,0.0,0.0
2058115,0.0,0.0,1.0,0.0,0.0,0.0,0.0
2058116,0.0,0.0,0.0,0.0,0.0,0.0,0.0
2058117,0.0,0.0,1.0,0.0,0.0,0.0,0.0
2058124,0.0,0.0,0.0,0.0,0.0,0.0,0.0
2058131,0.0,0.0,1.0,0.0,0.0,0.0,0.0
2058140,0.0,0.0,0.0,0.0,0.0,0.0,0.0
2058154,0.0,0.0,1.0,0.0,0.0,0.0,0.0
2058185,0.0,0.0,0.0,0.0,0.0,0.0,0.0
2058191,0.0,0.0,1.0,0.0,0.0,0.0,0.0
2058193,0.0,0.0,0.0,0.0,0.0,0.0,0.0
2058194,0.0,0.0,1.0,0.0,0.0,0.0,0.0
2058201,0.0,0.0,0.0,0.0,0.0,0.0,0.0
2058211,0.0,0.0,1.0,0.0,0.0,0.0,0.0
2058213,0.0,0.0,0.0,0.0,0.0,0.0,0.0
2058240,0.0,0.0,1.0,0.0,0.0,0.0,0.0
2058241,0.0,0.0,0.0,0.0,0.0,0.0,0.0
2058312,0.0,0.0,1.0,0.0,0.0,0.0,0.0
2058314,0.0,0.0,0.0,0.0,0.0,0.0,0.0
2058315,0.0,0.0,1.0,0.0,0.0,0.0,0.0
2058322,0.0,0.0,0.0,0.0,0.0,0.0,0.0
2058325,0.0,0.0,1.0,0.0,0.0,0.0,0.0
2058326,0.0,0.0,0.0,0.0,0.0,0.0,0.0
2058327,0.0,0.0,1.0,0.0,0.0,0.0,0.0
2058730,0.0,0.0,1.0,0.0,1.0,0.0,0.0
2058731,0.0,0.0,1.0,0.0,0.0,0.0,0.0
2058733,0.0,0.0,1.0,0.0,1.0,0.0,0.0
2058734,0.0,0.0,1.0,0.0,0.0,0.0,0.0
2058735,0.0,0.0,1.0,0.0,1.0,0.0,0.0
2058736,0.0,0.0,1.0,0.0,0.0,0.0,0.0
2058817,0.0,0.0,1.0,0.0,1.0,0.0,0.0
2058818,0.0,0.0,1.0,0.0,0.0,0.0,0.0
2059469,0.0,0.0,0.0,0.0,0.0,0.0,0.0
2059472,0.0,0.0,1.0,0.0,0.0,0.0,0.0
2059473,0.0,0.0,0.0,0.0,0.0,0.0,0.0
2059475,0.0,0.0,1.0,0.0,0.0,0.0,0.0
2059481,0.0,0.0,0.0,0.0,0.0,0.0,0.0
2059482,0.0,0.0,1.0,0.0,0.0,0.0,0.0
2059485,0.0,0.0,0.0,0.0,0.0,0.0,0.0
2061727,0.0,0.0,0.0,0.0,1.0,0.0,0.0
2061729,0.0,0.0,0.0,0.0,2.0,0.0,0.0
2061730,0.0,0.0,0.0,0.0,0.0,0.0,0.0
2065038,0.0,0.0,0.0,0.0,1.0,0.0,0.0
2065039,0.0,0.0,0.0,0.0,0.0,0.0,0.0
2065040,0.0,0.0,0.0,0.0,1.0,0.0,0.0
2065041,0.0,0.0,0.0,0.0,0.0,0.0,0.0
2065043,0.0,0.0,0.0,0.0,1.0,0.0,0.0
2065044,0.0,0.0,0.0,0.0,0.0,0.0,0.0
2065998,0.0,0.0,0.0,0.0,1.0,0.0,0.0
2065999,0.0,0.0,0.0,0.0,0.0,0.0,0.0
2066002,0.0,0.0,0.0,0.0,1.0,0.0,0.0
2066004,0.0,0.0,0.0,0.0,0.0,0.0,0.0
2066522,0.0,0.0,0.0,0.0,1.0,0.0,0.0
2066523,0.0,0.0,0.0,0.0,0.0,0.0,0.0
2066580,0.0,0.0,0.0,0.0,1.0,0.0,0.0
2066581,0.0,0.0,0.0,0.0,2.0,0.0,0.0
2066582,0.0,0.0,0.0,0.0,0.0,0.0,0.0
2067621,0.0,0.0,0.0,0.0,1.0,0.0,0.0
2067622,0.0,0.0,0.0,0.0,0.0,0.0,0.0
2067623,0.0,0.0,0.0,0.0,1.0,0.0,0.0
2067624,0.0,0.0,0.0,0.0,0.0,0.0,0.0
2067625,0.0,0.0,0.0,0.0,1.0,0.0,0.0
2067626,0.0,0.0,0.0,0.0,0.0,0.0,0.0
2067630,0.0,0.0,0.0,0.0,1.0,0.0,0.0
2067632,0.0,0.0,0.0,0.0,2.0,0.0,0.0
2067633,0.0,0.0,0.0,0.0,0.0,0.0,0.0
2069761,0.0,0.0,0.0,0.0,1.0,0.0,0.0
2069762,0.0,0.0,0.0,0.0,0.0,0.0,0.0
2069767,0.0,2.0,0.0,0.0,0.0,1.0,0.0
2069768,0.0,0.0,0.0,0.0,0.0,0.0,0.0
2069967,0.0,0.0,1.0,0.0,0.0,0.0,0.0
2070197,0.0,0.0,0.0,0.0,0.0,0.0,0.0
2070198,0.0,0.0,1.0,0.0,0.0,0.0,0.0
2070238,0.0,0.0,0.0,0.0,0.0,0.0,0.0
2070458,0.0,0.0,0.0,0.0,1.0,0.0,0.0
2070460,0.0,0.0,0.0,0.0,0.0,0.0,0.0
2070461,0.0,0.0,0.0,0.0,1.0,0.0,0.0
2070462,0.0,0.0,0.0,0.0,0.0,0.0,0.0
2071439,0.0,0.0,0.0,0.0,1.0,0.0,0.0
2071441,0.0,0.0,0.0,0.0,2.0,0.0,0.0
2071442,0.0,0.0,0.0,0.0,0.0,0.0,0.0
2072752,0.0,0.0,0.0,0.0,1.0,0.0,0.0
2072753,0.0,0.0,0.0,0.0,0.0,0.0,0.0
2072754,0.0,0.0,0.0,0.0,1.0,0.0,0.0
2072755,0.0,0.0,0.0,0.0,0.0,0.0,0.0
2074125,0.0,0.0,0.0,0.0,1.0,0.0,0.0
2074126,0.0,0.0,0.0,0.0,0.0,0.0,0.0
2074132,0.0,0.0,0.0,0.0,1.0,0.0,0.0
2074133,0.0,0.0,0.0,0.0,0.0,0.0,0.0
2074134,0.0,0.0,0.0,0.0,1.0,0.0,0.0
2074135,0.0,0.0,0.0,0.0,0.0,0.0,0.0
2074143,0.0,0.0,0.0,0.0,1.0,0.0,0.0
2074144,0.0,0.0,0.0,0.0,0.0,0.0,0.0
2074203,0.0,0.0,0.0,0.0,1.0,0.0,0.0
2074204,0.0,0.0,0.0,0.0,0.0,0.0,0.0
2074205,0.0,0.0,0.0,0.0,1.0,0.0,0.0
2074206,0.0,0.0,0.0,0.0,0.0,0.0,0.0
2076576,0.0,0.0,0.0,0.0,1.0,0.0,0.0
2076577,0.0,0.0,0.0,0.0,0.0,0.0,0.0
2076693,0.0,0.0,0.0,0.0,1.0,0.0,0.0
2076696,0.0,0.0,0.0,0.0,2.0,0.0,0.0
2076697,0.0,0.0,0.0,0.0,0.0,0.0,0.0
2077295,0.0,0.0,0.0,0.0,1.0,0.0,0.0
2077296,0.0,0.0,0.0,0.0,0.0,0.0,0.0
2079284,0.0,0.0,0.0,0.0,1.0,0.0,0.0
2079285,0.0,0.0,0.0,0.0,0.0,0.0,0.0
2079286,0.0,0.0,0.0,0.0,1.0,0.0,0.0
2079287,0.0,0.0,0.0,0.0,0.0,0.0,0.0
2079299,0.0,0.0,0.0,0.0,1.0,0.0,0.0
2079301,0.0,0.0,0.0,0.0,2.0,0.0,0.0
2079302,0.0,0.0,0.0,0.0,0.0,0.0,0.0
2079552,0.0,0.0,0.0,0.0,1.0,0.0,0.0
2079553,0.0,0.0,0.0,0.0,0.0,0.0,0.0
2079562,0.0,0.0,0.0,0.0,1.0,0.0,0.0
2079563,0.0,0.0,0.0,0.0,0.0,0.0,0.0
2084437,0.0,0.0,0.0,1.0,0.0,0.0,0.0
2084438,0.0,0.0,0.0,0.0,0.0,0.0,0.0
2084441,0.0,0.0,0.0,1.0,1.0,0.0,0.0
2084442,0.0,0.0,0.0,0.0,0.0,0.0,0.0
2084508,0.0,0.0,0.0,0.0,1.0,0.0,0.0
2084509,0.0,0.0,0.0,0.0,0.0,0.0,0.0
2084510,0.0,0.0,0.0,0.0,1.0,0.0,0.0
2084511,0.0,0.0,0.0,0.0,0.0,0.0,0.0
2084535,0.0,0.0,0.0,0.0,1.0,0.0,0.0
2084539,0.0,0.0,0.0,0.0,2.0,0.0,0.0
2084540,0.0,0.0,0.0,0.0,0.0,0.0,0.0
2087259,0.0,0.0,0.0,0.0,1.0,0.0,0.0
2087263,0.0,0.0,0.0,0.0,0.0,0.0,0.0
2087269,0.0,0.0,0.0,0.0,1.0,0.0,0.0
2087270,0.0,0.0,0.0,0.0,0.0,0.0,0.0
2087271,0.0,0.0,0.0,0.0,1.0,0.0,0.0
2087272,0.0,0.0,0.0,0.0,0.0,0.0,0.0
2088624,0.0,0.0,0.0,0.0,1.0,0.0,0.0
2088625,0.0,0.0,0.0,0.0,0.0,0.0,0.0
2089467,0.0,0.0,0.0,0.0,1.0,0.0,0.0
2089470,0.0,0.0,0.0,0.0,0.0,0.0,0.0
2089471,0.0,0.0,0.0,0.0,1.0,0.0,0.0
2089473,0.0,0.0,0.0,0.0,0.0,0.0,0.0
2089474,0.0,0.0,0.0,0.0,1.0,0.0,0.0
2089475,0.0,0.0,0.0,0.0,0.0,0.0,0.0
2090999,0.0,0.0,0.0,0.0,1.0,0.0,0.0
2091000,0.0,0.0,0.0,1.0,1.0,0.0,0.0
2091001,0.0,0.0,0.0,0.0,1.0,0.0,0.0
2091002,0.0,0.0,0.0,0.0,0.0,0.0,0.0
2091003,0.0,0.0,0.0,1.0,1.0,0.0,0.0
2091009,0.0,0.0,0.0,0.0,0.0,0.0,0.0
2091032,0.0,0.0,0.0,1.0,1.0,0.0,0.0
2091036,0.0,0.0,0.0,2.0,2.0,1.0,0.0
2091037,0.0,0.0,0.0,0.0,0.0,0.0,0.0
2091522,0.0,0.0,1.0,0.0,0.0,0.0,0.0
2091523,0.0,0.0,0.0,0.0,0.0,0.0,0.0
2091525,0.0,0.0,1.0,0.0,0.0,0.0,0.0
2091527,0.0,0.0,0.0,0.0,0.0,0.0,0.0
2092508,0.0,0.0,0.0,0.0,1.0,0.0,0.0
2092509,0.0,0.0,0.0,0.0,0.0,0.0,0.0
2092718,0.0,0.0,1.0,0.0,0.0,0.0,0.0
2092740,0.0,0.0,0.0,0.0,0.0,0.0,0.0
2092759,0.0,0.0,1.0,0.0,0.0,0.0,0.0
2092761,0.0,0.0,0.0,0.0,0.0,0.0,0.0
2092763,0.0,0.0,1.0,0.0,0.0,0.0,0.0
2092773,0.0,0.0,0.0,0.0,0.0,0.0,0.0
2092774,0.0,0.0,1.0,0.0,0.0,0.0,0.0
2092794,0.0,0.0,0.0,0.0,0.0,0.0,0.0
2092796,0.0,0.0,1.0,0.0,0.0,0.0,0.0
2092798,0.0,0.0,0.0,0.0,0.0,0.0,0.0
2093075,0.0,0.0,1.0,0.0,0.0,0.0,0.0
2093077,0.0,0.0,0.0,0.0,0.0,0.0,0.0
2093080,0.0,0.0,1.0,0.0,0.0,0.0,0.0
2093082,0.0,0.0,0.0,0.0,0.0,0.0,0.0
2093083,0.0,0.0,1.0,0.0,0.0,0.0,0.0
2093086,0.0,0.0,0.0,0.0,0.0,0.0,0.0
2093103,0.0,0.0,1.0,0.0,0.0,0.0,0.0
2093106,0.0,0.0,1.0,0.0,1.0,0.0,0.0
2093107,0.0,0.0,1.0,0.0,0.0,0.0,0.0
2093144,0.0,0.0,0.0,0.0,0.0,0.0,0.0
2093147,0.0,0.0,1.0,0.0,0.0,0.0,0.0
2093152,0.0,0.0,0.0,0.0,0.0,0.0,0.0
2093276,0.0,0.0,1.0,0.0,0.0,0.0,0.0
2093277,0.0,0.0,1.0,0.0,1.0,0.0,0.0
2093278,0.0,0.0,1.0,0.0,0.0,0.0,0.0
2093279,0.0,0.0,1.0,0.0,1.0,0.0,0.0
2093282,0.0,0.0,1.0,0.0,0.0,0.0,0.0
2093283,0.0,0.0,1.0,0.0,1.0,0.0,0.0
2093284,0.0,0.0,1.0,0.0,0.0,0.0,0.0
2093339,0.0,0.0,0.0,0.0,0.0,0.0,0.0
2093342,0.0,0.0,1.0,0.0,0.0,0.0,0.0
2093343,0.0,0.0,0.0,0.0,0.0,0.0,0.0
2093346,0.0,0.0,1.0,0.0,0.0,0.0,0.0
2093356,0.0,0.0,0.0,0.0,0.0,0.0,0.0
2093359,0.0,0.0,1.0,0.0,0.0,0.0,0.0
2093360,0.0,0.0,0.0,0.0,0.0,0.0,0.0
2093362,0.0,0.0,1.0,0.0,0.0,0.0,0.0
2093364,0.0,0.0,0.0,0.0,0.0,0.0,0.0
2093365,0.0,0.0,1.0,0.0,0.0,0.0,0.0
2093377,0.0,0.0,0.0,0.0,0.0,0.0,0.0
2093379,0.0,0.0,1.0,0.0,0.0,0.0,0.0
2093381,0.0,0.0,0.0,0.0,0.0,0.0,0.0
2093387,0.0,0.0,1.0,0.0,0.0,0.0,0.0
2093568,0.0,0.0,0.0,0.0,0.0,0.0,0.0
2093569,0.0,0.0,1.0,0.0,0.0,0.0,0.0
2093576,0.0,0.0,0.0,0.0,0.0,0.0,0.0
2093577,0.0,0.0,1.0,0.0,0.0,0.0,0.0
2093580,0.0,0.0,0.0,0.0,0.0,0.0,0.0
2093582,0.0,0.0,1.0,0.0,0.0,0.0,0.0
2093618,0.0,0.0,0.0,0.0,0.0,0.0,0.0
2093620,0.0,0.0,1.0,0.0,0.0,0.0,0.0
2093626,0.0,0.0,0.0,0.0,0.0,0.0,0.0
2093629,0.0,0.0,1.0,0.0,0.0,0.0,0.0
2093630,0.0,0.0,0.0,0.0,0.0,0.0,0.0
2093633,0.0,0.0,1.0,0.0,0.0,0.0,0.0
2093671,0.0,0.0,1.0,0.0,1.0,0.0,0.0
2093674,0.0,0.0,1.0,0.0,0.0,0.0,0.0
2093675,0.0,0.0,1.0,0.0,1.0,0.0,0.0
2093677,0.0,0.0,1.0,0.0,0.0,0.0,0.0
2093850,0.0,0.0,0.0,0.0,0.0,0.0,0.0
2093851,0.0,0.0,1.0,0.0,0.0,0.0,0.0
2093854,0.0,0.0,0.0,0.0,0.0,0.0,0.0
2093866,0.0,0.0,1.0,0.0,0.0,0.0,0.0
2093867,0.0,0.0,0.0,0.0,0.0,0.0,0.0
2093868,0.0,0.0,1.0,0.0,0.0,0.0,0.0
2093871,0.0,0.0,0.0,0.0,0.0,0.0,0.0
2093872,0.0,0.0,1.0,0.0,0.0,0.0,0.0
2093879,0.0,0.0,0.0,0.0,0.0,0.0,0.0
2093886,0.0,0.0,1.0,0.0,0.0,0.0,0.0
2093887,0.0,0.0,0.0,0.0,0.0,0.0,0.0
2093893,0.0,0.0,1.0,0.0,0.0,0.0,0.0
2093896,0.0,0.0,0.0,0.0,0.0,0.0,0.0
2093898,0.0,0.0,1.0,0.0,0.0,0.0,0.0
2093900,0.0,0.0,0.0,0.0,0.0,0.0,0.0
2093901,0.0,0.0,1.0,0.0,0.0,0.0,0.0
2093912,0.0,0.0,0.0,0.0,0.0,0.0,0.0
2093920,0.0,0.0,1.0,0.0,0.0,0.0,0.0
2093921,0.0,0.0,0.0,0.0,0.0,0.0,0.0
2093923,0.0,0.0,1.0,0.0,0.0,0.0,0.0
2093925,0.0,0.0,0.0,0.0,0.0,0.0,0.0
2093926,0.0,0.0,1.0,0.0,0.0,0.0,0.0
2093929,0.0,0.0,0.0,0.0,0.0,0.0,0.0
2093930,0.0,0.0,1.0,0.0,0.0,0.0,0.0
2093945,0.0,0.0,0.0,0.0,0.0,0.0,0.0
2093956,0.0,0.0,1.0,0.0,0.0,0.0,0.0
2093962,0.0,0.0,0.0,0.0,0.0,0.0,0.0
2093963,0.0,0.0,1.0,0.0,0.0,0.0,0.0
2093966,0.0,0.0,0.0,0.0,0.0,0.0,0.0
2093967,0.0,0.0,1.0,0.0,0.0,0.0,0.0
2093975,0.0,0.0,0.0,0.0,0.0,0.0,0.0
2094192,0.0,0.0,0.0,0.0,1.0,0.0,0.0
2094193,0.0,0.0,0.0,0.0,0.0,0.0,0.0
2094203,0.0,0.0,0.0,0.0,1.0,0.0,0.0
2094204,0.0,0.0,0.0,0.0,0.0,0.0,0.0
2094207,0.0,0.0,0.0,0.0,1.0,0.0,0.0
2094209,0.0,0.0,0.0,0.0,0.0,0.0,0.0
2094210,0.0,0.0,1.0,0.0,1.0,0.0,0.0
2094215,0.0,0.0,1.0,0.0,0.0,0.0,0.0
2094219,0.0,0.0,0.0,0.0,0.0,0.0,0.0
2094220,0.0,0.0,1.0,0.0,0.0,0.0,0.0
2094232,0.0,0.0,0.0,0.0,0.0,0.0,0.0
2094234,0.0,0.0,1.0,0.0,0.0,0.0,0.0
2094331,0.0,0.0,0.0,0.0,0.0,0.0,0.0
2094333,0.0,0.0,1.0,0.0,0.0,0.0,0.0
2094335,0.0,0.0,0.0,0.0,0.0,0.0,0.0
2094338,0.0,0.0,1.0,0.0,0.0,0.0,0.0
2094339,0.0,0.0,0.0,0.0,0.0,0.0,0.0
2094384,0.0,0.0,1.0,0.0,0.0,0.0,0.0
2094385,0.0,0.0,0.0,0.0,0.0,0.0,0.0
2094398,0.0,0.0,1.0,0.0,0.0,0.0,0.0
2094406,0.0,0.0,0.0,0.0,0.0,0.0,0.0
2094407,0.0,0.0,1.0,0.0,0.0,0.0,0.0
2094435,0.0,0.0,0.0,0.0,0.0,0.0,0.0
2094458,0.0,0.0,1.0,0.0,0.0,0.0,0.0
2094459,0.0,0.0,0.0,0.0,0.0,0.0,0.0
2094466,0.0,0.0,1.0,0.0,0.0,0.0,0.0
2094468,0.0,0.0,0.0,0.0,0.0,0.0,0.0
2094548,0.0,0.0,1.0,0.0,0.0,0.0,0.0
2094551,0.0,0.0,0.0,0.0,0.0,0.0,0.0
2094554,0.0,0.0,1.0,0.0,0.0,0.0,0.0
2094555,0.0,0.0,0.0,0.0,0.0,0.0,0.0
2094612,0.0,0.0,1.0,0.0,0.0,0.0,0.0
2094662,0.0,0.0,0.0,0.0,0.0,0.0,0.0
2094663,0.0,0.0,1.0,0.0,0.0,0.0,0.0
2094669,0.0,0.0,1.0,0.0,1.0,0.0,0.0
2094670,0.0,0.0,1.0,0.0,0.0,0.0,0.0
2094849,0.0,0.0,1.0,0.0,1.0,0.0,0.0
2094852,0.0,0.0,1.0,0.0,0.0,0.0,0.0
2094853,0.0,0.0,1.0,0.0,1.0,0.0,0.0
2094855,0.0,0.0,1.0,0.0,0.0,0.0,0.0
2094859,0.0,0.0,1.0,0.0,1.0,0.0,0.0
2094861,0.0,0.0,1.0,0.0,2.0,0.0,0.0
2094862,0.0,0.0,1.0,0.0,0.0,0.0,0.0
2095874,0.0,0.0,1.0,0.0,1.0,0.0,0.0
2095877,0.0,0.0,1.0,0.0,0.0,0.0,0.0
2097168,0.0,0.0,1.0,1.0,0.0,0.0,0.0
2097169,0.0,0.0,1.0,0.0,0.0,0.0,0.0
2100670,0.0,0.0,0.0,0.0,0.0,0.0,0.0
2100671,0.0,0.0,1.0,0.0,0.0,0.0,0.0
2100703,0.0,0.0,0.0,0.0,0.0,0.0,0.0
2100709,0.0,0.0,1.0,0.0,0.0,0.0,0.0
2100719,0.0,0.0,0.0,0.0,0.0,0.0,0.0
2100722,0.0,0.0,1.0,0.0,0.0,0.0,0.0
2100723,0.0,0.0,0.0,0.0,0.0,0.0,0.0
2100724,0.0,0.0,1.0,0.0,0.0,0.0,0.0
2100727,0.0,0.0,0.0,0.0,0.0,0.0,0.0
2100728,0.0,0.0,1.0,0.0,0.0,0.0,0.0
2100736,0.0,0.0,0.0,0.0,0.0,0.0,0.0
2100994,0.0,0.0,1.0,0.0,0.0,0.0,0.0
2100995,0.0,0.0,0.0,0.0,0.0,0.0,0.0
2101002,0.0,0.0,1.0,0.0,0.0,0.0,0.0
2101003,0.0,0.0,0.0,0.0,0.0,0.0,0.0
2101015,0.0,0.0,1.0,0.0,0.0,0.0,0.0
2101016,0.0,0.0,0.0,0.0,0.0,0.0,0.0
2101019,0.0,0.0,1.0,0.0,0.0,0.0,0.0
2101049,0.0,0.0,0.0,0.0,0.0,0.0,0.0
2101051,0.0,0.0,1.0,0.0,0.0,0.0,0.0
2101053,0.0,0.0,0.0,0.0,0.0,0.0,0.0
2101054,0.0,0.0,1.0,0.0,0.0,0.0,0.0
2101061,0.0,0.0,0.0,0.0,0.0,0.0,0.0
2104481,0.0,0.0,0.0,0.0,1.0,0.0,0.0
2104482,0.0,0.0,0.0,0.0,0.0,0.0,0.0
2105225,0.0,0.0,0.0,0.0,1.0,0.0,0.0
2105228,0.0,0.0,0.0,0.0,0.0,0.0,0.0
2105244,0.0,0.0,0.0,0.0,1.0,0.0,0.0
2105245,0.0,0.0,0.0,0.0,0.0,0.0,0.0
2105247,0.0,0.0,0.0,0.0,1.0,0.0,0.0
2105248,0.0,0.0,0.0,0.0,0.0,0.0,0.0
2105904,0.0,0.0,0.0,1.0,0.0,0.0,0.0
2105905,0.0,0.0,0.0,0.0,0.0,0.0,0.0
2106803,0.0,0.0,0.0,0.0,1.0,0.0,0.0
2106804,0.0,0.0,0.0,0.0,0.0,0.0,0.0
2109526,0.0,0.0,0.0,0.0,1.0,0.0,0.0
2109528,0.0,0.0,0.0,0.0,0.0,0.0,0.0
2110221,0.0,0.0,0.0,0.0,1.0,0.0,0.0
2110223,0.0,0.0,0.0,0.0,0.0,0.0,0.0
2112024,0.0,0.0,0.0,0.0,1.0,0.0,0.0
2112025,0.0,0.0,0.0,0.0,0.0,0.0,0.0
2112421,0.0,0.0,0.0,0.0,1.0,0.0,0.0
2112422,0.0,0.0,0.0,0.0,0.0,0.0,0.0
2112423,0.0,0.0,0.0,0.0,1.0,0.0,0.0
2112425,0.0,0.0,0.0,0.0,2.0,0.0,0.0
2112426,0.0,0.0,0.0,0.0,0.0,0.0,0.0
2113224,0.0,0.0,0.0,0.0,1.0,0.0,0.0
2113225,0.0,0.0,0.0,0.0,0.0,0.0,0.0
2113226,0.0,0.0,0.0,0.0,1.0,0.0,0.0
2113227,0.0,0.0,0.0,0.0,0.0,0.0,0.0
2116525,0.0,0.0,0.0,0.0,1.0,0.0,0.0
2116526,0.0,0.0,0.0,0.0,0.0,0.0,0.0
2116534,0.0,0.0,0.0,0.0,1.0,0.0,0.0
2116535,0.0,0.0,0.0,0.0,0.0,0.0,0.0
2119024,0.0,0.0,0.0,0.0,1.0,0.0,0.0
2119026,0.0,0.0,0.0,0.0,0.0,0.0,0.0
2119029,0.0,0.0,0.0,0.0,1.0,0.0,0.0
2119031,0.0,0.0,0.0,0.0,0.0,0.0,0.0
2120977,0.0,0.0,0.0,0.0,1.0,0.0,0.0
2120978,0.0,0.0,0.0,0.0,0.0,0.0,0.0
2124561,0.0,0.0,0.0,1.0,0.0,0.0,0.0
2124562,0.0,0.0,0.0,0.0,0.0,0.0,0.0
2128277,0.0,0.0,0.0,0.0,1.0,0.0,0.0
2128278,0.0,0.0,0.0,0.0,0.0,0.0,0.0
2128295,0.0,0.0,0.0,0.0,1.0,0.0,0.0
2128296,0.0,0.0,0.0,0.0,0.0,0.0,0.0
2128312,0.0,0.0,0.0,0.0,1.0,0.0,0.0
2128318,0.0,0.0,0.0,0.0,0.0,0.0,0.0
2128319,0.0,0.0,0.0,0.0,1.0,0.0,0.0
2128321,0.0,0.0,0.0,0.0,0.0,0.0,0.0
2128337,0.0,0.0,0.0,0.0,1.0,0.0,0.0
2128338,0.0,0.0,0.0,0.0,0.0,0.0,0.0
2130173,0.0,0.0,0.0,0.0,1.0,0.0,0.0
2130174,0.0,0.0,0.0,0.0,0.0,0.0,0.0
2131284,0.0,0.0,0.0,0.0,1.0,0.0,0.0
2131285,0.0,0.0,0.0,0.0,0.0,0.0,0.0
2131286,0.0,0.0,0.0,0.0,1.0,0.0,0.0
2131287,0.0,0.0,0.0,0.0,0.0,0.0,0.0
2131484,0.0,0.0,0.0,0.0,1.0,0.0,0.0
2131485,0.0,0.0,0.0,0.0,0.0,0.0,0.0
2131886,0.0,0.0,0.0,0.0,1.0,0.0,0.0
2131887,0.0,0.0,0.0,0.0,0.0,0.0,0.0
2131998,0.0,0.0,0.0,0.0,1.0,0.0,0.0
2131999,0.0,0.0,0.0,0.0,0.0,0.0,0.0
2132000,0.0,0.0,0.0,0.0,1.0,0.0,0.0
2132001,0.0,0.0,0.0,0.0,0.0,0.0,0.0
2133299,0.0,0.0,0.0,0.0,1.0,0.0,0.0
2133300,0.0,0.0,0.0,0.0,0.0,0.0,0.0
2134607,0.0,0.0,0.0,0.0,1.0,0.0,0.0
2134608,0.0,0.0,0.0,0.0,0.0,0.0,0.0
2134609,0.0,0.0,0.0,0.0,1.0,0.0,0.0
2134610,0.0,0.0,0.0,0.0,0.0,0.0,0.0
2135403,0.0,0.0,0.0,0.0,1.0,0.0,0.0
2135404,0.0,0.0,0.0,0.0,0.0,0.0,0.0
2135991,0.0,0.0,0.0,0.0,1.0,0.0,0.0
2135992,0.0,0.0,0.0,0.0,0.0,0.0,0.0
2139235,0.0,0.0,0.0,0.0,1.0,0.0,0.0
2139236,0.0,0.0,0.0,0.0,2.0,0.0,0.0
2139237,0.0,0.0,0.0,0.0,0.0,0.0,0.0
2141303,0.0,0.0,0.0,0.0,1.0,0.0,0.0
2141304,0.0,0.0,0.0,0.0,0.0,0.0,0.0
2141305,0.0,0.0,0.0,0.0,1.0,0.0,0.0
2141306,0.0,0.0,0.0,0.0,0.0,0.0,0.0
2141312,0.0,0.0,0.0,0.0,1.0,0.0,0.0
2141316,0.0,0.0,0.0,0.0,0.0,0.0,0.0
2141376,0.0,0.0,0.0,0.0,1.0,0.0,0.0
2141377,0.0,0.0,0.0,0.0,0.0,0.0,0.0
2144689,0.0,0.0,0.0,0.0,1.0,0.0,0.0
2144691,0.0,0.0,0.0,0.0,0.0,0.0,0.0
2144781,0.0,0.0,0.0,0.0,1.0,0.0,0.0
2144782,0.0,0.0,0.0,0.0,0.0,0.0,0.0
2144971,0.0,0.0,0.0,0.0,1.0,0.0,0.0
2144974,0.0,0.0,0.0,0.0,0.0,0.0,0.0
2144975,0.0,0.0,0.0,0.0,1.0,0.0,0.0
2144976,0.0,0.0,0.0,0.0,0.0,0.0,0.0
2144978,0.0,0.0,0.0,0.0,1.0,0.0,0.0
2144981,0.0,0.0,0.0,0.0,0.0,0.0,0.0
2144983,0.0,0.0,0.0,0.0,1.0,0.0,0.0
2144984,0.0,0.0,0.0,0.0,0.0,0.0,0.0
2145190,0.0,0.0,0.0,0.0,1.0,0.0,0.0
2145191,0.0,0.0,0.0,0.0,0.0,0.0,0.0
2149451,0.0,0.0,0.0,0.0,1.0,0.0,0.0
2149452,0.0,0.0,0.0,0.0,0.0,0.0,0.0
2151115,0.0,0.0,0.0,0.0,1.0,0.0,0.0
2151116,0.0,0.0,0.0,0.0,0.0,0.0,0.0
2153299,0.0,0.0,0.0,0.0,1.0,0.0,0.0
2153300,0.0,0.0,0.0,0.0,0.0,0.0,0.0
2155666,0.0,0.0,0.0,1.0,0.0,0.0,0.0
2155667,0.0,0.0,0.0,0.0,0.0,0.0,0.0
2155668,0.0,0.0,0.0,1.0,1.0,0.0,0.0
2155669,0.0,0.0,0.0,0.0,0.0,0.0,0.0
2155671,0.0,0.0,0.0,1.0,0.0,0.0,0.0
2155672,0.0,0.0,0.0,0.0,0.0,0.0,0.0
2155673,0.0,0.0,0.0,1.0,1.0,0.0,0.0
2155674,0.0,0.0,0.0,0.0,0.0,0.0,0.0
2155675,0.0,0.0,0.0,1.0,1.0,0.0,0.0
2155676,0.0,0.0,0.0,2.0,1.0,1.0,0.0
2155677,0.0,0.0,0.0,0.0,0.0,0.0,0.0
2155823,0.0,0.0,1.0,0.0,0.0,0.0,0.0
2155824,0.0,0.0,0.0,0.0,0.0,0.0,0.0
2155837,0.0,0.0,1.0,0.0,0.0,0.0,0.0
2155838,0.0,0.0,0.0,0.0,0.0,0.0,0.0
2155840,0.0,0.0,1.0,0.0,0.0,0.0,0.0
2155843,0.0,0.0,0.0,0.0,0.0,0.0,0.0
2156044,0.0,0.0,1.0,0.0,0.0,0.0,0.0
2156441,0.0,0.0,0.0,0.0,0.0,0.0,0.0
2156448,0.0,0.0,1.0,0.0,0.0,0.0,0.0
2156539,0.0,0.0,0.0,0.0,0.0,0.0,0.0
2156542,0.0,0.0,1.0,0.0,0.0,0.0,0.0
2156543,0.0,0.0,0.0,0.0,0.0,0.0,0.0
2156555,0.0,0.0,1.0,0.0,0.0,0.0,0.0
2156557,0.0,0.0,0.0,0.0,0.0,0.0,0.0
2156617,0.0,0.0,1.0,0.0,0.0,0.0,0.0
2156618,0.0,0.0,0.0,0.0,0.0,0.0,0.0
2156619,0.0,0.0,1.0,0.0,0.0,0.0,0.0
2156622,0.0,0.0,0.0,0.0,0.0,0.0,0.0
2156666,0.0,0.0,1.0,0.0,0.0,0.0,0.0
2156682,0.0,0.0,0.0,0.0,0.0,0.0,0.0
2156684,0.0,0.0,1.0,0.0,0.0,0.0,0.0
2156687,0.0,0.0,0.0,0.0,0.0,0.0,0.0
2163146,0.0,0.0,0.0,0.0,1.0,0.0,0.0
2163147,0.0,0.0,0.0,0.0,0.0,0.0,0.0
2163522,0.0,0.0,0.0,0.0,1.0,0.0,0.0
2163523,0.0,0.0,0.0,0.0,2.0,0.0,0.0
2163524,0.0,0.0,0.0,0.0,0.0,0.0,0.0
2164693,0.0,0.0,0.0,1.0,0.0,0.0,0.0
2164694,0.0,0.0,0.0,0.0,0.0,0.0,0.0
2166596,0.0,0.0,0.0,0.0,1.0,0.0,0.0
2166597,0.0,0.0,0.0,0.0,0.0,0.0,0.0
2167490,0.0,0.0,0.0,0.0,1.0,0.0,0.0
2167491,0.0,0.0,0.0,0.0,0.0,0.0,0.0
2168541,0.0,0.0,0.0,0.0,1.0,0.0,0.0
2168543,0.0,0.0,0.0,0.0,2.0,0.0,0.0
2168544,0.0,0.0,0.0,0.0,0.0,0.0,0.0
2169721,0.0,0.0,0.0,0.0,1.0,0.0,0.0
2169723,0.0,0.0,0.0,0.0,0.0,0.0,0.0
2169865,0.0,0.0,0.0,0.0,1.0,0.0,0.0
2169866,0.0,0.0,0.0,0.0,0.0,0.0,0.0
2171718,0.0,0.0,0.0,0.0,1.0,0.0,0.0
2171720,0.0,0.0,0.0,0.0,0.0,0.0,0.0
2175554,0.0,0.0,0.0,0.0,1.0,0.0,0.0
2175555,0.0,0.0,0.0,0.0,0.0,0.0,0.0
2176926,0.0,0.0,0.0,0.0,1.0,0.0,0.0
2176927,0.0,0.0,0.0,0.0,0.0,0.0,0.0
2176929,0.0,0.0,0.0,0.0,1.0,0.0,0.0
2176930,0.0,0.0,0.0,0.0,0.0,0.0,0.0
2178664,0.0,0.0,0.0,0.0,1.0,0.0,0.0
2178665,0.0,0.0,0.0,0.0,0.0,0.0,0.0
2178666,0.0,0.0,0.0,0.0,1.0,0.0,0.0
2178667,0.0,0.0,0.0,0.0,0.0,0.0,0.0
2178669,0.0,0.0,0.0,0.0,1.0,0.0,0.0
2178670,0.0,0.0,0.0,0.0,0.0,0.0,0.0
2178677,0.0,0.0,0.0,0.0,1.0,0.0,0.0
2178678,0.0,0.0,0.0,0.0,0.0,0.0,0.0
2180089,0.0,0.0,0.0,0.0,1.0,0.0,0.0
2180090,0.0,0.0,0.0,0.0,0.0,0.0,0.0
2182483,0.0,0.0,0.0,0.0,1.0,0.0,0.0
2182484,0.0,0.0,0.0,0.0,0.0,0.0,0.0
2182487,0.0,0.0,0.0,0.0,1.0,0.0,0.0
2182489,0.0,0.0,0.0,0.0,0.0,0.0,0.0
2182893,0.0,0.0,0.0,0.0,1.0,0.0,0.0
2182894,0.0,0.0,0.0,0.0,0.0,0.0,0.0
2184688,0.0,0.0,0.0,0.0,1.0,0.0,0.0
2184689,0.0,0.0,0.0,0.0,0.0,0.0,0.0
2184706,0.0,0.0,0.0,0.0,1.0,0.0,0.0
2184707,0.0,0.0,0.0,0.0,0.0,0.0,0.0
2184708,0.0,0.0,0.0,0.0,1.0,0.0,0.0
2184709,0.0,0.0,0.0,0.0,0.0,0.0,0.0
2184714,0.0,0.0,0.0,0.0,1.0,0.0,0.0
2184715,0.0,0.0,0.0,0.0,0.0,0.0,0.0
2185350,0.0,0.0,0.0,0.0,1.0,0.0,0.0
2185352,0.0,0.0,0.0,0.0,0.0,0.0,0.0
2187879,0.0,0.0,0.0,0.0,1.0,0.0,0.0
2187881,0.0,0.0,0.0,1.0,2.0,0.0,0.0
2187882,0.0,0.0,0.0,1.0,0.0,0.0,0.0
2187883,0.0,0.0,0.0,0.0,0.0,0.0,0.0
2187887,0.0,0.0,0.0,1.0,0.0,0.0,0.0
2187888,0.0,0.0,0.0,0.0,0.0,0.0,0.0
2188375,0.0,0.0,0.0,0.0,1.0,0.0,0.0
2188376,0.0,0.0,0.0,0.0,0.0,0.0,0.0
2188378,0.0,0.0,0.0,0.0,1.0,0.0,0.0
2188379,0.0,0.0,0.0,0.0,0.0,0.0,0.0
2188384,0.0,0.0,0.0,0.0,1.0,0.0,0.0
2188385,0.0,0.0,0.0,0.0,0.0,0.0,0.0
2191523,0.0,0.0,0.0,0.0,1.0,0.0,0.0
2191527,0.0,0.0,0.0,0.0,0.0,0.0,0.0
2191528,0.0,0.0,0.0,0.0,1.0,0.0,0.0
2191529,0.0,0.0,0.0,0.0,0.0,0.0,0.0
2191803,0.0,0.0,0.0,0.0,1.0,0.0,0.0
2191808,0.0,0.0,0.0,0.0,2.0,0.0,0.0
2191809,0.0,0.0,0.0,0.0,0.0,0.0,0.0
2194216,0.0,0.0,0.0,0.0,1.0,0.0,0.0
2194222,0.0,0.0,0.0,0.0,0.0,0.0,0.0
2195356,0.0,2.0,0.0,0.0,0.0,1.0,0.0
2195357,0.0,0.0,0.0,0.0,0.0,0.0,0.0
2198410,0.0,0.0,0.0,0.0,1.0,0.0,0.0
2198411,0.0,0.0,0.0,0.0,0.0,0.0,0.0
2198412,0.0,0.0,0.0,0.0,1.0,0.0,0.0
2198413,0.0,0.0,0.0,0.0,0.0,0.0,0.0
2199210,0.0,0.0,1.0,0.0,0.0,0.0,0.0
2199213,0.0,0.0,0.0,0.0,0.0,0.0,0.0
2199214,0.0,0.0,1.0,0.0,0.0,0.0,0.0
2199407,0.0,0.0,1.0,0.0,1.0,0.0,0.0
2199408,0.0,0.0,1.0,0.0,0.0,0.0,0.0
2200000,0.0,0.0,1.0,0.0,0.0,0.0,1.0
2200001,0.0,0.0,1.0,0.0,0.0,0.0,0.0
2200583,0.0,0.0,1.0,0.0,1.0,0.0,0.0
2200584,0.0,0.0,1.0,0.0,0.0,0.0,0.0
2200735,0.0,2.0,1.0,0.0,0.0,0.0,0.0
2200736,0.0,0.0,1.0,0.0,0.0,0.0,0.0
2201742,0.0,0.0,2.0,0.0,0.0,0.0,0.0
2201743,0.0,0.0,0.0,0.0,1.0,0.0,0.0
2201744,0.0,0.0,0.0,0.0,0.0,0.0,0.0
2201761,0.0,0.0,0.0,0.0,1.0,0.0,0.0
2201762,0.0,0.0,0.0,0.0,0.0,0.0,0.0
2201800,0.0,0.0,1.0,0.0,0.0,0.0,0.0
2201801,0.0,0.0,0.0,0.0,0.0,0.0,0.0
2202598,0.0,0.0,0.0,1.0,0.0,0.0,0.0
2202599,0.0,0.0,0.0,0.0,0.0,0.0,0.0
2202602,0.0,0.0,0.0,1.0,0.0,0.0,0.0
2202603,0.0,0.0,0.0,0.0,0.0,0.0,0.0
2202606,0.0,0.0,0.0,1.0,0.0,0.0,0.0
2202607,0.0,0.0,0.0,0.0,0.0,0.0,0.0
2202609,0.0,0.0,0.0,1.0,0.0,0.0,0.0
2202611,0.0,0.0,0.0,0.0,0.0,0.0,0.0
2202632,0.0,0.0,0.0,1.0,0.0,0.0,0.0
2202633,0.0,0.0,0.0,0.0,0.0,0.0,0.0
2202634,0.0,0.0,0.0,1.0,0.0,0.0,0.0
2202641,0.0,0.0,0.0,0.0,0.0,0.0,0.0
2202644,0.0,0.0,0.0,1.0,0.0,0.0,0.0
2202645,0.0,0.0,0.0,0.0,0.0,0.0,0.0
2202647,0.0,0.0,0.0,1.0,0.0,0.0,0.0
2202662,0.0,0.0,0.0,0.0,0.0,0.0,0.0
2202694,0.0,0.0,0.0,1.0,0.0,0.0,0.0
2202696,0.0,0.0,0.0,0.0,0.0,0.0,0.0
2202698,0.0,0.0,0.0,1.0,0.0,0.0,0.0
2203292,2.0,0.0,0.0,1.0,0.0,1.0,0.0
2203293,0.0,0.0,0.0,0.0,0.0,0.0,0.0
2203443,0.0,0.0,1.0,0.0,0.0,0.0,0.0
2203630,0.0,0.0,0.0,0.0,0.0,0.0,0.0
2203637,0.0,0.0,1.0,0.0,0.0,0.0,0.0
2203639,0.0,0.0,0.0,0.0,0.0,0.0,0.0
2203641,0.0,0.0,1.0,0.0,0.0,0.0,0.0
2203656,0.0,0.0,0.0,0.0,0.0,0.0,0.0
2203704,0.0,0.0,1.0,0.0,0.0,0.0,0.0
2203736,0.0,0.0,0.0,0.0,0.0,0.0,0.0
2203742,0.0,0.0,1.0,0.0,0.0,0.0,0.0
2205171,0.0,0.0,1.0,1.0,0.0,0.0,0.0
2205172,0.0,0.0,1.0,0.0,0.0,0.0,0.0
2207454,0.0,0.0,1.0,1.0,0.0,0.0,0.0
2207455,0.0,0.0,1.0,0.0,0.0,0.0,0.0
2207857,0.0,0.0,1.0,0.0,1.0,0.0,0.0
2207858,0.0,0.0,1.0,0.0,0.0,0.0,0.0
2208027,0.0,0.0,1.0,1.0,1.0,0.0,0.0
2208030,0.0,0.0,1.0,1.0,0.0,0.0,0.0
2208031,0.0,0.0,1.0,0.0,0.0,0.0,0.0
2208090,0.0,0.0,1.0,0.0,1.0,0.0,0.0
2208091,0.0,0.0,1.0,0.0,0.0,0.0,0.0
2209933,0.0,0.0,1.0,0.0,1.0,0.0,0.0
2209934,0.0,0.0,1.0,0.0,0.0,0.0,0.0
2209940,0.0,0.0,1.0,0.0,1.0,0.0,0.0
2209941,0.0,0.0,1.0,0.0,0.0,0.0,0.0
2210243,0.0,0.0,1.0,0.0,1.0,0.0,0.0
2210244,0.0,0.0,1.0,0.0,0.0,0.0,0.0
2210245,0.0,0.0,1.0,0.0,1.0,0.0,0.0
2210247,0.0,0.0,1.0,0.0,0.0,0.0,0.0
2210690,0.0,0.0,1.0,0.0,1.0,0.0,0.0
2210691,0.0,0.0,1.0,0.0,0.0,0.0,0.0
2211079,0.0,0.0,1.0,0.0,1.0,0.0,0.0
2211080,0.0,0.0,1.0,0.0,0.0,0.0,0.0
2211081,0.0,0.0,1.0,0.0,1.0,0.0,0.0
2211082,0.0,0.0,1.0,0.0,2.0,0.0,0.0
2211083,0.0,0.0,1.0,0.0,0.0,0.0,0.0
2211873,0.0,0.0,1.0,0.0,1.0,0.0,0.0
2211874,0.0,0.0,1.0,0.0,0.0,0.0,0.0
2211891,0.0,0.0,1.0,0.0,1.0,0.0,0.0
2211892,0.0,0.0,1.0,0.0,0.0,0.0,0.0
2211893,0.0,0.0,1.0,0.0,1.0,0.0,0.0
2211894,0.0,0.0,1.0,0.0,2.0,0.0,0.0
2211895,0.0,0.0,1.0,0.0,0.0,0.0,0.0
2212456,0.0,0.0,1.0,0.0,1.0,0.0,0.0
2212459,0.0,0.0,1.0,0.0,0.0,0.0,0.0
2212464,0.0,0.0,1.0,0.0,1.0,0.0,0.0
2212466,0.0,0.0,1.0,0.0,0.0,0.0,0.0
2215867,0.0,0.0,1.0,0.0,1.0,0.0,0.0
2215868,0.0,0.0,1.0,0.0,0.0,0.0,0.0
2215891,0.0,0.0,1.0,0.0,1.0,0.0,0.0
2215896,0.0,0.0,1.0,0.0,0.0,0.0,0.0
2215897,0.0,0.0,1.0,0.0,1.0,0.0,0.0
2215898,0.0,0.0,1.0,0.0,0.0,0.0,0.0
2215899,0.0,0.0,1.0,0.0,1.0,0.0,0.0
2215901,0.0,0.0,1.0,0.0,2.0,0.0,0.0
2215902,0.0,0.0,1.0,0.0,0.0,0.0,0.0
2219700,0.0,0.0,1.0,0.0,1.0,0.0,0.0
2219702,0.0,0.0,1.0,0.0,2.0,0.0,0.0
2219703,0.0,0.0,1.0,0.0,0.0,0.0,0.0
2223294,0.0,0.0,1.0,0.0,1.0,0.0,0.0
2223295,0.0,0.0,1.0,0.0,0.0,0.0,0.0
2223803,0.0,0.0,1.0,0.0,1.0,0.0,0.0
2223804,0.0,0.0,1.0,0.0,0.0,0.0,0.0
2223810,0.0,0.0,1.0,0.0,1.0,0.0,0.0
2223811,0.0,0.0,1.0,0.0,0.0,0.0,0.0
2223945,0.0,0.0,1.0,0.0,1.0,0.0,0.0
2223948,0.0,0.0,1.0,0.0,0.0,0.0,0.0
2223958,0.0,0.0,1.0,0.0,1.0,0.0,0.0
2223959,0.0,0.0,1.0,0.0,0.0,0.0,0.0
2223970,0.0,0.0,1.0,0.0,1.0,0.0,0.0
2223971,0.0,0.0,1.0,0.0,0.0,0.0,0.0
2223973,0.0,0.0,1.0,0.0,1.0,0.0,0.0
2223976,0.0,0.0,1.0,0.0,0.0,0.0,0.0
2223979,0.0,0.0,1.0,0.0,1.0,0.0,0.0
2223981,0.0,0.0,1.0,0.0,0.0,0.0,0.0
2223982,0.0,0.0,1.0,0.0,1.0,0.0,0.0
2223990,0.0,0.0,1.0,0.0,0.0,0.0,0.0
2224444,0.0,0.0,1.0,0.0,1.0,0.0,0.0
2224445,0.0,0.0,1.0,0.0,0.0,0.0,0.0
2224446,0.0,0.0,1.0,0.0,1.0,0.0,0.0
2224450,0.0,0.0,1.0,0.0,2.0,0.0,0.0
2224451,0.0,0.0,1.0,0.0,0.0,0.0,0.0
2228604,0.0,0.0,1.0,0.0,1.0,0.0,0.0
2228605,0.0,0.0,1.0,0.0,0.0,0.0,0.0
2228606,0.0,0.0,1.0,0.0,1.0,0.0,0.0
2228607,0.0,0.0,1.0,0.0,0.0,0.0,0.0
2228759,0.0,0.0,1.0,0.0,1.0,0.0,0.0
2228760,0.0,0.0,1.0,0.0,0.0,0.0,0.0
2228761,0.0,0.0,1.0,0.0,1.0,0.0,0.0
2228762,0.0,0.0,1.0,0.0,0.0,0.0,0.0
2230518,0.0,0.0,1.0,0.0,1.0,0.0,0.0
2230519,0.0,0.0,1.0,0.0,0.0,0.0,0.0
2230520,0.0,0.0,1.0,0.0,1.0,0.0,0.0
2230521,0.0,0.0,1.0,0.0,0.0,0.0,0.0
2230811,0.0,0.0,1.0,0.0,1.0,0.0,0.0
2230812,0.0,0.0,1.0,0.0,0.0,0.0,0.0
2231012,0.0,0.0,1.0,0.0,1.0,0.0,0.0
2231013,0.0,0.0,1.0,0.0,0.0,0.0,0.0
2231441,0.0,0.0,1.0,0.0,1.0,0.0,0.0
2231442,0.0,0.0,1.0,0.0,0.0,0.0,0.0
2232391,0.0,0.0,1.0,0.0,1.0,0.0,0.0
2232392,0.0,0.0,1.0,0.0,0.0,0.0,0.0
2232393,0.0,0.0,1.0,0.0,1.0,0.0,0.0
2232394,0.0,0.0,1.0,0.0,0.0,0.0,0.0
2232396,0.0,0.0,1.0,0.0,1.0,0.0,0.0
2232401,0.0,0.0,1.0,0.0,0.0,0.0,0.0
2232594,0.0,0.0,1.0,0.0,1.0,0.0,0.0
2232595,0.0,0.0,1.0,0.0,0.0,0.0,0.0
2234037,0.0,0.0,1.0,0.0,1.0,0.0,0.0
2234038,0.0,0.0,1.0,0.0,0.0,0.0,0.0
2234613,0.0,0.0,1.0,0.0,1.0,0.0,0.0
2234614,0.0,0.0,1.0,0.0,0.0,0.0,0.0
2234615,0.0,0.0,1.0,0.0,1.0,0.0,0.0
2234616,0.0,0.0,1.0,0.0,0.0,0.0,0.0
2234623,0.0,0.0,1.0,0.0,1.0,0.0,0.0
2234624,0.0,0.0,1.0,0.0,0.0,0.0,0.0
2234627,0.0,0.0,1.0,0.0,1.0,0.0,0.0
2234628,0.0,0.0,1.0,0.0,0.0,0.0,0.0
2234814,0.0,0.0,1.0,0.0,1.0,0.0,0.0
2234815,0.0,0.0,1.0,0.0,0.0,0.0,0.0
2234816,0.0,0.0,1.0,0.0,1.0,0.0,0.0
2234818,0.0,0.0,1.0,0.0,0.0,0.0,0.0
2234950,0.0,0.0,1.0,0.0,1.0,0.0,0.0
2234952,0.0,0.0,1.0,0.0,0.0,0.0,0.0
2234953,0.0,0.0,1.0,0.0,1.0,0.0,0.0
2234956,0.0,0.0,1.0,0.0,0.0,0.0,0.0
2234957,0.0,0.0,1.0,0.0,1.0,0.0,0.0
2234958,0.0,0.0,1.0,0.0,0.0,0.0,0.0
2234975,0.0,0.0,1.0,0.0,1.0,0.0,0.0
2234976,0.0,0.0,1.0,0.0,0.0,0.0,0.0
2236357,0.0,0.0,1.0,0.0,1.0,0.0,0.0
2236358,0.0,0.0,1.0,0.0,0.0,0.0,0.0
2236359,0.0,0.0,1.0,0.0,1.0,0.0,0.0
2236360,0.0,0.0,1.0,0.0,0.0,0.0,0.0
2237529,0.0,0.0,1.0,0.0,1.0,0.0,0.0
2237532,0.0,0.0,1.0,0.0,0.0,0.0,0.0
2237555,0.0,0.0,1.0,0.0,1.0,0.0,0.0
2237556,0.0,0.0,1.0,0.0,0.0,0.0,0.0
2239274,0.0,0.0,1.0,0.0,1.0,0.0,0.0
2239275,0.0,0.0,1.0,0.0,0.0,0.0,0.0
2239981,0.0,0.0,1.0,0.0,1.0,0.0,0.0
2239982,0.0,0.0,1.0,0.0,0.0,0.0,0.0
2239991,0.0,0.0,1.0,0.0,1.0,0.0,0.0
2239993,0.0,0.0,1.0,0.0,2.0,0.0,0.0
2239994,0.0,0.0,1.0,0.0,0.0,0.0,0.0
2241423,0.0,0.0,1.0,0.0,1.0,0.0,0.0
2241426,0.0,0.0,1.0,0.0,0.0,0.0,0.0
2244632,0.0,0.0,1.0,0.0,1.0,0.0,0.0
2244633,0.0,0.0,1.0,0.0,0.0,0.0,0.0
2244634,0.0,0.0,1.0,0.0,1.0,0.0,0.0
2244636,0.0,0.0,1.0,0.0,2.0,0.0,0.0
2244637,0.0,0.0,1.0,0.0,0.0,0.0,0.0
2245969,0.0,0.0,1.0,0.0,1.0,0.0,0.0
2245970,0.0,0.0,1.0,0.0,0.0,0.0,0.0
2246919,0.0,0.0,1.0,0.0,1.0,0.0,0.0
2246920,0.0,0.0,1.0,0.0,0.0,0.0,0.0
2247542,0.0,0.0,1.0,0.0,1.0,0.0,0.0
2247543,0.0,0.0,1.0,0.0,0.0,0.0,0.0
2247544,0.0,0.0,1.0,0.0,1.0,0.0,0.0
2247547,0.0,0.0,1.0,0.0,0.0,0.0,0.0
2248742,0.0,0.0,1.0,0.0,1.0,0.0,0.0
2248744,0.0,0.0,1.0,0.0,0.0,0.0,0.0
2248953,0.0,0.0,1.0,0.0,1.0,0.0,0.0
2248960,0.0,0.0,1.0,0.0,0.0,0.0,0.0
2249032,0.0,0.0,1.0,0.0,1.0,0.0,0.0
2249033,0.0,0.0,1.0,0.0,0.0,0.0,0.0
2252146,0.0,0.0,1.0,0.0,1.0,0.0,0.0
2252149,0.0,0.0,1.0,0.0,0.0,0.0,0.0
2252150,0.0,0.0,1.0,0.0,1.0,0.0,0.0
2252151,0.0,0.0,1.0,0.0,0.0,0.0,0.0
2252986,0.0,0.0,1.0,0.0,1.0,0.0,0.0
2252987,0.0,0.0,1.0,0.0,0.0,0.0,0.0
2255875,0.0,0.0,1.0,0.0,1.0,0.0,0.0
2255876,0.0,0.0,1.0,0.0,0.0,0.0,0.0
2256093,0.0,0.0,1.0,0.0,1.0,0.0,0.0
2256094,0.0,0.0,1.0,0.0,0.0,0.0,0.0
2256095,0.0,0.0,1.0,0.0,1.0,0.0,0.0
2256096,0.0,0.0,1.0,0.0,0.0,0.0,0.0
2257827,0.0,0.0,1.0,0.0,1.0,0.0,0.0
2257828,0.0,0.0,1.0,0.0,0.0,0.0,0.0
2258017,0.0,0.0,1.0,0.0,1.0,0.0,0.0
2258020,0.0,0.0,1.0,0.0,2.0,0.0,0.0
2258021,0.0,0.0,1.0,0.0,0.0,0.0,0.0
2260178,0.0,0.0,1.0,0.0,1.0,0.0,0.0
2260179,0.0,0.0,1.0,0.0,0.0,0.0,0.0
2261599,0.0,0.0,1.0,0.0,1.0,0.0,0.0
2261600,0.0,0.0,1.0,0.0,0.0,0.0,0.0
2261604,0.0,0.0,1.0,0.0,1.0,0.0,0.0
2261605,0.0,0.0,1.0,0.0,0.0,0.0,0.0
2261606,0.0,0.0,1.0,0.0,1.0,0.0,0.0
2261611,0.0,0.0,1.0,0.0,0.0,0.0,0.0
2262388,0.0,0.0,1.0,0.0,1.0,0.0,0.0
2262389,0.0,0.0,1.0,0.0,0.0,0.0,0.0
2264630,0.0,0.0,1.0,0.0,1.0,0.0,0.0
2264637,0.0,0.0,1.0,0.0,0.0,0.0,0.0
2264638,0.0,0.0,1.0,0.0,1.0,0.0,0.0
2264640,0.0,0.0,1.0,0.0,0.0,0.0,0.0
2265424,0.0,0.0,1.0,0.0,1.0,0.0,0.0
2265425,0.0,0.0,1.0,0.0,0.0,0.0,0.0
2265434,0.0,0.0,1.0,0.0,1.0,0.0,0.0
2265435,0.0,0.0,1.0,0.0,0.0,0.0,0.0
2266124,0.0,0.0,1.0,0.0,1.0,0.0,0.0
2266127,0.0,0.0,1.0,0.0,0.0,0.0,0.0
2266131,0.0,0.0,1.0,0.0,1.0,0.0,0.0
2266132,0.0,0.0,1.0,0.0,0.0,0.0,0.0
2268775,0.0,0.0,1.0,0.0,1.0,0.0,0.0
2268776,0.0,0.0,1.0,0.0,0.0,0.0,0.0
2268777,0.0,0.0,1.0,0.0,1.0,0.0,0.0
2268780,0.0,0.0,1.0,0.0,0.0,0.0,0.0
2269577,0.0,0.0,1.0,0.0,1.0,0.0,0.0
2269579,0.0,0.0,1.0,0.0,0.0,0.0,0.0
2269982,0.0,0.0,1.0,0.0,1.0,0.0,0.0
2269983,0.0,0.0,1.0,0.0,0.0,0.0,0.0
2270003,0.0,0.0,1.0,0.0,1.0,0.0,0.0
2270006,0.0,0.0,1.0,0.0,0.0,0.0,0.0
2270037,0.0,0.0,1.0,0.0,1.0,0.0,0.0
2270038,0.0,0.0,1.0,0.0,0.0,0.0,0.0
2270160,0.0,0.0,1.0,0.0,1.0,0.0,0.0
2270161,0.0,0.0,1.0,0.0,0.0,0.0,0.0
2270162,0.0,0.0,1.0,0.0,1.0,0.0,0.0
2270163,0.0,0.0,1.0,0.0,0.0,0.0,0.0
2270165,0.0,0.0,1.0,0.0,1.0,0.0,0.0
2270166,0.0,0.0,1.0,0.0,0.0,0.0,0.0
2270167,0.0,0.0,1.0,0.0,1.0,0.0,0.0
2270168,0.0,0.0,1.0,0.0,0.0,0.0,0.0
2271111,0.0,0.0,1.0,0.0,1.0,0.0,0.0
2271112,0.0,0.0,1.0,0.0,0.0,0.0,0.0
2271114,0.0,0.0,1.0,0.0,1.0,0.0,0.0
2271115,0.0,0.0,1.0,0.0,0.0,0.0,0.0
2271119,0.0,0.0,1.0,0.0,1.0,0.0,0.0
2271120,0.0,0.0,1.0,0.0,0.0,0.0,0.0
2273600,0.0,0.0,1.0,0.0,1.0,0.0,0.0
2273601,0.0,0.0,1.0,0.0,0.0,0.0,0.0
2273989,0.0,0.0,1.0,0.0,1.0,0.0,0.0
2273990,0.0,0.0,1.0,0.0,0.0,0.0,0.0
2273993,0.0,0.0,1.0,0.0,1.0,0.0,0.0
2273994,0.0,0.0,1.0,0.0,0.0,0.0,0.0
2273995,0.0,0.0,1.0,0.0,1.0,0.0,0.0
2273996,0.0,0.0,1.0,0.0,2.0,0.0,0.0
2273997,0.0,0.0,1.0,0.0,0.0,0.0,0.0
2274236,0.0,0.0,1.0,0.0,1.0,0.0,0.0
2274237,0.0,0.0,1.0,0.0,0.0,0.0,0.0
2274238,0.0,0.0,1.0,0.0,1.0,0.0,0.0
2274239,0.0,0.0,1.0,0.0,0.0,0.0,0.0
2275802,0.0,0.0,1.0,0.0,1.0,0.0,0.0
2275803,0.0,0.0,1.0,0.0,0.0,0.0,0.0
2275804,0.0,0.0,1.0,0.0,1.0,0.0,0.0
2275806,0.0,0.0,1.0,0.0,0.0,0.0,0.0
2278010,0.0,0.0,1.0,0.0,1.0,0.0,0.0
2278011,0.0,0.0,1.0,0.0,0.0,0.0,0.0
2278842,0.0,0.0,1.0,0.0,1.0,0.0,0.0
2278843,0.0,0.0,1.0,0.0,0.0,0.0,0.0
2279483,0.0,0.0,1.0,0.0,1.0,0.0,0.0
2279484,0.0,0.0,1.0,0.0,2.0,0.0,0.0
2279485,0.0,0.0,1.0,0.0,0.0,0.0,0.0
2280417,0.0,0.0,1.0,0.0,1.0,0.0,0.0
2280418,0.0,0.0,1.0,0.0,0.0,0.0,0.0
2283666,0.0,0.0,1.0,0.0,1.0,0.0,0.0
2283667,0.0,0.0,1.0,0.0,0.0,0.0,0.0
2285151,0.0,0.0,1.0,0.0,1.0,0.0,0.0
2285152,0.0,0.0,1.0,0.0,0.0,0.0,0.0
2285156,0.0,0.0,1.0,0.0,1.0,0.0,0.0
2285157,0.0,0.0,1.0,0.0,0.0,0.0,0.0
2287366,0.0,0.0,1.0,0.0,1.0,0.0,0.0
2287367,0.0,0.0,1.0,0.0,0.0,0.0,0.0
2287368,0.0,0.0,1.0,0.0,1.0,0.0,0.0
2287369,0.0,0.0,1.0,0.0,0.0,0.0,0.0
2287370,0.0,0.0,1.0,0.0,1.0,0.0,0.0
2287371,0.0,0.0,1.0,0.0,0.0,0.0,0.0
2287725,0.0,0.0,1.0,0.0,1.0,0.0,0.0
2287726,0.0,0.0,1.0,0.0,0.0,0.0,0.0
2290191,0.0,0.0,1.0,0.0,1.0,0.0,0.0
2290192,0.0,0.0,1.0,0.0,0.0,0.0,0.0
2290193,0.0,0.0,1.0,0.0,1.0,0.0,0.0
2290194,0.0,0.0,1.0,0.0,0.0,0.0,0.0
2290196,0.0,0.0,1.0,0.0,1.0,0.0,0.0
2290199,0.0,0.0,1.0,0.0,0.0,0.0,0.0
2290202,0.0,0.0,1.0,0.0,1.0,0.0,0.0
2290203,0.0,0.0,1.0,0.0,0.0,0.0,0.0
2290215,0.0,0.0,1.0,0.0,1.0,0.0,0.0
2290216,0.0,0.0,1.0,0.0,0.0,0.0,0.0
2290217,0.0,0.0,1.0,0.0,1.0,0.0,0.0
2290218,0.0,0.0,1.0,0.0,0.0,0.0,0.0
2291223,0.0,0.0,1.0,0.0,1.0,0.0,0.0
2291224,0.0,0.0,1.0,0.0,0.0,0.0,0.0
2291225,0.0,0.0,1.0,0.0,1.0,0.0,0.0
2291226,0.0,0.0,1.0,0.0,0.0,0.0,0.0
2291770,0.0,0.0,1.0,0.0,1.0,0.0,0.0
2291771,0.0,0.0,1.0,0.0,0.0,0.0,0.0
2292485,0.0,0.0,1.0,0.0,1.0,0.0,0.0
2292487,0.0,0.0,1.0,0.0,2.0,0.0,0.0
2292488,0.0,0.0,1.0,0.0,0.0,0.0,0.0
2296237,0.0,0.0,1.0,0.0,1.0,0.0,0.0
2296238,0.0,0.0,1.0,0.0,0.0,0.0,0.0
2296489,0.0,0.0,1.0,0.0,1.0,0.0,0.0
2296491,0.0,0.0,1.0,0.0,0.0,0.0,0.0
2296495,0.0,0.0,1.0,0.0,1.0,0.0,0.0
2296496,0.0,0.0,1.0,0.0,0.0,0.0,0.0
2296497,0.0,0.0,1.0,0.0,1.0,0.0,0.0
2296500,0.0,0.0,1.0,0.0,0.0,0.0,0.0
2296532,0.0,0.0,1.0,0.0,1.0,0.0,0.0
2296533,0.0,0.0,1.0,0.0,0.0,0.0,0.0
2297817,0.0,0.0,1.0,0.0,1.0,0.0,0.0
2297818,0.0,0.0,1.0,0.0,0.0,0.0,0.0
2297819,0.0,0.0,1.0,0.0,1.0,0.0,0.0
2297820,0.0,0.0,1.0,0.0,0.0,0.0,0.0
2298068,0.0,0.0,1.0,0.0,1.0,0.0,0.0
2298069,0.0,0.0,1.0,0.0,0.0,0.0,0.0
2298164,0.0,0.0,1.0,0.0,1.0,0.0,0.0
2298165,0.0,0.0,1.0,0.0,0.0,0.0,0.0
2298166,0.0,0.0,1.0,0.0,1.0,0.0,0.0
2298167,0.0,0.0,1.0,0.0,2.0,0.0,0.0
2298168,0.0,0.0,1.0,0.0,0.0,0.0,0.0
2298521,0.0,0.0,1.0,0.0,1.0,0.0,0.0
2298524,0.0,0.0,1.0,0.0,0.0,0.0,0.0
2298975,0.0,0.0,1.0,1.0,0.0,0.0,0.0
2298977,0.0,0.0,1.0,0.0,0.0,0.0,0.0
2298978,0.0,0.0,1.0,1.0,0.0,0.0,0.0
2298981,0.0,0.0,1.0,0.0,0.0,0.0,0.0
2298994,0.0,0.0,1.0,1.0,0.0,0.0,0.0
2298995,0.0,0.0,1.0,0.0,0.0,0.0,0.0
2299016,0.0,2.0,1.0,1.0,0.0,0.0,0.0
2299017,0.0,0.0,1.0,0.0,0.0,0.0,0.0
2299048,0.0,0.0,1.0,1.0,0.0,0.0,0.0
2299049,0.0,0.0,1.0,0.0,0.0,0.0,0.0
2299050,0.0,0.0,1.0,1.0,0.0,0.0,0.0
2299068,0.0,0.0,1.0,0.0,0.0,0.0,0.0
2299069,0.0,0.0,1.0,1.0,0.0,0.0,0.0
2299082,0.0,0.0,1.0,0.0,0.0,0.0,0.0
2299083,0.0,0.0,1.0,1.0,0.0,0.0,0.0
2299188,0.0,0.0,1.0,2.0,0.0,1.0,0.0
2299189,0.0,0.0,0.0,0.0,0.0,0.0,0.0
2299251,0.0,0.0,1.0,0.0,0.0,0.0,0.0
2299255,0.0,0.0,0.0,0.0,0.0,0.0,0.0
2299260,0.0,0.0,1.0,0.0,0.0,0.0,0.0
2299265,0.0,0.0,0.0,0.0,0.0,0.0,0.0
2299267,0.0,0.0,1.0,0.0,0.0,0.0,0.0
2299268,0.0,0.0,0.0,0.0,0.0,0.0,0.0
2299269,0.0,0.0,1.0,0.0,0.0,0.0,0.0
2299280,0.0,0.0,0.0,0.0,0.0,0.0,0.0
2299292,0.0,0.0,1.0,0.0,0.0,0.0,0.0
2299293,0.0,0.0,0.0,0.0,0.0,0.0,0.0
2299297,0.0,0.0,1.0,0.0,0.0,0.0,0.0
2299302,0.0,0.0,0.0,0.0,0.0,0.0,0.0
2299322,0.0,0.0,1.0,0.0,0.0,0.0,0.0
2299324,0.0,0.0,0.0,0.0,0.0,0.0,0.0
2299325,0.0,0.0,1.0,0.0,0.0,0.0,0.0
2299377,0.0,0.0,0.0,0.0,0.0,0.0,0.0
2302442,0.0,0.0,0.0,0.0,1.0,0.0,0.0
2302447,0.0,0.0,0.0,0.0,2.0,0.0,0.0
2302448,0.0,0.0,0.0,0.0,0.0,0.0,0.0
2305510,0.0,0.0,0.0,0.0,1.0,0.0,0.0
2305516,0.0,0.0,0.0,0.0,0.0,0.0,0.0
2305517,0.0,0.0,0.0,0.0,1.0,0.0,0.0
2305518,0.0,0.0,0.0,0.0,0.0,0.0,0.0
2307336,0.0,0.0,0.0,1.0,0.0,0.0,0.0
2307338,0.0,0.0,0.0,0.0,0.0,0.0,0.0
2307339,0.0,0.0,0.0,1.0,0.0,0.0,0.0
2307340,0.0,0.0,0.0,0.0,0.0,0.0,0.0
2310194,0.0,0.0,0.0,0.0,1.0,0.0,0.0
2310197,0.0,0.0,0.0,0.0,0.0,0.0,0.0
2310199,0.0,0.0,0.0,0.0,1.0,0.0,0.0
2310200,0.0,0.0,0.0,0.0,0.0,0.0,0.0
2311277,0.0,0.0,0.0,0.0,1.0,0.0,0.0
2311278,0.0,0.0,0.0,0.0,0.0,0.0,0.0
2311774,0.0,0.0,0.0,0.0,1.0,0.0,0.0
2311776,0.0,0.0,0.0,0.0,2.0,0.0,0.0
2311777,0.0,0.0,0.0,0.0,0.0,0.0,0.0
2314214,0.0,0.0,0.0,0.0,1.0,0.0,0.0
2314215,0.0,0.0,0.0,0.0,0.0,0.0,0.0
2314216,0.0,0.0,0.0,0.0,1.0,0.0,0.0
2314219,0.0,0.0,0.0,0.0,0.0,0.0,0.0
2314220,0.0,0.0,0.0,0.0,1.0,0.0,0.0
2314222,0.0,0.0,0.0,0.0,0.0,0.0,0.0
2314690,0.0,0.0,0.0,0.0,1.0,0.0,0.0
2314691,0.0,0.0,0.0,0.0,0.0,0.0,0.0
2314695,0.0,0.0,0.0,0.0,1.0,0.0,0.0
2314696,0.0,0.0,0.0,0.0,0.0,0.0,0.0
2314960,0.0,0.0,0.0,0.0,1.0,0.0,0.0
2314961,0.0,0.0,0.0,0.0,0.0,0.0,0.0
2314962,0.0,0.0,0.0,0.0,1.0,0.0,0.0
2314963,0.0,0.0,0.0,0.0,0.0,0.0,0.0
2314980,0.0,0.0,0.0,0.0,1.0,0.0,0.0
2314981,0.0,0.0,0.0,0.0,0.0,0.0,0.0
2314982,0.0,0.0,0.0,0.0,1.0,0.0,0.0
2314983,0.0,0.0,0.0,0.0,0.0,0.0,0.0
2316059,0.0,0.0,0.0,0.0,1.0,0.0,0.0
2316060,0.0,0.0,0.0,0.0,0.0,0.0,0.0
2318821,0.0,0.0,0.0,0.0,1.0,0.0,0.0
2318822,0.0,0.0,0.0,0.0,0.0,0.0,0.0
2319192,0.0,0.0,0.0,0.0,1.0,0.0,0.0
2319200,0.0,0.0,0.0,0.0,0.0,0.0,0.0
2319410,0.0,0.0,1.0,0.0,0.0,0.0,0.0
2319411,0.0,0.0,0.0,0.0,0.0,0.0,0.0
2319415,0.0,0.0,1.0,0.0,0.0,0.0,0.0
2319416,0.0,0.0,0.0,0.0,0.0,0.0,0.0
2319419,0.0,0.0,1.0,0.0,0.0,0.0,0.0
2319459,0.0,2.0,1.0,0.0,0.0,0.0,0.0
2319460,0.0,0.0,1.0,0.0,0.0,0.0,0.0
2319498,0.0,0.0,0.0,0.0,0.0,0.0,0.0
2319502,0.0,0.0,1.0,0.0,0.0,0.0,0.0
2319503,0.0,0.0,0.0,0.0,0.0,0.0,0.0
2319507,0.0,0.0,1.0,0.0,0.0,0.0,0.0
2319508,0.0,0.0,0.0,0.0,0.0,0.0,0.0
2319520,0.0,0.0,1.0,0.0,0.0,0.0,0.0
2319541,0.0,0.0,0.0,0.0,0.0,0.0,0.0
2319565,0.0,0.0,1.0,0.0,0.0,0.0,0.0
2319585,0.0,0.0,0.0,0.0,0.0,0.0,0.0
2319594,0.0,0.0,1.0,0.0,0.0,0.0,0.0
2319595,0.0,0.0,0.0,0.0,0.0,0.0,0.0
2319596,0.0,0.0,1.0,0.0,0.0,0.0,0.0
2319633,0.0,0.0,0.0,0.0,0.0,0.0,0.0
2319634,0.0,0.0,1.0,0.0,0.0,0.0,0.0
2319653,0.0,0.0,0.0,0.0,0.0,0.0,0.0
2320352,0.0,0.0,0.0,0.0,1.0,0.0,0.0
2320354,0.0,0.0,0.0,0.0,0.0,0.0,0.0
2320355,0.0,0.0,0.0,0.0,1.0,0.0,0.0
2320359,0.0,0.0,0.0,0.0,0.0,0.0,0.0
2320360,0.0,0.0,0.0,0.0,1.0,0.0,0.0
2320361,0.0,0.0,0.0,0.0,0.0,0.0,0.0
2320362,0.0,0.0,0.0,0.0,1.0,0.0,0.0
2320363,0.0,0.0,0.0,0.0,0.0,0.0,0.0
2320374,0.0,0.0,0.0,0.0,1.0,0.0,0.0
2320375,0.0,0.0,0.0,0.0,0.0,0.0,0.0
2321224,0.0,0.0,0.0,0.0,1.0,0.0,0.0
2321225,0.0,0.0,0.0,0.0,0.0,0.0,0.0
2321226,0.0,0.0,0.0,0.0,1.0,0.0,0.0
2321228,0.0,0.0,0.0,0.0,0.0,0.0,0.0
2321229,0.0,0.0,0.0,0.0,1.0,0.0,0.0
2321230,0.0,0.0,0.0,0.0,0.0,0.0,0.0
2321761,0.0,0.0,0.0,0.0,1.0,0.0,0.0
2321762,0.0,0.0,0.0,0.0,0.0,0.0,0.0
2322067,0.0,0.0,0.0,0.0,1.0,0.0,0.0
2322069,0.0,0.0,0.0,0.0,0.0,0.0,0.0
2323768,0.0,0.0,0.0,0.0,1.0,0.0,0.0
2323769,0.0,0.0,0.0,0.0,0.0,0.0,0.0
2324928,0.0,0.0,0.0,0.0,1.0,0.0,0.0
2324929,0.0,0.0,0.0,0.0,0.0,0.0,0.0
2326593,0.0,0.0,0.0,0.0,1.0,0.0,0.0
2326594,0.0,0.0,0.0,0.0,0.0,0.0,0.0
2326627,0.0,0.0,0.0,0.0,1.0,0.0,0.0
2326631,0.0,0.0,0.0,0.0,2.0,0.0,0.0
2326632,0.0,0.0,0.0,0.0,0.0,0.0,0.0
2329612,0.0,0.0,0.0,0.0,1.0,0.0,0.0
2329613,0.0,0.0,0.0,0.0,0.0,0.0,0.0
2330269,0.0,0.0,0.0,0.0,1.0,0.0,0.0
2330271,0.0,0.0,0.0,0.0,0.0,0.0,0.0
2330275,0.0,0.0,0.0,0.0,1.0,0.0,0.0
2330276,0.0,0.0,0.0,0.0,0.0,0.0,0.0
2331254,0.0,0.0,0.0,0.0,1.0,0.0,0.0
2331256,0.0,0.0,0.0,0.0,0.0,0.0,0.0
2333975,0.0,0.0,0.0,0.0,1.0,0.0,0.0
2333976,0.0,0.0,0.0,0.0,0.0,0.0,0.0
2339955,0.0,0.0,0.0,0.0,1.0,0.0,0.0
2339956,0.0,0.0,0.0,0.0,0.0,0.0,0.0
2339972,0.0,0.0,0.0,0.0,1.0,0.0,0.0
2339974,0.0,0.0,0.0,0.0,2.0,0.0,0.0
2339975,0.0,0.0,0.0,0.0,0.0,0.0,0.0
2340719,0.0,0.0,0.0,0.0,1.0,0.0,0.0
2340722,0.0,0.0,0.0,0.0,0.0,0.0,0.0
2344373,0.0,0.0,0.0,0.0,1.0,0.0,0.0
2344375,0.0,0.0,0.0,0.0,2.0,0.0,0.0
2344376,0.0,0.0,0.0,0.0,0.0,0.0,0.0
2346189,0.0,0.0,0.0,0.0,1.0,0.0,0.0
2346190,0.0,0.0,0.0,0.0,0.0,0.0,0.0
2346194,0.0,0.0,0.0,0.0,1.0,0.0,0.0
2346195,0.0,0.0,0.0,0.0,0.0,0.0,0.0
2346197,0.0,0.0,0.0,0.0,1.0,0.0,0.0
2346198,0.0,0.0,0.0,0.0,0.0,0.0,0.0
2346200,0.0,0.0,0.0,0.0,1.0,0.0,0.0
2346201,0.0,0.0,0.0,0.0,0.0,0.0,0.0
2346551,0.0,0.0,0.0,0.0,1.0,0.0,0.0
2346552,0.0,0.0,0.0,0.0,0.0,0.0,0.0
2346592,0.0,0.0,0.0,0.0,1.0,0.0,0.0
2346595,0.0,0.0,0.0,0.0,0.0,0.0,0.0
2346596,0.0,0.0,0.0,0.0,1.0,0.0,0.0
2346600,0.0,0.0,0.0,0.0,0.0,0.0,0.0
2346792,0.0,0.0,0.0,0.0,1.0,0.0,0.0
2346794,0.0,0.0,0.0,0.0,0.0,0.0,0.0
2347125,0.0,0.0,0.0,0.0,1.0,0.0,0.0
2347126,0.0,0.0,0.0,0.0,0.0,0.0,0.0
2347128,0.0,0.0,0.0,0.0,1.0,0.0,0.0
2347129,0.0,0.0,0.0,0.0,0.0,0.0,0.0
2347696,0.0,0.0,0.0,0.0,1.0,0.0,0.0
2347697,0.0,0.0,0.0,0.0,0.0,0.0,0.0
2347699,0.0,0.0,0.0,0.0,1.0,0.0,0.0
2347700,0.0,0.0,0.0,0.0,0.0,0.0,0.0
2347717,0.0,0.0,0.0,0.0,1.0,0.0,0.0
2347721,0.0,0.0,0.0,0.0,0.0,0.0,0.0
2347746,0.0,0.0,0.0,0.0,1.0,0.0,0.0
2347747,0.0,0.0,0.0,0.0,0.0,0.0,0.0
2347748,0.0,0.0,0.0,0.0,1.0,0.0,0.0
2347749,0.0,0.0,0.0,0.0,0.0,0.0,0.0
2347750,0.0,0.0,0.0,0.0,1.0,0.0,0.0
2347752,0.0,0.0,0.0,0.0,0.0,0.0,0.0
2347933,0.0,0.0,0.0,0.0,1.0,0.0,0.0
2347934,0.0,0.0,0.0,0.0,0.0,0.0,0.0
2349546,0.0,0.0,0.0,0.0,1.0,0.0,0.0
2349547,0.0,0.0,0.0,0.0,0.0,0.0,0.0
2349548,0.0,0.0,0.0,0.0,1.0,0.0,0.0
2349549,0.0,0.0,0.0,0.0,0.0,0.0,0.0
2349554,0.0,0.0,0.0,0.0,1.0,0.0,0.0
2349555,0.0,0.0,0.0,0.0,0.0,0.0,0.0
2349559,0.0,0.0,0.0,0.0,1.0,0.0,0.0
2349563,0.0,0.0,0.0,0.0,0.0,0.0,0.0
2350402,0.0,0.0,0.0,0.0,1.0,0.0,0.0
2350404,0.0,0.0,0.0,0.0,2.0,0.0,0.0
2350405,0.0,0.0,0.0,0.0,0.0,0.0,0.0
2354055,0.0,0.0,0.0,0.0,1.0,0.0,0.0
2354057,0.0,0.0,0.0,0.0,0.0,0.0,0.0
2371421,0.0,0.0,0.0,0.0,1.0,0.0,0.0
2371423,0.0,0.0,0.0,0.0,0.0,0.0,0.0
2378596,0.0,0.0,0.0,0.0,1.0,0.0,0.0
2378597,0.0,0.0,0.0,0.0,0.0,0.0,0.0
2378601,0.0,0.0,0.0,0.0,1.0,0.0,0.0
2378602,0.0,0.0,0.0,0.0,0.0,0.0,0.0
2380615,0.0,0.0,0.0,0.0,1.0,0.0,0.0
2380616,0.0,0.0,0.0,0.0,0.0,0.0,0.0
2381347,0.0,0.0,0.0,0.0,1.0,0.0,0.0
2381348,0.0,0.0,0.0,0.0,0.0,0.0,0.0
2382308,0.0,0.0,0.0,0.0,1.0,0.0,0.0
2382309,0.0,0.0,0.0,0.0,0.0,0.0,0.0
2383392,0.0,0.0,0.0,0.0,1.0,0.0,0.0
2383393,0.0,0.0,0.0,0.0,0.0,0.0,0.0
2383394,0.0,0.0,0.0,0.0,1.0,0.0,0.0
2383395,0.0,0.0,0.0,0.0,0.0,0.0,0.0
2384721,0.0,0.0,0.0,0.0,1.0,0.0,0.0
2384722,0.0,0.0,0.0,0.0,0.0,0.0,0.0
2384724,0.0,0.0,0.0,0.0,1.0,0.0,0.0
2384726,0.0,0.0,0.0,0.0,2.0,0.0,0.0
2384727,0.0,0.0,0.0,0.0,0.0,0.0,0.0
2387410,0.0,2.0,0.0,0.0,0.0,1.0,0.0
2387411,0.0,0.0,0.0,0.0,0.0,0.0,0.0
2387612,0.0,0.0,1.0,0.0,0.0,0.0,0.0
2387615,0.0,0.0,0.0,0.0,0.0,0.0,0.0
2387620,0.0,0.0,1.0,0.0,0.0,0.0,0.0
2387621,0.0,0.0,0.0,0.0,0.0,0.0,0.0
2387630,0.0,0.0,1.0,0.0,0.0,0.0,0.0
2387632,0.0,0.0,0.0,0.0,0.0,0.0,0.0
2387760,0.0,0.0,1.0,0.0,0.0,0.0,0.0
2387761,0.0,0.0,0.0,0.0,0.0,0.0,0.0
2387765,0.0,0.0,1.0,0.0,0.0,0.0,0.0
2387782,0.0,0.0,0.0,0.0,0.0,0.0,0.0
2387786,0.0,0.0,1.0,0.0,0.0,0.0,0.0
2387820,0.0,0.0,0.0,0.0,0.0,0.0,0.0
2387822,0.0,0.0,1.0,0.0,0.0,0.0,0.0
2387830,0.0,0.0,0.0,0.0,0.0,0.0,0.0
2387832,0.0,0.0,1.0,0.0,0.0,0.0,0.0
2387836,0.0,0.0,0.0,0.0,0.0,0.0,0.0
2387837,0.0,0.0,1.0,0.0,0.0,0.0,0.0
2387841,0.0,0.0,0.0,0.0,0.0,0.0,0.0
2387842,0.0,0.0,1.0,0.0,0.0,0.0,0.0
2388342,0.0,0.0,0.0,0.0,0.0,0.0,0.0
2388346,0.0,0.0,1.0,0.0,0.0,0.0,0.0
2388348,0.0,0.0,0.0,0.0,0.0,0.0,0.0
2388360,0.0,0.0,1.0,0.0,0.0,0.0,0.0
2388374,0.0,0.0,0.0,0.0,0.0,0.0,0.0
2388375,0.0,0.0,1.0,0.0,0.0,0.0,0.0
2388442,0.0,0.0,0.0,0.0,0.0,0.0,0.0
2388455,0.0,0.0,1.0,0.0,0.0,0.0,0.0
2388463,0.0,0.0,1.0,0.0,1.0,0.0,0.0
2388464,0.0,0.0,1.0,1.0,1.0,0.0,0.0
2388465,0.0,0.0,1.0,2.0,2.0,1.0,0.0
2388466,0.0,0.0,0.0,0.0,0.0,0.0,0.0
2388516,0.0,0.0,1.0,0.0,0.0,0.0,0.0
2388517,0.0,0.0,0.0,0.0,0.0,0.0,0.0
2388524,0.0,0.0,1.0,0.0,0.0,0.0,0.0
2388528,0.0,0.0,0.0,0.0,0.0,0.0,0.0
2389578,0.0,0.0,0.0,0.0,1.0,0.0,0.0
2389579,0.0,0.0,0.0,0.0,0.0,0.0,0.0
2389580,0.0,0.0,0.0,0.0,1.0,0.0,0.0
2389582,0.0,0.0,0.0,0.0,0.0,0.0,0.0
2391105,0.0,0.0,0.0,0.0,1.0,0.0,0.0
2391106,0.0,0.0,0.0,0.0,0.0,0.0,0.0
2391347,0.0,0.0,0.0,1.0,0.0,0.0,0.0
2391348,0.0,0.0,0.0,0.0,0.0,0.0,0.0
2391359,0.0,0.0,0.0,1.0,1.0,0.0,0.0
2391360,0.0,0.0,0.0,1.0,0.0,0.0,0.0
2391361,0.0,0.0,0.0,0.0,0.0,0.0,0.0
2391362,0.0,0.0,0.0,1.0,1.0,0.0,0.0
2391363,0.0,0.0,0.0,0.0,0.0,0.0,0.0
2391365,0.0,0.0,0.0,1.0,0.0,0.0,0.0
2391366,0.0,0.0,0.0,1.0,1.0,0.0,0.0
2391367,0.0,0.0,0.0,2.0,2.0,1.0,0.0
2391368,0.0,0.0,0.0,0.0,0.0,0.0,0.0
2392468,0.0,0.0,1.0,0.0,0.0,0.0,0.0
2392470,0.0,0.0,0.0,0.0,0.0,0.0,0.0
2392471,0.0,0.0,1.0,0.0,0.0,0.0,0.0
2392488,0.0,0.0,0.0,0.0,0.0,0.0,0.0
2392492,0.0,0.0,1.0,0.0,0.0,0.0,0.0
2392493,0.0,0.0,0.0,0.0,0.0,0.0,0.0
2392591,0.0,0.0,1.0,0.0,0.0,0.0,0.0
2392592,0.0,0.0,0.0,0.0,0.0,0.0,0.0
2392595,0.0,0.0,1.0,0.0,0.0,0.0,0.0
2392596,0.0,0.0,0.0,0.0,0.0,0.0,0.0
2392598,0.0,0.0,1.0,0.0,0.0,0.0,0.0
2392603,0.0,0.0,1.0,0.0,1.0,0.0,0.0
2392604,0.0,0.0,1.0,0.0,0.0,0.0,0.0
2393125,0.0,0.0,0.0,0.0,0.0,0.0,0.0
2393138,0.0,0.0,1.0,0.0,0.0,0.0,0.0
2393139,0.0,0.0,0.0,0.0,0.0,0.0,0.0
2393142,0.0,0.0,1.0,0.0,0.0,0.0,0.0
2393148,0.0,0.0,0.0,0.0,0.0,0.0,0.0
2393156,0.0,0.0,1.0,0.0,0.0,0.0,0.0
2393158,0.0,0.0,0.0,0.0,0.0,0.0,0.0
2393160,0.0,0.0,1.0,0.0,0.0,0.0,0.0
2393335,0.0,0.0,0.0,0.0,0.0,0.0,0.0
2393338,0.0,0.0,1.0,0.0,0.0,0.0,0.0
2393349,0.0,0.0,0.0,0.0,0.0,0.0,0.0
2393543,0.0,0.0,1.0,0.0,0.0,0.0,0.0
2393545,0.0,0.0,0.0,0.0,0.0,0.0,0.0
2396059,0.0,0.0,0.0,1.0,0.0,0.0,0.0
2396060,0.0,0.0,0.0,0.0,0.0,0.0,0.0
2398078,0.0,0.0,0.0,1.0,0.0,0.0,0.0
2398079,0.0,0.0,0.0,0.0,0.0,0.0,0.0
2400000,0.0,0.0,0.0,0.0,0.0,0.0,1.0
2400001,0.0,0.0,0.0,0.0,0.0,0.0,0.0
2400355,0.0,0.0,0.0,0.0,1.0,0.0,0.0
2400356,0.0,0.0,0.0,0.0,0.0,0.0,0.0
2400533,0.0,0.0,1.0,0.0,0.0,0.0,0.0
2400535,0.0,0.0,1.0,0.0,1.0,0.0,0.0
2400537,0.0,0.0,1.0,0.0,0.0,0.0,0.0
2400552,0.0,0.0,1.0,0.0,1.0,0.0,0.0
2400553,0.0,0.0,1.0,0.0,0.0,0.0,0.0
2400559,0.0,0.0,1.0,0.0,1.0,0.0,0.0
2400563,0.0,0.0,1.0,0.0,0.0,0.0,0.0
2400693,0.0,2.0,1.0,0.0,0.0,0.0,0.0
2400694,0.0,0.0,1.0,0.0,0.0,0.0,0.0
2400820,0.0,0.0,1.0,0.0,1.0,0.0,0.0
2400822,0.0,0.0,1.0,0.0,0.0,0.0,0.0
2400864,0.0,0.0,1.0,0.0,1.0,0.0,0.0
2400865,0.0,0.0,1.0,0.0,0.0,0.0,0.0
2400965,0.0,0.0,1.0,1.0,0.0,1.0,0.0
2400966,0.0,0.0,0.0,0.0,0.0,0.0,0.0
2401131,0.0,0.0,1.0,0.0,0.0,0.0,0.0
2401133,0.0,0.0,0.0,0.0,0.0,0.0,0.0
2401402,0.0,0.0,0.0,0.0,1.0,0.0,0.0
2401403,0.0,0.0,0.0,0.0,0.0,0.0,0.0
2401426,0.0,0.0,1.0,0.0,0.0,0.0,0.0
2401505,0.0,0.0,1.0,0.0,1.0,0.0,0.0
2401506,0.0,0.0,1.0,0.0,0.0,0.0,0.0
2401623,0.0,0.0,0.0,0.0,0.0,0.0,0.0
2401667,0.0,0.0,1.0,0.0,0.0,0.0,0.0
2401668,0.0,0.0,0.0,0.0,0.0,0.0,0.0
2401672,0.0,0.0,1.0,0.0,0.0,0.0,0.0
2401674,0.0,0.0,0.0,0.0,0.0,0.0,0.0
2401727,0.0,0.0,1.0,0.0,0.0,0.0,0.0
2401729,0.0,0.0,0.0,0.0,0.0,0.0,0.0
2401836,0.0,0.0,1.0,0.0,0.0,0.0,0.0
2401837,0.0,0.0,0.0,0.0,0.0,0.0,0.0
2402888,0.0,0.0,0.0,0.0,1.0,0.0,0.0
2402891,0.0,0.0,0.0,0.0,0.0,0.0,0.0
2402892,0.0,0.0,0.0,0.0,1.0,0.0,0.0
2402893,0.0,0.0,0.0,0.0,0.0,0.0,0.0
2403164,0.0,0.0,0.0,0.0,1.0,0.0,0.0
2403168,0.0,0.0,0.0,0.0,0.0,0.0,0.0
2403171,0.0,0.0,0.0,0.0,1.0,0.0,0.0
2403175,0.0,0.0,0.0,0.0,2.0,0.0,0.0
2403176,0.0,0.0,0.0,0.0,0.0,0.0,0.0
2403455,0.0,0.0,0.0,0.0,1.0,0.0,0.0
2403456,0.0,0.0,0.0,0.0,0.0,0.0,0.0
2404003,0.0,0.0,0.0,0.0,1.0,0.0,0.0
2404006,0.0,0.0,0.0,0.0,0.0,0.0,0.0
2406902,0.0,0.0,0.0,0.0,1.0,0.0,0.0
2406903,0.0,0.0,0.0,0.0,0.0,0.0,0.0
2407734,0.0,0.0,0.0,0.0,1.0,0.0,0.0
2407736,0.0,0.0,0.0,0.0,0.0,0.0,0.0
2408339,0.0,0.0,0.0,0.0,1.0,0.0,0.0
2408340,0.0,0.0,0.0,0.0,0.0,0.0,0.0
2408349,0.0,0.0,0.0,0.0,1.0,0.0,0.0
2408350,0.0,0.0,0.0,0.0,0.0,0.0,0.0
2408375,0.0,0.0,0.0,0.0,1.0,0.0,0.0
2408377,0.0,0.0,0.0,0.0,0.0,0.0,0.0
2408404,0.0,0.0,0.0,0.0,1.0,0.0,0.0
2408405,0.0,0.0,0.0,0.0,0.0,0.0,0.0
2409050,0.0,0.0,0.0,0.0,1.0,0.0,0.0
2409051,0.0,0.0,0.0,0.0,0.0,0.0,0.0
2409414,0.0,0.0,0.0,0.0,1.0,0.0,0.0
2409415,0.0,0.0,0.0,0.0,0.0,0.0,0.0
2409419,0.0,0.0,0.0,0.0,1.0,0.0,0.0
2409420,0.0,0.0,0.0,0.0,0.0,0.0,0.0
2409610,0.0,0.0,0.0,0.0,1.0,0.0,0.0
2409612,0.0,0.0,0.0,0.0,0.0,0.0,0.0
2409613,0.0,0.0,0.0,0.0,1.0,0.0,0.0
2409616,0.0,0.0,0.0,0.0,0.0,0.0,0.0
2409704,0.0,0.0,0.0,0.0,1.0,0.0,0.0
2409705,0.0,0.0,0.0,0.0,0.0,0.0,0.0
2410228,0.0,0.0,0.0,0.0,1.0,0.0,0.0
2410229,0.0,0.0,0.0,0.0,0.0,0.0,0.0
2410230,0.0,0.0,0.0,0.0,1.0,0.0,0.0
2410232,0.0,0.0,0.0,0.0,0.0,0.0,0.0
2410285,0.0,0.0,0.0,0.0,1.0,0.0,0.0
2410286,0.0,0.0,0.0,0.0,0.0,0.0,0.0
2410304,0.0,0.0,0.0,0.0,1.0,0.0,0.0
2410306,0.0,0.0,0.0,0.0,2.0,0.0,0.0
2410307,0.0,0.0,0.0,0.0,0.0,0.0,0.0
2411756,0.0,0.0,0.0,0.0,1.0,0.0,0.0
2411758,0.0,0.0,0.0,0.0,2.0,0.0,0.0
2411759,0.0,0.0,0.0,0.0,0.0,0.0,0.0
2413875,0.0,0.0,0.0,0.0,1.0,0.0,0.0
2413876,0.0,0.0,0.0,0.0,0.0,0.0,0.0
2413878,0.0,0.0,0.0,0.0,1.0,0.0,0.0
2413879,0.0,0.0,0.0,0.0,0.0,0.0,0.0
2413882,0.0,0.0,0.0,0.0,1.0,0.0,0.0
2413883,0.0,0.0,0.0,0.0,0.0,0.0,0.0
2413884,0.0,0.0,0.0,0.0,1.0,0.0,0.0
2413886,0.0,0.0,0.0,0.0,0.0,0.0,0.0
2415410,0.0,0.0,0.0,0.0,1.0,0.0,0.0
2415411,0.0,0.0,0.0,0.0,0.0,0.0,0.0
2415766,0.0,0.0,0.0,0.0,1.0,0.0,0.0
2415768,0.0,0.0,0.0,0.0,0.0,0.0,0.0
2415776,0.0,0.0,0.0,0.0,1.0,0.0,0.0
2415779,0.0,0.0,0.0,0.0,2.0,0.0,0.0
2415780,0.0,0.0,0.0,0.0,0.0,0.0,0.0
2417304,0.0,0.0,0.0,1.0,0.0,0.0,0.0
2417305,0.0,0.0,0.0,0.0,0.0,0.0,0.0
2417306,0.0,0.0,0.0,1.0,0.0,0.0,0.0
2417307,0.0,0.0,0.0,0.0,0.0,0.0,0.0
2419295,0.0,0.0,0.0,0.0,1.0,0.0,0.0
2419296,0.0,0.0,0.0,0.0,0.0,0.0,0.0
2419297,0.0,0.0,0.0,0.0,1.0,0.0,0.0
2419298,0.0,0.0,0.0,0.0,0.0,0.0,0.0
2420486,0.0,0.0,0.0,0.0,1.0,0.0,0.0
2420487,0.0,0.0,0.0,0.0,0.0,0.0,0.0
2420819,0.0,0.0,0.0,1.0,0.0,0.0,0.0
2420820,0.0,0.0,0.0,0.0,0.0,0.0,0.0
2420821,0.0,0.0,0.0,1.0,0.0,0.0,0.0
2420822,0.0,0.0,0.0,0.0,0.0,0.0,0.0
2420836,0.0,0.0,0.0,0.0,1.0,0.0,0.0
2420837,0.0,0.0,0.0,0.0,0.0,0.0,0.0
2421109,0.0,0.0,0.0,0.0,1.0,0.0,0.0
2421110,0.0,0.0,0.0,0.0,0.0,0.0,0.0
2421114,0.0,0.0,0.0,0.0,1.0,0.0,0.0
2421115,0.0,0.0,0.0,0.0,0.0,0.0,0.0
2421116,0.0,0.0,0.0,0.0,1.0,0.0,0.0
2421117,0.0,0.0,0.0,0.0,0.0,0.0,0.0
2421581,0.0,0.0,0.0,0.0,1.0,0.0,0.0
2421582,0.0,0.0,0.0,0.0,0.0,0.0,0.0
2421583,0.0,0.0,0.0,0.0,1.0,0.0,0.0
2421584,0.0,0.0,0.0,0.0,0.0,0.0,0.0
2421586,0.0,0.0,0.0,0.0,1.0,0.0,0.0
2421587,0.0,0.0,0.0,0.0,0.0,0.0,0.0
2421773,0.0,0.0,0.0,0.0,1.0,0.0,0.0
2421775,0.0,0.0,0.0,0.0,2.0,0.0,0.0
2421776,0.0,0.0,0.0,0.0,0.0,0.0,0.0
2422188,0.0,0.0,0.0,0.0,1.0,0.0,0.0
2422189,0.0,0.0,0.0,0.0,0.0,0.0,0.0
2423209,0.0,0.0,0.0,0.0,1.0,0.0,0.0
2423210,0.0,0.0,0.0,0.0,0.0,0.0,0.0
2423223,0.0,0.0,0.0,0.0,1.0,0.0,0.0
2423224,0.0,0.0,0.0,0.0,0.0,0.0,0.0
2423229,0.0,0.0,0.0,0.0,1.0,0.0,0.0
2423232,0.0,0.0,0.0,0.0,0.0,0.0,0.0
2423820,0.0,0.0,0.0,0.0,1.0,0.0,0.0
2423821,0.0,0.0,0.0,0.0,0.0,0.0,0.0
2424063,0.0,0.0,0.0,0.0,1.0,0.0,0.0
2424064,0.0,0.0,0.0,0.0,0.0,0.0,0.0
2424589,0.0,0.0,0.0,0.0,1.0,0.0,0.0
2424590,0.0,0.0,0.0,0.0,0.0,0.0,0.0
2424593,0.0,0.0,0.0,0.0,1.0,0.0,0.0
2424594,0.0,0.0,0.0,0.0,2.0,0.0,0.0
2424595,0.0,0.0,0.0,0.0,0.0,0.0,0.0
2425069,0.0,0.0,0.0,0.0,1.0,0.0,0.0
2425072,0.0,0.0,0.0,0.0,0.0,0.0,0.0
2425883,0.0,0.0,0.0,0.0,1.0,0.0,0.0
2425884,0.0,0.0,0.0,0.0,0.0,0.0,0.0
2425885,0.0,0.0,0.0,0.0,1.0,0.0,0.0
2425886,0.0,0.0,0.0,0.0,0.0,0.0,0.0
2425887,0.0,0.0,0.0,0.0,1.0,0.0,0.0
2425888,0.0,0.0,0.0,0.0,0.0,0.0,0.0
2426286,0.0,0.0,0.0,0.0,1.0,0.0,0.0
2426287,0.0,0.0,0.0,0.0,0.0,0.0,0.0
2426288,0.0,0.0,0.0,0.0,1.0,0.0,0.0
2426289,0.0,0.0,0.0,0.0,0.0,0.0,0.0
2426372,0.0,0.0,0.0,0.0,1.0,0.0,0.0
2426373,0.0,0.0,0.0,0.0,0.0,0.0,0.0
2427001,0.0,0.0,0.0,0.0,1.0,0.0,0.0
2427002,0.0,0.0,0.0,0.0,0.0,0.0,0.0
2427163,0.0,0.0,0.0,0.0,1.0,0.0,0.0
2427164,0.0,0.0,0.0,0.0,0.0,0.0,0.0
2427471,0.0,0.0,0.0,0.0,1.0,0.0,0.0
2427472,0.0,0.0,0.0,0.0,0.0,0.0,0.0
2429576,0.0,0.0,0.0,0.0,1.0,0.0,0.0
2429577,0.0,0.0,0.0,0.0,0.0,0.0,0.0
2429578,0.0,0.0,0.0,0.0,1.0,0.0,0.0
2429579,0.0,0.0,0.0,0.0,0.0,0.0,0.0
2429585,0.0,0.0,0.0,0.0,1.0,0.0,0.0
2429590,0.0,0.0,0.0,0.0,0.0,0.0,0.0
2430014,0.0,0.0,0.0,0.0,1.0,0.0,0.0
2430016,0.0,0.0,0.0,0.0,2.0,0.0,0.0
2430017,0.0,0.0,0.0,0.0,0.0,0.0,0.0
2432819,0.0,0.0,0.0,0.0,1.0,0.0,0.0
2432820,0.0,0.0,0.0,0.0,0.0,0.0,0.0
2433759,0.0,0.0,0.0,1.0,0.0,0.0,0.0
2433760,0.0,0.0,0.0,0.0,0.0,0.0,0.0
2433768,0.0,0.0,0.0,0.0,1.0,0.0,0.0
2433769,0.0,0.0,0.0,1.0,1.0,0.0,0.0
2433770,0.0,0.0,0.0,0.0,1.0,0.0,0.0
2433771,0.0,0.0,0.0,0.0,0.0,0.0,0.0
2434675,0.0,0.0,0.0,0.0,1.0,0.0,0.0
2434676,0.0,0.0,0.0,0.0,0.0,0.0,0.0
2434821,0.0,0.0,0.0,0.0,1.0,0.0,0.0
2434822,0.0,0.0,0.0,0.0,0.0,0.0,0.0
2435668,0.0,0.0,0.0,0.0,1.0,0.0,0.0
2435671,0.0,0.0,0.0,0.0,0.0,0.0,0.0
2435672,0.0,0.0,0.0,0.0,1.0,0.0,0.0
2435673,0.0,0.0,0.0,0.0,0.0,0.0,0.0
2437357,0.0,0.0,0.0,0.0,1.0,0.0,0.0
2437360,0.0,0.0,0.0,0.0,0.0,0.0,0.0
2438463,0.0,0.0,0.0,0.0,1.0,0.0,0.0
2438465,0.0,0.0,0.0,0.0,2.0,0.0,0.0
2438466,0.0,0.0,0.0,0.0,0.0,0.0,0.0
2441400,0.0,0.0,0.0,0.0,1.0,0.0,0.0
2441401,0.0,0.0,0.0,1.0,2.0,0.0,0.0
2441402,0.0,0.0,0.0,0.0,0.0,0.0,0.0
2441700,0.0,0.0,0.0,0.0,1.0,0.0,0.0
2441705,0.0,0.0,0.0,0.0,0.0,0.0,0.0
2441708,0.0,0.0,0.0,0.0,1.0,0.0,0.0
2441710,0.0,0.0,0.0,0.0,0.0,0.0,0.0
2442179,0.0,0.0,0.0,0.0,1.0,0.0,0.0
2442180,0.0,0.0,0.0,0.0,0.0,0.0,0.0
2442715,0.0,0.0,0.0,0.0,1.0,0.0,0.0
2442716,0.0,0.0,0.0,0.0,0.0,0.0,0.0
2442720,0.0,0.0,0.0,0.0,1.0,0.0,0.0
2442723,0.0,0.0,0.0,0.0,0.0,0.0,0.0
2443820,0.0,0.0,0.0,0.0,1.0,0.0,0.0
2443821,0.0,0.0,0.0,0.0,0.0,0.0,0.0
2443825,0.0,0.0,0.0,0.0,1.0,0.0,0.0
2443826,0.0,0.0,0.0,0.0,0.0,0.0,0.0
2443827,0.0,0.0,0.0,0.0,1.0,0.0,0.0
2443828,0.0,0.0,0.0,0.0,0.0,0.0,0.0
2443836,0.0,0.0,0.0,0.0,1.0,0.0,0.0
2443837,0.0,0.0,0.0,0.0,0.0,0.0,0.0
2444150,0.0,0.0,0.0,0.0,1.0,0.0,0.0
2444151,0.0,0.0,0.0,0.0,0.0,0.0,0.0
2444152,0.0,0.0,0.0,0.0,1.0,0.0,0.0
2444153,0.0,0.0,0.0,0.0,0.0,0.0,0.0
2444626,0.0,0.0,0.0,0.0,1.0,0.0,0.0
2444628,0.0,0.0,0.0,0.0,0.0,0.0,0.0
2444644,0.0,0.0,0.0,0.0,1.0,0.0,0.0
2444646,0.0,0.0,0.0,0.0,0.0,0.0,0.0
2445911,0.0,0.0,0.0,0.0,1.0,0.0,0.0
2445913,0.0,0.0,0.0,0.0,2.0,0.0,0.0
2445914,0.0,0.0,0.0,0.0,0.0,0.0,0.0
2446293,0.0,0.0,0.0,0.0,1.0,0.0,0.0
2446295,0.0,0.0,0.0,0.0,2.0,0.0,0.0
2446296,0.0,0.0,0.0,0.0,0.0,0.0,0.0
2446634,0.0,0.0,0.0,0.0,1.0,0.0,0.0
2446635,0.0,0.0,0.0,0.0,0.0,0.0,0.0
2448067,0.0,0.0,0.0,0.0,1.0,0.0,0.0
2448068,0.0,0.0,0.0,0.0,0.0,0.0,0.0
2448073,0.0,0.0,0.0,0.0,1.0,0.0,0.0
2448076,0.0,0.0,0.0,0.0,0.0,0.0,0.0
2448077,0.0,0.0,0.0,0.0,1.0,0.0,0.0
2448078,0.0,0.0,0.0,0.0,0.0,0.0,0.0
2450125,0.0,0.0,0.0,0.0,1.0,0.0,0.0
2450130,0.0,0.0,0.0,0.0,0.0,0.0,0.0
2450131,0.0,0.0,0.0,0.0,1.0,0.0,0.0
2450132,0.0,0.0,0.0,0.0,0.0,0.0,0.0
2451284,0.0,0.0,0.0,0.0,1.0,0.0,0.0
2451285,0.0,0.0,0.0,0.0,0.0,0.0,0.0
2451291,0.0,0.0,0.0,0.0,1.0,0.0,0.0
2451292,0.0,0.0,0.0,0.0,0.0,0.0,0.0
2451956,0.0,0.0,0.0,0.0,1.0,0.0,0.0
2451957,0.0,0.0,0.0,0.0,0.0,0.0,0.0
2451959,0.0,0.0,0.0,0.0,1.0,0.0,0.0
2451960,0.0,0.0,0.0,0.0,0.0,0.0,0.0
2451961,0.0,0.0,0.0,0.0,1.0,0.0,0.0
2451962,0.0,0.0,0.0,0.0,0.0,0.0,0.0
2455821,0.0,0.0,0.0,0.0,1.0,0.0,0.0
2455822,0.0,0.0,0.0,0.0,0.0,0.0,0.0
2457776,0.0,0.0,0.0,0.0,1.0,0.0,0.0
2457777,0.0,0.0,0.0,0.0,0.0,0.0,0.0
2458560,0.0,0.0,0.0,0.0,1.0,0.0,0.0
2458561,0.0,0.0,0.0,0.0,0.0,0.0,0.0
2458562,0.0,0.0,0.0,0.0,1.0,0.0,0.0
2458565,0.0,0.0,0.0,0.0,0.0,0.0,0.0
2458567,0.0,0.0,0.0,0.0,1.0,0.0,0.0
2458568,0.0,0.0,0.0,0.0,0.0,0.0,0.0
2458729,0.0,0.0,0.0,0.0,1.0,0.0,0.0
2458730,0.0,0.0,0.0,0.0,0.0,0.0,0.0
2459438,0.0,0.0,0.0,0.0,1.0,0.0,0.0
2459442,0.0,0.0,0.0,0.0,0.0,0.0,0.0
2459443,0.0,0.0,0.0,0.0,1.0,0.0,0.0
2459444,0.0,0.0,0.0,0.0,0.0,0.0,0.0
2459445,0.0,0.0,0.0,0.0,1.0,0.0,0.0
2459446,0.0,0.0,0.0,0.0,0.0,0.0,0.0
2459455,0.0,0.0,0.0,0.0,1.0,0.0,0.0
2459456,0.0,0.0,0.0,0.0,0.0,0.0,0.0
2460748,0.0,0.0,0.0,0.0,1.0,0.0,0.0
2460751,0.0,0.0,0.0,0.0,0.0,0.0,0.0
2460752,0.0,0.0,0.0,0.0,1.0,0.0,0.0
2460753,0.0,0.0,0.0,0.0,0.0,0.0,0.0
2460908,0.0,0.0,0.0,0.0,1.0,0.0,0.0
2460911,0.0,0.0,0.0,0.0,0.0,0.0,0.0
2460912,0.0,0.0,0.0,0.0,1.0,0.0,0.0
2460913,0.0,0.0,0.0,0.0,0.0,0.0,0.0
2460918,0.0,0.0,0.0,0.0,1.0,0.0,0.0
2460919,0.0,0.0,0.0,0.0,0.0,0.0,0.0
2460920,0.0,0.0,0.0,0.0,1.0,0.0,0.0
2460923,0.0,0.0,0.0,0.0,0.0,0.0,0.0
2462533,0.0,0.0,0.0,0.0,1.0,0.0,0.0
2462535,0.0,0.0,0.0,0.0,2.0,0.0,0.0
2462536,0.0,0.0,0.0,0.0,0.0,0.0,0.0
2463295,0.0,0.0,0.0,0.0,1.0,0.0,0.0
2463298,0.0,0.0,0.0,0.0,0.0,0.0,0.0
2463299,0.0,0.0,0.0,0.0,1.0,0.0,0.0
2463300,0.0,0.0,0.0,0.0,0.0,0.0,0.0
2463301,0.0,0.0,0.0,0.0,1.0,0.0,0.0
2463302,0.0,0.0,0.0,0.0,0.0,0.0,0.0
2465629,0.0,0.0,0.0,0.0,1.0,0.0,0.0
2465630,0.0,0.0,0.0,0.0,0.0,0.0,0.0
2466359,0.0,0.0,0.0,0.0,1.0,0.0,0.0
2466360,0.0,0.0,0.0,0.0,0.0,0.0,0.0
2466488,0.0,0.0,0.0,0.0,1.0,0.0,0.0
2466489,0.0,0.0,0.0,0.0,0.0,0.0,0.0
2466525,0.0,0.0,0.0,0.0,1.0,0.0,0.0
2466526,0.0,0.0,0.0,0.0,0.0,0.0,0.0
2466874,0.0,0.0,0.0,0.0,1.0,0.0,0.0
2466876,0.0,0.0,0.0,0.0,2.0,0.0,0.0
2466877,0.0,0.0,0.0,0.0,0.0,0.0,0.0
2468638,0.0,0.0,0.0,0.0,1.0,0.0,0.0
2468639,0.0,0.0,0.0,1.0,1.0,0.0,0.0
2468640,0.0,0.0,0.0,1.0,2.0,0.0,0.0
2468641,0.0,0.0,0.0,1.0,0.0,0.0,0.0
2468642,0.0,0.0,0.0,0.0,0.0,0.0,0.0
2472501,0.0,0.0,0.0,0.0,1.0,0.0,0.0
2472502,0.0,0.0,0.0,0.0,0.0,0.0,0.0
2472503,0.0,0.0,0.0,0.0,1.0,0.0,0.0
2472504,0.0,0.0,0.0,0.0,0.0,0.0,0.0
2472505,0.0,0.0,0.0,0.0,1.0,0.0,0.0
2472506,0.0,0.0,0.0,0.0,0.0,0.0,0.0
2472643,0.0,0.0,0.0,0.0,1.0,0.0,0.0
2472644,0.0,0.0,0.0,0.0,0.0,0.0,0.0
2473249,0.0,0.0,0.0,0.0,1.0,0.0,0.0
2473250,0.0,0.0,0.0,0.0,0.0,0.0,0.0
2473251,0.0,0.0,0.0,0.0,1.0,0.0,0.0
2473252,0.0,0.0,0.0,0.0,0.0,0.0,0.0
2473314,0.0,0.0,0.0,0.0,1.0,0.0,0.0
2473315,0.0,0.0,0.0,0.0,2.0,0.0,0.0
2473316,0.0,0.0,0.0,0.0,0.0,0.0,0.0
2473802,0.0,0.0,0.0,0.0,1.0,0.0,0.0
2473805,0.0,0.0,0.0,0.0,0.0,0.0,0.0
2473806,0.0,0.0,0.0,0.0,1.0,0.0,0.0
2473807,0.0,0.0,0.0,0.0,0.0,0.0,0.0
2477862,0.0,0.0,0.0,0.0,1.0,0.0,0.0
2477864,0.0,0.0,0.0,0.0,2.0,0.0,0.0
2477865,0.0,0.0,0.0,0.0,0.0,0.0,0.0
2477974,0.0,0.0,0.0,0.0,1.0,0.0,0.0
2477975,0.0,0.0,0.0,0.0,0.0,0.0,0.0
2477976,0.0,0.0,0.0,0.0,1.0,0.0,0.0
2477978,0.0,0.0,0.0,0.0,2.0,0.0,0.0
2477979,0.0,0.0,0.0,0.0,0.0,0.0,0.0
2478421,0.0,0.0,0.0,0.0,1.0,0.0,0.0
2478422,0.0,0.0,0.0,0.0,2.0,0.0,0.0
2478423,0.0,0.0,0.0,0.0,0.0,0.0,0.0
2478981,0.0,0.0,0.0,0.0,1.0,0.0,0.0
2478984,0.0,0.0,0.0,0.0,0.0,0.0,0.0
2479302,0.0,0.0,0.0,0.0,1.0,0.0,0.0
2479303,0.0,0.0,0.0,0.0,0.0,0.0,0.0
2479720,0.0,0.0,0.0,0.0,1.0,0.0,0.0
2479721,0.0,0.0,0.0,0.0,0.0,0.0,0.0
2479722,0.0,0.0,0.0,0.0,1.0,0.0,0.0
2479723,0.0,0.0,0.0,0.0,0.0,0.0,0.0
2479724,0.0,0.0,0.0,0.0,1.0,0.0,0.0
2479727,0.0,0.0,0.0,0.0,0.0,0.0,0.0
2480473,0.0,0.0,0.0,0.0,1.0,0.0,0.0
2480474,0.0,0.0,0.0,0.0,0.0,0.0,0.0
2480704,0.0,0.0,0.0,0.0,1.0,0.0,0.0
2480705,0.0,0.0,0.0,0.0,0.0,0.0,0.0
2480730,0.0,0.0,0.0,0.0,1.0,0.0,0.0
2480731,0.0,0.0,0.0,0.0,0.0,0.0,0.0
2482210,0.0,0.0,0.0,0.0,1.0,0.0,0.0
2482211,0.0,0.0,0.0,0.0,0.0,0.0,0.0
2483409,0.0,0.0,0.0,0.0,1.0,0.0,0.0
2483412,0.0,0.0,0.0,0.0,0.0,0.0,0.0
2483413,0.0,0.0,0.0,0.0,1.0,0.0,0.0
2483414,0.0,0.0,0.0,0.0,0.0,0.0,0.0
2483415,0.0,0.0,0.0,0.0,1.0,0.0,0.0
2483419,0.0,0.0,0.0,0.0,0.0,0.0,0.0
2483422,0.0,0.0,0.0,0.0,1.0,0.0,0.0
2483423,0.0,0.0,0.0,0.0,0.0,0.0,0.0
2483425,0.0,0.0,0.0,0.0,1.0,0.0,0.0
2483426,0.0,0.0,0.0,0.0,0.0,0.0,0.0
2483590,0.0,0.0,0.0,0.0,1.0,0.0,0.0
2483591,0.0,0.0,0.0,0.0,0.0,0.0,0.0
2484733,0.0,0.0,0.0,0.0,1.0,0.0,0.0
2484734,0.0,0.0,0.0,0.0,0.0,0.0,0.0
2484910,0.0,0.0,0.0,0.0,1.0,0.0,0.0
2484911,0.0,0.0,0.0,0.0,0.0,0.0,0.0
2487884,0.0,0.0,0.0,0.0,1.0,0.0,0.0
2487886,0.0,0.0,0.0,0.0,0.0,0.0,0.0
2488076,0.0,0.0,0.0,0.0,1.0,0.0,0.0
2488077,0.0,0.0,0.0,0.0,0.0,0.0,0.0
2488499,0.0,0.0,0.0,0.0,1.0,0.0,0.0
2488500,0.0,0.0,0.0,0.0,0.0,0.0,0.0
2488504,0.0,0.0,0.0,0.0,1.0,0.0,0.0
2488505,0.0,0.0,0.0,0.0,0.0,0.0,0.0
2489277,0.0,0.0,0.0,0.0,1.0,0.0,0.0
2489278,0.0,0.0,0.0,0.0,0.0,0.0,0.0
2489483,0.0,0.0,0.0,0.0,1.0,0.0,0.0
2489484,0.0,0.0,0.0,0.0,0.0,0.0,0.0
2489485,0.0,0.0,0.0,0.0,1.0,0.0,0.0
2489486,0.0,0.0,0.0,0.0,0.0,0.0,0.0
2489904,0.0,0.0,0.0,0.0,1.0,0.0,0.0
2489905,0.0,0.0,0.0,0.0,0.0,0.0,0.0
2489906,0.0,0.0,0.0,0.0,1.0,0.0,0.0
2489907,0.0,0.0,0.0,0.0,0.0,0.0,0.0
2489908,0.0,0.0,0.0,0.0,1.0,0.0,0.0
2489914,0.0,0.0,0.0,0.0,0.0,0.0,0.0
2490177,0.0,0.0,0.0,0.0,1.0,0.0,0.0
2490178,0.0,0.0,0.0,0.0,0.0,0.0,0.0
2490179,0.0,0.0,0.0,0.0,1.0,0.0,0.0
2490181,0.0,0.0,0.0,0.0,0.0,0.0,0.0
2490185,0.0,0.0,0.0,0.0,1.0,0.0,0.0
2490188,0.0,0.0,0.0,0.0,0.0,0.0,0.0
2490519,0.0,0.0,0.0,0.0,1.0,0.0,0.0
2490521,0.0,0.0,0.0,0.0,2.0,0.0,0.0
2490522,0.0,0.0,0.0,0.0,0.0,0.0,0.0
2491628,0.0,0.0,0.0,0.0,1.0,0.0,0.0
2491631,0.0,0.0,0.0,0.0,0.0,0.0,0.0
2491637,0.0,0.0,0.0,0.0,1.0,0.0,0.0
2491638,0.0,0.0,0.0,0.0,0.0,0.0,0.0
2492299,0.0,0.0,0.0,0.0,1.0,0.0,0.0
2492300,0.0,0.0,0.0,0.0,0.0,0.0,0.0
2492301,0.0,0.0,0.0,0.0,1.0,0.0,0.0
2492302,0.0,0.0,0.0,0.0,0.0,0.0,0.0
2492303,0.0,0.0,0.0,0.0,1.0,0.0,0.0
2492304,0.0,0.0,0.0,0.0,0.0,0.0,0.0
2492306,0.0,0.0,0.0,0.0,1.0,0.0,0.0
2492307,0.0,0.0,0.0,0.0,0.0,0.0,0.0
2492319,0.0,0.0,0.0,0.0,1.0,0.0,0.0
2492322,0.0,0.0,0.0,0.0,0.0,0.0,0.0
2492451,0.0,0.0,0.0,0.0,1.0,0.0,0.0
2492453,0.0,0.0,0.0,0.0,2.0,0.0,0.0
2492454,0.0,0.0,0.0,0.0,0.0,0.0,0.0
2493014,0.0,0.0,0.0,0.0,1.0,0.0,0.0
2493015,0.0,0.0,0.0,0.0,0.0,0.0,0.0
2495424,0.0,0.0,0.0,0.0,1.0,0.0,0.0
2495425,0.0,0.0,0.0,0.0,0.0,0.0,0.0
2497393,0.0,0.0,0.0,0.0,1.0,0.0,0.0
2497396,0.0,0.0,0.0,0.0,0.0,0.0,0.0
2497399,0.0,0.0,0.0,0.0,1.0,0.0,0.0
2497400,0.0,0.0,0.0,0.0,0.0,0.0,0.0
2498246,0.0,0.0,0.0,0.0,1.0,0.0,0.0
2498247,0.0,0.0,0.0,0.0,0.0,0.0,0.0
2498248,0.0,0.0,0.0,0.0,1.0,0.0,0.0
2498249,0.0,0.0,0.0,0.0,0.0,0.0,0.0
2498250,0.0,0.0,0.0,0.0,1.0,0.0,0.0
2498251,0.0,0.0,0.0,0.0,0.0,0.0,0.0
2499236,0.0,0.0,0.0,0.0,1.0,0.0,0.0
2499238,0.0,0.0,0.0,0.0,2.0,0.0,0.0
2499239,0.0,0.0,0.0,0.0,0.0,0.0,0.0
2500793,0.0,0.0,0.0,0.0,1.0,0.0,0.0
2500795,0.0,0.0,0.0,0.0,2.0,0.0,0.0
2500796,0.0,0.0,0.0,0.0,0.0,0.0,0.0
2501476,0.0,0.0,0.0,0.0,1.0,0.0,0.0
2501477,0.0,0.0,0.0,0.0,0.0,0.0,0.0
2504712,0.0,0.0,0.0,0.0,1.0,0.0,0.0
2504713,0.0,0.0,0.0,0.0,0.0,0.0,0.0
2504994,0.0,0.0,0.0,0.0,1.0,0.0,0.0
2504997,0.0,0.0,0.0,0.0,0.0,0.0,0.0
2504999,0.0,0.0,0.0,0.0,1.0,0.0,0.0
2505000,0.0,0.0,0.0,0.0,0.0,0.0,0.0
2505007,0.0,0.0,0.0,0.0,1.0,0.0,0.0
2505008,0.0,0.0,0.0,0.0,0.0,0.0,0.0
2505512,0.0,0.0,0.0,0.0,1.0,0.0,0.0
2505514,0.0,0.0,0.0,0.0,0.0,0.0,0.0
2509832,0.0,0.0,0.0,0.0,1.0,0.0,0.0
2509833,0.0,0.0,0.0,0.0,0.0,0.0,0.0
2509834,0.0,0.0,0.0,0.0,1.0,0.0,0.0
2509835,0.0,0.0,0.0,0.0,0.0,0.0,0.0
2509837,0.0,0.0,0.0,0.0,1.0,0.0,0.0
2509838,0.0,0.0,0.0,0.0,0.0,0.0,0.0
2512115,0.0,0.0,0.0,1.0,0.0,0.0,0.0
2512116,0.0,0.0,0.0,0.0,0.0,0.0,0.0
2512157,0.0,0.0,0.0,0.0,1.0,0.0,0.0
2512159,0.0,0.0,0.0,0.0,0.0,0.0,0.0
2512160,0.0,0.0,0.0,0.0,1.0,0.0,0.0
2512161,0.0,0.0,0.0,0.0,0.0,0.0,0.0
2512162,0.0,0.0,0.0,0.0,1.0,0.0,0.0
2512164,0.0,0.0,0.0,0.0,0.0,0.0,0.0
2512167,0.0,0.0,0.0,0.0,1.0,0.0,0.0
2512171,0.0,0.0,0.0,0.0,0.0,0.0,0.0
2512172,0.0,0.0,0.0,0.0,1.0,0.0,0.0
2512176,0.0,0.0,0.0,0.0,0.0,0.0,0.0
2515877,0.0,0.0,0.0,0.0,1.0,0.0,0.0
2515881,0.0,0.0,0.0,0.0,0.0,0.0,0.0
2518892,0.0,0.0,0.0,0.0,1.0,0.0,0.0
2518893,0.0,0.0,0.0,0.0,2.0,0.0,0.0
2518894,0.0,0.0,0.0,0.0,0.0,0.0,0.0
2520793,0.0,0.0,0.0,0.0,1.0,0.0,0.0
2520794,0.0,0.0,0.0,0.0,0.0,0.0,0.0
2522041,0.0,0.0,0.0,0.0,1.0,0.0,0.0
2522042,0.0,0.0,0.0,0.0,0.0,0.0,0.0
2522805,0.0,0.0,0.0,0.0,1.0,0.0,0.0
2522806,0.0,0.0,0.0,0.0,0.0,0.0,0.0
2522807,0.0,0.0,0.0,0.0,1.0,0.0,0.0
2522814,0.0,0.0,0.0,0.0,0.0,0.0,0.0
2525674,0.0,0.0,0.0,0.0,1.0,0.0,0.0
2525675,0.0,0.0,0.0,0.0,0.0,0.0,0.0
2525678,0.0,0.0,0.0,0.0,1.0,0.0,0.0
2525682,0.0,0.0,0.0,0.0,0.0,0.0,0.0
2525683,0.0,0.0,0.0,0.0,1.0,0.0,0.0
2525685,0.0,0.0,0.0,0.0,0.0,0.0,0.0
2526327,0.0,0.0,0.0,0.0,1.0,0.0,0.0
2526328,0.0,0.0,0.0,0.0,0.0,0.0,0.0
2526333,0.0,0.0,0.0,0.0,1.0,0.0,0.0
2526336,0.0,0.0,0.0,0.0,0.0,0.0,0.0
2527606,0.0,0.0,0.0,0.0,1.0,0.0,0.0
2527607,0.0,0.0,0.0,0.0,0.0,0.0,0.0
2528689,0.0,0.0,0.0,0.0,1.0,0.0,0.0
2528690,0.0,0.0,0.0,0.0,0.0,0.0,0.0
2528694,0.0,0.0,0.0,0.0,1.0,0.0,0.0
2528697,0.0,0.0,0.0,0.0,0.0,0.0,0.0
2529815,0.0,0.0,0.0,0.0,1.0,0.0,0.0
2529816,0.0,0.0,0.0,0.0,0.0,0.0,0.0
2529818,0.0,0.0,0.0,0.0,1.0,0.0,0.0
2529819,0.0,0.0,0.0,0.0,0.0,0.0,0.0
2529825,0.0,0.0,0.0,0.0,1.0,0.0,0.0
2529827,0.0,0.0,0.0,0.0,0.0,0.0,0.0
2529828,0.0,0.0,0.0,0.0,1.0,0.0,0.0
2529829,0.0,0.0,0.0,0.0,0.0,0.0,0.0
2529830,0.0,0.0,0.0,0.0,1.0,0.0,0.0
2529832,0.0,0.0,0.0,0.0,0.0,0.0,0.0
2529833,0.0,0.0,0.0,0.0,1.0,0.0,0.0
2529834,0.0,0.0,0.0,0.0,0.0,0.0,0.0
2532607,0.0,0.0,0.0,0.0,1.0,0.0,0.0
2532610,0.0,0.0,0.0,0.0,0.0,0.0,0.0
2532611,0.0,0.0,0.0,0.0,1.0,0.0,0.0
2532613,0.0,0.0,0.0,0.0,0.0,0.0,0.0
2536848,0.0,0.0,0.0,0.0,1.0,0.0,0.0
2536849,0.0,0.0,0.0,0.0,0.0,0.0,0.0
2537169,0.0,0.0,0.0,0.0,1.0,0.0,0.0
2537170,0.0,0.0,0.0,0.0,0.0,0.0,0.0
2537171,0.0,0.0,0.0,0.0,1.0,0.0,0.0
2537172,0.0,0.0,0.0,0.0,0.0,0.0,0.0
2537174,0.0,0.0,0.0,0.0,1.0,0.0,0.0
2537175,0.0,0.0,0.0,0.0,0.0,0.0,0.0
2537176,0.0,0.0,0.0,0.0,1.0,0.0,0.0
2537177,0.0,0.0,0.0,0.0,0.0,0.0,0.0
2537179,0.0,0.0,0.0,0.0,1.0,0.0,0.0
2537180,0.0,0.0,0.0,0.0,0.0,0.0,0.0
2539168,0.0,0.0,0.0,0.0,1.0,0.0,0.0
2539169,0.0,0.0,0.0,0.0,0.0,0.0,0.0
2539170,0.0,0.0,0.0,0.0,1.0,0.0,0.0
2539171,0.0,0.0,0.0,0.0,0.0,0.0,0.0
2540852,0.0,0.0,0.0,1.0,0.0,0.0,0.0
2540853,0.0,0.0,0.0,0.0,0.0,0.0,0.0
2541300,0.0,0.0,0.0,0.0,1.0,0.0,0.0
2541301,0.0,0.0,0.0,0.0,0.0,0.0,0.0
2542821,0.0,0.0,0.0,1.0,0.0,0.0,0.0
2542822,0.0,0.0,0.0,0.0,0.0,0.0,0.0
2543318,0.0,0.0,0.0,0.0,1.0,0.0,0.0
2543322,0.0,0.0,0.0,0.0,0.0,0.0,0.0
2544803,0.0,0.0,0.0,0.0,1.0,0.0,0.0
2544804,0.0,0.0,0.0,0.0,0.0,0.0,0.0
2544805,0.0,0.0,0.0,0.0,1.0,0.0,0.0
2544809,0.0,0.0,0.0,0.0,0.0,0.0,0.0
2547548,0.0,0.0,0.0,0.0,1.0,0.0,0.0
2547549,0.0,0.0,0.0,0.0,0.0,0.0,0.0
2550204,0.0,0.0,0.0,0.0,1.0,0.0,0.0
2550205,0.0,0.0,0.0,0.0,0.0,0.0,0.0
2551591,0.0,0.0,0.0,0.0,1.0,0.0,0.0
2551592,0.0,0.0,0.0,0.0,0.0,0.0,0.0
2551599,0.0,0.0,0.0,0.0,1.0,0.0,0.0
2551600,0.0,0.0,0.0,0.0,0.0,0.0,0.0
2551602,0.0,0.0,0.0,0.0,1.0,0.0,0.0
2551603,0.0,0.0,0.0,0.0,0.0,0.0,0.0
2551679,0.0,0.0,0.0,0.0,1.0,0.0,0.0
2551681,0.0,0.0,0.0,0.0,0.0,0.0,0.0
2552180,0.0,0.0,0.0,0.0,1.0,0.0,0.0
2552181,0.0,0.0,0.0,0.0,0.0,0.0,0.0
2552182,0.0,0.0,0.0,0.0,1.0,0.0,0.0
2552183,0.0,0.0,0.0,0.0,2.0,0.0,0.0
2552184,0.0,0.0,0.0,0.0,0.0,0.0,0.0
2555556,0.0,0.0,0.0,0.0,1.0,0.0,0.0
2555557,0.0,0.0,0.0,0.0,0.0,0.0,0.0
2555558,0.0,0.0,0.0,0.0,1.0,0.0,0.0
2555559,0.0,0.0,0.0,0.0,2.0,0.0,0.0
2555560,0.0,0.0,0.0,0.0,0.0,0.0,0.0
2562010,0.0,0.0,0.0,0.0,1.0,0.0,0.0
2562011,0.0,0.0,0.0,0.0,0.0,0.0,0.0
2563925,0.0,0.0,0.0,0.0,1.0,0.0,0.0
2563926,0.0,0.0,0.0,0.0,0.0,0.0,0.0
2564945,0.0,0.0,0.0,0.0,1.0,0.0,0.0
2564947,0.0,0.0,0.0,0.0,0.0,0.0,0.0
2565930,0.0,0.0,0.0,0.0,1.0,0.0,0.0
2565931,0.0,0.0,0.0,0.0,0.0,0.0,0.0
2566863,0.0,0.0,0.0,0.0,1.0,0.0,0.0
2566867,0.0,0.0,0.0,0.0,0.0,0.0,0.0
2568170,0.0,0.0,0.0,0.0,1.0,0.0,0.0
2568173,0.0,0.0,0.0,0.0,0.0,0.0,0.0
2568174,0.0,0.0,0.0,0.0,1.0,0.0,0.0
2568175,0.0,0.0,0.0,0.0,0.0,0.0,0.0
2568177,0.0,0.0,0.0,0.0,1.0,0.0,0.0
2568180,0.0,0.0,0.0,0.0,0.0,0.0,0.0
2568376,0.0,0.0,0.0,0.0,1.0,0.0,0.0
2568377,0.0,0.0,0.0,0.0,0.0,0.0,0.0
2568378,0.0,0.0,0.0,0.0,1.0,0.0,0.0
2568380,0.0,0.0,0.0,0.0,0.0,0.0,0.0
2570035,0.0,0.0,0.0,0.0,1.0,0.0,0.0
2570036,0.0,0.0,0.0,0.0,0.0,0.0,0.0
2570265,0.0,0.0,0.0,0.0,1.0,0.0,0.0
2570267,0.0,0.0,0.0,0.0,0.0,0.0,0.0
2570371,0.0,0.0,0.0,0.0,1.0,0.0,0.0
2570373,0.0,0.0,0.0,0.0,2.0,0.0,0.0
2570374,0.0,0.0,0.0,0.0,0.0,0.0,0.0
2574475,0.0,0.0,0.0,0.0,1.0,0.0,0.0
2574476,0.0,0.0,0.0,0.0,0.0,0.0,0.0
2574486,0.0,0.0,0.0,0.0,1.0,0.0,0.0
2574487,0.0,0.0,0.0,0.0,0.0,0.0,0.0
2576504,0.0,0.0,0.0,0.0,1.0,0.0,0.0
2576505,0.0,0.0,0.0,0.0,2.0,0.0,0.0
2576506,0.0,0.0,0.0,0.0,0.0,0.0,0.0
2581931,0.0,0.0,0.0,0.0,1.0,0.0,0.0
2581932,0.0,0.0,0.0,0.0,2.0,0.0,0.0
2581933,0.0,0.0,0.0,0.0,0.0,0.0,0.0
2583324,0.0,0.0,0.0,0.0,1.0,0.0,0.0
2583325,0.0,0.0,0.0,0.0,0.0,0.0,0.0
2583326,0.0,0.0,0.0,0.0,1.0,0.0,0.0
2583330,0.0,0.0,0.0,0.0,0.0,0.0,0.0
2583334,0.0,0.0,0.0,0.0,1.0,0.0,0.0
2583335,0.0,0.0,0.0,0.0,0.0,0.0,0.0
2583808,0.0,0.0,0.0,0.0,1.0,0.0,0.0
2583809,0.0,0.0,0.0,0.0,0.0,0.0,0.0
2583810,0.0,0.0,0.0,0.0,1.0,0.0,0.0
2583811,0.0,0.0,0.0,0.0,0.0,0.0,0.0
2583812,0.0,0.0,0.0,0.0,1.0,0.0,0.0
2583814,0.0,0.0,0.0,0.0,0.0,0.0,0.0
2583864,0.0,0.0,0.0,0.0,1.0,0.0,0.0
2583865,0.0,0.0,0.0,0.0,2.0,0.0,0.0
2583866,0.0,0.0,0.0,0.0,0.0,0.0,0.0
2590866,0.0,0.0,0.0,0.0,1.0,0.0,0.0
2590867,0.0,0.0,0.0,0.0,0.0,0.0,0.0
2590868,0.0,0.0,0.0,0.0,1.0,0.0,0.0
2590869,0.0,0.0,0.0,0.0,0.0,0.0,0.0
2591637,0.0,0.0,0.0,0.0,1.0,0.0,0.0
2591638,0.0,0.0,0.0,0.0,0.0,0.0,0.0
2598683,0.0,0.0,0.0,0.0,1.0,0.0,0.0
2598684,0.0,0.0,0.0,0.0,0.0,0.0,0.0
2600000,0.0,0.0,0.0,0.0,0.0,0.0,1.0
2600001,0.0,0.0,0.0,0.0,0.0,0.0,0.0
2600389,0.0,0.0,0.0,0.0,1.0,0.0,0.0
2600394,0.0,0.0,0.0,0.0,0.0,0.0,0.0
2601190,0.0,0.0,0.0,0.0,1.0,0.0,0.0
2601191,0.0,0.0,0.0,0.0,0.0,0.0,0.0
2601240,0.0,0.0,0.0,1.0,1.0,0.0,0.0
2601241,0.0,0.0,0.0,1.0,0.0,0.0,0.0
2601245,0.0,0.0,0.0,1.0,1.0,0.0,0.0
2601246,0.0,0.0,0.0,1.0,0.0,0.0,0.0
2601247,0.0,0.0,0.0,1.0,1.0,0.0,0.0
2601248,0.0,0.0,0.0,1.0,0.0,0.0,0.0
2601250,0.0,0.0,0.0,1.0,1.0,0.0,0.0
2601251,0.0,0.0,0.0,1.0,0.0,0.0,0.0
2601540,0.0,0.0,0.0,2.0,0.0,1.0,0.0
2601541,0.0,0.0,0.0,0.0,0.0,0.0,0.0
2601585,0.0,0.0,1.0,0.0,0.0,0.0,0.0
2601590,0.0,0.0,0.0,0.0,0.0,0.0,0.0
2601630,0.0,0.0,1.0,0.0,0.0,0.0,0.0
2601634,0.0,0.0,0.0,0.0,0.0,0.0,0.0
2601636,0.0,0.0,1.0,0.0,0.0,0.0,0.0
2601638,0.0,0.0,0.0,0.0,0.0,0.0,0.0
2601654,0.0,0.0,1.0,0.0,0.0,0.0,0.0
2601656,0.0,0.0,0.0,0.0,0.0,0.0,0.0
2601657,0.0,0.0,1.0,0.0,0.0,0.0,0.0
2601695,0.0,0.0,0.0,0.0,0.0,0.0,0.0
2601711,0.0,0.0,1.0,0.0,0.0,0.0,0.0
2601713,0.0,0.0,0.0,0.0,0.0,0.0,0.0
2601723,0.0,0.0,1.0,0.0,0.0,0.0,0.0
2601724,0.0,0.0,0.0,0.0,0.0,0.0,0.0
2601725,0.0,0.0,1.0,0.0,0.0,0.0,0.0
2601727,0.0,0.0,0.0,0.0,0.0,0.0,0.0
2601728,0.0,0.0,1.0,0.0,0.0,0.0,0.0
2601731,0.0,0.0,0.0,0.0,0.0,0.0,0.0
2601754,0.0,0.0,1.0,0.0,0.0,0.0,0.0
2601755,0.0,0.0,0.0,0.0,0.0,0.0,0.0
2601756,0.0,0.0,1.0,0.0,0.0,0.0,0.0
2602009,0.0,0.0,0.0,0.0,0.0,0.0,0.0
2602010,0.0,0.0,1.0,0.0,0.0,0.0,0.0
2602012,0.0,0.0,0.0,0.0,0.0,0.0,0.0
2602578,0.0,0.0,0.0,0.0,1.0,0.0,0.0
2602579,0.0,0.0,0.0,0.0,0.0,0.0,0.0
2602580,0.0,0.0,0.0,0.0,1.0,0.0,0.0
2602581,0.0,0.0,0.0,0.0,0.0,0.0,0.0
2602609,0.0,0.0,1.0,0.0,0.0,0.0,0.0
2602610,0.0,0.0,1.0,0.0,1.0,0.0,0.0
2602613,0.0,0.0,1.0,0.0,0.0,0.0,0.0
2602614,0.0,0.0,1.0,0.0,1.0,0.0,0.0
2602616,0.0,0.0,1.0,0.0,0.0,0.0,0.0
2602617,0.0,0.0,1.0,0.0,1.0,0.0,0.0
2602620,0.0,0.0,1.0,0.0,0.0,0.0,0.0
2602657,0.0,0.0,0.0,0.0,0.0,0.0,0.0
2602659,0.0,0.0,1.0,0.0,0.0,0.0,0.0
2602744,0.0,0.0,0.0,0.0,0.0,0.0,0.0
2602750,0.0,0.0,1.0,0.0,0.0,0.0,0.0
2602764,0.0,0.0,0.0,0.0,0.0,0.0,0.0
2603338,0.0,0.0,0.0,0.0,1.0,0.0,0.0
2603339,0.0,0.0,0.0,0.0,0.0,0.0,0.0
2603359,0.0,0.0,0.0,0.0,1.0,0.0,0.0
2603362,0.0,0.0,0.0,0.0,2.0,0.0,0.0
2603363,0.0,0.0,0.0,0.0,0.0,0.0,0.0
2605244,0.0,0.0,0.0,0.0,1.0,0.0,0.0
2605246,0.0,0.0,0.0,0.0,0.0,0.0,0.0
2606150,0.0,0.0,0.0,0.0,1.0,0.0,0.0
2606152,0.0,0.0,0.0,0.0,0.0,0.0,0.0
2607721,0.0,0.0,0.0,0.0,1.0,0.0,0.0
2607722,0.0,0.0,0.0,0.0,0.0,0.0,0.0
2607723,0.0,0.0,0.0,0.0,1.0,0.0,0.0
2607724,0.0,0.0,0.0,0.0,0.0,0.0,0.0
2607835,0.0,0.0,0.0,0.0,1.0,0.0,0.0
2607838,0.0,0.0,0.0,0.0,0.0,0.0,0.0
2610357,0.0,0.0,0.0,0.0,1.0,0.0,0.0
2610358,0.0,0.0,0.0,0.0,0.0,0.0,0.0
2611019,0.0,0.0,0.0,0.0,1.0,0.0,0.0
2611025,0.0,0.0,0.0,0.0,0.0,0.0,0.0
2611027,0.0,0.0,0.0,0.0,1.0,0.0,0.0
2611028,0.0,0.0,0.0,0.0,0.0,0.0,0.0
2611032,0.0,0.0,0.0,0.0,1.0,0.0,0.0
2611033,0.0,0.0,0.0,0.0,0.0,0.0,0.0
2611040,0.0,0.0,0.0,0.0,1.0,0.0,0.0
2611043,0.0,0.0,0.0,0.0,0.0,0.0,0.0
2611045,0.0,0.0,0.0,0.0,1.0,0.0,0.0
2611046,0.0,0.0,0.0,0.0,0.0,0.0,0.0
2611473,0.0,0.0,0.0,0.0,1.0,0.0,0.0
2611474,0.0,0.0,0.0,0.0,0.0,0.0,0.0
2611478,0.0,0.0,0.0,0.0,1.0,0.0,0.0
2611479,0.0,0.0,0.0,0.0,0.0,0.0,0.0
2611739,0.0,0.0,0.0,0.0,1.0,0.0,0.0
2611740,0.0,0.0,0.0,0.0,0.0,0.0,0.0
2611741,0.0,0.0,0.0,0.0,1.0,0.0,0.0
2611743,0.0,0.0,0.0,0.0,0.0,0.0,0.0
2611771,0.0,0.0,0.0,0.0,1.0,0.0,0.0
2611772,0.0,0.0,0.0,0.0,0.0,0.0,0.0
2611776,0.0,0.0,0.0,0.0,1.0,0.0,0.0
2611781,0.0,0.0,0.0,0.0,0.0,0.0,0.0
2611782,0.0,0.0,0.0,0.0,1.0,0.0,0.0
2611786,0.0,0.0,0.0,0.0,0.0,0.0,0.0
2611787,0.0,0.0,0.0,0.0,1.0,0.0,0.0
2611791,0.0,0.0,0.0,0.0,0.0,0.0,0.0
2611794,0.0,0.0,0.0,0.0,1.0,0.0,0.0
2611795,0.0,0.0,0.0,0.0,0.0,0.0,0.0
2611797,0.0,0.0,0.0,0.0,1.0,0.0,0.0
2611798,0.0,0.0,0.0,0.0,0.0,0.0,0.0
2611799,0.0,0.0,0.0,0.0,1.0,0.0,0.0
2611800,0.0,0.0,0.0,0.0,0.0,0.0,0.0
2612596,0.0,0.0,0.0,0.0,1.0,0.0,0.0
2612597,0.0,0.0,0.0,0.0,0.0,0.0,0.0
2613042,0.0,0.0,0.0,0.0,1.0,0.0,0.0
2613045,0.0,0.0,0.0,0.0,0.0,0.0,0.0
2613048,0.0,0.0,0.0,0.0,1.0,0.0,0.0
2613051,0.0,0.0,0.0,0.0,2.0,0.0,0.0
2613052,0.0,0.0,0.0,0.0,0.0,0.0,0.0
2613779,0.0,0.0,0.0,0.0,1.0,0.0,0.0
2613780,0.0,0.0,0.0,0.0,0.0,0.0,0.0
2614224,0.0,0.0,1.0,0.0,0.0,0.0,0.0
2614230,0.0,0.0,0.0,0.0,0.0,0.0,0.0
2614232,0.0,0.0,1.0,0.0,0.0,0.0,0.0
2614277,0.0,0.0,1.0,0.0,1.0,0.0,0.0
2614278,0.0,0.0,1.0,0.0,0.0,0.0,0.0
2614355,0.0,2.0,1.0,0.0,1.0,0.0,0.0
2614356,0.0,0.0,1.0,0.0,0.0,0.0,0.0
2614747,0.0,0.0,0.0,0.0,0.0,0.0,0.0
2614749,0.0,0.0,1.0,0.0,0.0,0.0,0.0
2614763,0.0,0.0,0.0,0.0,0.0,0.0,0.0
2614766,0.0,0.0,1.0,0.0,0.0,0.0,0.0
2614767,0.0,0.0,0.0,0.0,0.0,0.0,0.0
2614778,0.0,0.0,1.0,0.0,0.0,0.0,0.0
2614779,0.0,0.0,0.0,0.0,0.0,0.0,0.0
2614781,0.0,0.0,1.0,0.0,0.0,0.0,0.0
2614783,0.0,0.0,0.0,0.0,0.0,0.0,0.0
2614813,0.0,0.0,1.0,0.0,0.0,0.0,0.0
2614814,0.0,0.0,0.0,0.0,0.0,0.0,0.0
2614815,0.0,0.0,1.0,0.0,0.0,0.0,0.0
2614818,0.0,0.0,0.0,0.0,0.0,0.0,0.0
2614823,0.0,0.0,1.0,0.0,0.0,0.0,0.0
2614830,0.0,0.0,0.0,0.0,0.0,0.0,0.0
2614836,0.0,0.0,1.0,0.0,0.0,0.0,0.0
2614838,0.0,0.0,0.0,0.0,0.0,0.0,0.0
2614839,0.0,0.0,1.0,0.0,0.0,0.0,0.0
2614842,0.0,0.0,0.0,0.0,0.0,0.0,0.0
2614843,0.0,0.0,1.0,0.0,0.0,0.0,0.0
2614846,0.0,0.0,0.0,0.0,0.0,0.0,0.0
2614847,0.0,0.0,1.0,0.0,0.0,0.0,0.0
2615165,0.0,0.0,1.0,0.0,1.0,0.0,0.0
2615168,0.0,0.0,1.0,0.0,0.0,0.0,0.0
2615174,0.0,0.0,1.0,0.0,1.0,0.0,0.0
2615175,0.0,0.0,1.0,0.0,0.0,0.0,0.0
2615478,0.0,0.0,1.0,0.0,1.0,0.0,0.0
2615479,0.0,0.0,1.0,0.0,0.0,0.0,0.0
2615480,0.0,0.0,1.0,0.0,1.0,0.0,0.0
2615481,0.0,0.0,1.0,0.0,0.0,0.0,0.0
2615490,0.0,0.0,1.0,0.0,1.0,0.0,0.0
2615491,0.0,0.0,1.0,0.0,0.0,0.0,0.0
2615529,0.0,0.0,1.0,0.0,1.0,0.0,0.0
2615530,0.0,0.0,1.0,0.0,0.0,0.0,0.0
2616507,0.0,0.0,0.0,0.0,0.0,0.0,0.0
2616513,0.0,0.0,1.0,0.0,0.0,0.0,0.0
2616515,0.0,0.0,0.0,0.0,0.0,0.0,0.0
2616518,0.0,0.0,1.0,0.0,0.0,0.0,0.0
2616519,0.0,0.0,0.0,0.0,0.0,0.0,0.0
2616521,0.0,0.0,1.0,0.0,0.0,0.0,0.0
2616523,0.0,0.0,0.0,0.0,0.0,0.0,0.0
2616530,0.0,0.0,1.0,0.0,0.0,0.0,0.0
2616531,0.0,0.0,0.0,0.0,0.0,0.0,0.0
2616537,0.0,0.0,1.0,0.0,0.0,0.0,0.0
2616539,0.0,0.0,0.0,0.0,0.0,0.0,0.0
2616545,0.0,0.0,1.0,0.0,0.0,0.0,0.0
2616547,0.0,0.0,0.0,0.0,0.0,0.0,0.0
2616548,0.0,0.0,1.0,0.0,0.0,0.0,0.0
2616551,0.0,0.0,0.0,0.0,0.0,0.0,0.0
2616552,0.0,0.0,1.0,0.0,0.0,0.0,0.0
2616555,0.0,0.0,0.0,0.0,0.0,0.0,0.0
2616557,0.0,0.0,1.0,0.0,0.0,0.0,0.0
2616567,0.0,0.0,0.0,0.0,0.0,0.0,0.0
2616999,0.0,0.0,1.0,0.0,0.0,0.0,0.0
2617000,0.0,0.0,0.0,0.0,0.0,0.0,0.0
2617003,0.0,0.0,1.0,0.0,0.0,0.0,0.0
2617023,0.0,0.0,0.0,0.0,0.0,0.0,0.0
2617068,0.0,0.0,1.0,0.0,0.0,0.0,0.0
2617071,0.0,0.0,0.0,0.0,0.0,0.0,0.0
2617073,0.0,0.0,1.0,0.0,0.0,0.0,0.0
2617083,0.0,0.0,0.0,0.0,0.0,0.0,0.0
2617086,0.0,0.0,1.0,0.0,0.0,0.0,0.0
2617087,0.0,0.0,0.0,0.0,0.0,0.0,0.0
2617490,0.0,0.0,0.0,0.0,1.0,0.0,0.0
2617493,0.0,0.0,0.0,0.0,0.0,0.0,0.0
2618136,0.0,0.0,0.0,0.0,1.0,0.0,0.0
2618138,0.0,0.0,0.0,0.0,0.0,0.0,0.0
2618408,0.0,0.0,0.0,0.0,1.0,0.0,0.0
2618409,0.0,0.0,0.0,0.0,0.0,0.0,0.0
2618552,0.0,0.0,0.0,0.0,1.0,0.0,0.0
2618553,0.0,0.0,0.0,0.0,0.0,0.0,0.0
2618573,0.0,0.0,0.0,0.0,1.0,0.0,0.0
2618576,0.0,0.0,0.0,0.0,0.0,0.0,0.0
2619202,0.0,0.0,0.0,0.0,1.0,0.0,0.0
2619205,0.0,0.0,0.0,0.0,0.0,0.0,0.0
2619228,0.0,0.0,0.0,0.0,1.0,0.0,0.0
2619231,0.0,0.0,0.0,0.0,0.0,0.0,0.0
2619232,0.0,0.0,0.0,0.0,1.0,0.0,0.0
2619234,0.0,0.0,0.0,0.0,0.0,0.0,0.0
2619697,0.0,0.0,0.0,0.0,1.0,0.0,0.0
2619700,0.0,0.0,0.0,0.0,0.0,0.0,0.0
2619872,0.0,0.0,1.0,0.0,0.0,0.0,0.0
2619875,0.0,0.0,0.0,0.0,0.0,0.0,0.0
2619876,0.0,0.0,1.0,0.0,0.0,0.0,0.0
2619883,0.0,0.0,0.0,0.0,0.0,0.0,0.0
2619885,0.0,0.0,1.0,0.0,0.0,0.0,0.0
2619899,0.0,0.0,0.0,0.0,0.0,0.0,0.0
2619900,0.0,0.0,1.0,0.0,0.0,0.0,0.0
2620008,0.0,2.0,1.0,0.0,0.0,0.0,0.0
2620009,0.0,0.0,1.0,0.0,0.0,0.0,0.0
2620240,0.0,0.0,0.0,0.0,0.0,0.0,0.0
2620242,0.0,0.0,1.0,0.0,0.0,0.0,0.0
2620244,0.0,0.0,0.0,0.0,0.0,0.0,0.0
2620245,0.0,0.0,1.0,0.0,0.0,0.0,0.0
2620272,0.0,0.0,0.0,0.0,0.0,0.0,0.0
2620273,0.0,0.0,1.0,0.0,0.0,0.0,0.0
2620280,0.0,0.0,0.0,0.0,0.0,0.0,0.0
2620282,0.0,0.0,1.0,0.0,0.0,0.0,0.0
2620284,0.0,0.0,0.0,0.0,0.0,0.0,0.0
2620287,0.0,0.0,1.0,0.0,0.0,0.0,0.0
2620288,0.0,0.0,0.0,0.0,0.0,0.0,0.0
2620289,0.0,0.0,1.0,0.0,0.0,0.0,0.0
2620319,0.0,0.0,0.0,0.0,0.0,0.0,0.0
2620320,0.0,0.0,1.0,0.0,0.0,0.0,0.0
2620517,0.0,0.0,1.0,0.0,1.0,0.0,0.0
2620518,0.0,0.0,1.0,0.0,0.0,0.0,0.0
2620593,0.0,0.0,1.0,0.0,1.0,0.0,0.0
2620594,0.0,0.0,1.0,0.0,0.0,0.0,0.0
2620598,0.0,0.0,1.0,0.0,1.0,0.0,0.0
2620599,0.0,0.0,1.0,0.0,0.0,0.0,0.0
2620600,0.0,0.0,1.0,0.0,1.0,0.0,0.0
2620601,0.0,0.0,1.0,0.0,0.0,0.0,0.0
2621017,0.0,0.0,1.0,0.0,1.0,0.0,0.0
2621021,0.0,0.0,1.0,0.0,0.0,0.0,0.0
2621022,0.0,0.0,1.0,0.0,1.0,0.0,0.0
2621025,0.0,0.0,1.0,0.0,0.0,0.0,0.0
2621026,0.0,0.0,1.0,0.0,1.0,0.0,0.0
2621027,0.0,0.0,1.0,0.0,0.0,0.0,0.0
2621028,0.0,0.0,1.0,0.0,1.0,0.0,0.0
2621030,0.0,0.0,1.0,0.0,0.0,0.0,0.0
2621290,0.0,0.0,1.0,0.0,1.0,0.0,0.0
2621291,0.0,0.0,1.0,0.0,0.0,0.0,0.0
2621333,0.0,0.0,1.0,0.0,1.0,0.0,0.0
2621335,0.0,0.0,1.0,0.0,0.0,0.0,0.0
2621584,0.0,0.0,1.0,0.0,1.0,0.0,0.0
2621588,0.0,0.0,1.0,0.0,0.0,0.0,0.0
2621589,0.0,0.0,1.0,0.0,1.0,0.0,0.0
2621590,0.0,0.0,1.0,0.0,0.0,0.0,0.0
2621592,0.0,0.0,1.0,0.0,1.0,0.0,0.0
2621597,0.0,0.0,1.0,0.0,0.0,0.0,0.0
2622148,0.0,0.0,1.0,0.0,1.0,0.0,0.0
2622149,0.0,0.0,1.0,0.0,0.0,0.0,0.0
2622150,0.0,0.0,1.0,0.0,1.0,0.0,0.0
2622151,0.0,0.0,1.0,0.0,2.0,0.0,0.0
2622152,0.0,0.0,1.0,0.0,0.0,0.0,0.0
2623883,0.0,0.0,1.0,0.0,1.0,0.0,0.0
2623884,0.0,0.0,1.0,0.0,0.0,0.0,0.0
2623885,0.0,0.0,1.0,0.0,1.0,0.0,0.0
2623886,0.0,0.0,1.0,0.0,0.0,0.0,0.0
2623887,0.0,0.0,1.0,0.0,1.0,0.0,0.0
2623889,0.0,0.0,1.0,0.0,2.0,0.0,0.0
2623890,0.0,0.0,1.0,0.0,0.0,0.0,0.0
2624625,0.0,0.0,1.0,0.0,1.0,0.0,0.0
2624626,0.0,0.0,1.0,0.0,0.0,0.0,0.0
2624627,0.0,0.0,1.0,0.0,1.0,0.0,0.0
2624629,0.0,0.0,1.0,0.0,0.0,0.0,0.0
2624630,0.0,0.0,1.0,0.0,1.0,0.0,0.0
2624631,0.0,0.0,1.0,0.0,0.0,0.0,0.0
2624635,0.0,0.0,1.0,0.0,1.0,0.0,0.0
2624637,0.0,0.0,1.0,0.0,2.0,0.0,0.0
2624638,0.0,0.0,1.0,0.0,0.0,0.0,0.0
2626918,0.0,0.0,1.0,0.0,1.0,0.0,0.0
2626919,0.0,0.0,1.0,0.0,0.0,0.0,0.0
2626920,0.0,0.0,1.0,0.0,1.0,0.0,0.0
2626921,0.0,0.0,1.0,0.0,0.0,0.0,0.0
2626922,0.0,0.0,1.0,0.0,1.0,0.0,0.0
2626923,0.0,0.0,1.0,0.0,0.0,0.0,0.0
2628336,0.0,0.0,1.0,0.0,1.0,0.0,0.0
2628337,0.0,0.0,1.0,0.0,0.0,0.0,0.0
2629191,0.0,0.0,1.0,0.0,1.0,0.0,0.0
2629192,0.0,0.0,1.0,0.0,0.0,0.0,0.0
2629193,0.0,0.0,1.0,0.0,1.0,0.0,0.0
2629194,0.0,0.0,1.0,0.0,0.0,0.0,0.0
2629198,0.0,0.0,1.0,0.0,1.0,0.0,0.0
2629199,0.0,0.0,1.0,0.0,0.0,0.0,0.0
2630193,0.0,0.0,1.0,0.0,1.0,0.0,0.0
2630194,0.0,0.0,1.0,0.0,0.0,0.0,0.0
2630659,0.0,0.0,1.0,0.0,1.0,0.0,0.0
2630661,0.0,0.0,1.0,0.0,0.0,0.0,0.0
2631048,0.0,0.0,1.0,0.0,1.0,0.0,0.0
2631049,0.0,0.0,1.0,0.0,0.0,0.0,0.0
2631388,0.0,0.0,1.0,0.0,1.0,0.0,0.0
2631389,0.0,0.0,1.0,0.0,0.0,0.0,0.0
2631726,0.0,0.0,1.0,0.0,1.0,0.0,0.0
2631728,0.0,0.0,1.0,0.0,2.0,0.0,0.0
2631729,0.0,0.0,1.0,0.0,0.0,0.0,0.0
2631921,0.0,0.0,1.0,0.0,1.0,0.0,0.0
2631922,0.0,0.0,1.0,0.0,0.0,0.0,0.0
2632680,0.0,0.0,1.0,0.0,1.0,0.0,0.0
2632681,0.0,0.0,1.0,0.0,0.0,0.0,0.0
2632712,0.0,0.0,1.0,0.0,1.0,0.0,0.0
2632715,0.0,0.0,1.0,0.0,0.0,0.0,0.0
2632717,0.0,0.0,1.0,0.0,1.0,0.0,0.0
2632720,0.0,0.0,1.0,0.0,0.0,0.0,0.0
2632857,0.0,0.0,1.0,0.0,1.0,0.0,0.0
2632858,0.0,0.0,1.0,0.0,0.0,0.0,0.0
2632859,0.0,0.0,1.0,0.0,1.0,0.0,0.0
2632860,0.0,0.0,1.0,0.0,0.0,0.0,0.0
2632868,0.0,0.0,1.0,0.0,1.0,0.0,0.0
2632869,0.0,0.0,1.0,0.0,0.0,0.0,0.0
2632870,0.0,0.0,1.0,0.0,1.0,0.0,0.0
2632872,0.0,0.0,1.0,0.0,0.0,0.0,0.0
2632875,0.0,0.0,1.0,0.0,1.0,0.0,0.0
2632876,0.0,0.0,1.0,0.0,0.0,0.0,0.0
2632885,0.0,0.0,1.0,0.0,1.0,0.0,0.0
2632886,0.0,0.0,1.0,0.0,0.0,0.0,0.0
2632887,0.0,0.0,1.0,0.0,1.0,0.0,0.0
2632890,0.0,0.0,1.0,0.0,0.0,0.0,0.0
2633284,0.0,0.0,1.0,0.0,1.0,0.0,0.0
2633287,0.0,0.0,1.0,0.0,0.0,0.0,0.0
2634643,0.0,0.0,1.0,0.0,1.0,0.0,0.0
2634644,0.0,0.0,1.0,0.0,0.0,0.0,0.0
2634645,0.0,0.0,1.0,0.0,1.0,0.0,0.0
2634647,0.0,0.0,1.0,0.0,0.0,0.0,0.0
2635972,0.0,0.0,1.0,0.0,1.0,0.0,0.0
2635973,0.0,0.0,1.0,0.0,0.0,0.0,0.0
2636333,0.0,0.0,0.0,0.0,0.0,0.0,0.0
2636334,0.0,0.0,1.0,0.0,0.0,0.0,0.0
2636341,0.0,0.0,0.0,0.0,0.0,0.0,0.0
2636352,0.0,0.0,1.0,0.0,0.0,0.0,0.0
2636369,0.0,0.0,0.0,0.0,0.0,0.0,0.0
2636371,0.0,0.0,1.0,0.0,0.0,0.0,0.0
2636476,0.0,0.0,0.0,0.0,0.0,0.0,0.0
2636477,0.0,0.0,1.0,0.0,0.0,0.0,0.0
2636484,0.0,0.0,0.0,0.0,0.0,0.0,0.0
2637343,0.0,0.0,0.0,0.0,1.0,0.0,0.0
2637345,0.0,0.0,0.0,0.0,2.0,0.0,0.0
2637346,0.0,0.0,0.0,0.0,0.0,0.0,0.0
2638277,0.0,0.0,0.0,0.0,1.0,0.0,0.0
2638278,0.0,0.0,0.0,0.0,0.0,0.0,0.0
2638279,0.0,0.0,0.0,0.0,1.0,0.0,0.0
2638280,0.0,0.0,0.0,0.0,0.0,0.0,0.0
2638352,0.0,0.0,0.0,0.0,1.0,0.0,0.0
2638353,0.0,0.0,0.0,0.0,0.0,0.0,0.0
2638354,0.0,0.0,0.0,0.0,1.0,0.0,0.0
2638356,0.0,0.0,0.0,0.0,0.0,0.0,0.0
2638359,0.0,0.0,0.0,0.0,1.0,0.0,0.0
2638363,0.0,0.0,0.0,0.0,0.0,0.0,0.0
2640421,0.0,0.0,0.0,0.0,1.0,0.0,0.0
2640425,0.0,0.0,0.0,0.0,0.0,0.0,0.0
2641154,0.0,0.0,0.0,0.0,1.0,0.0,0.0
2641155,0.0,0.0,0.0,0.0,0.0,0.0,0.0
2641238,0.0,0.0,0.0,0.0,1.0,0.0,0.0
2641239,0.0,0.0,0.0,0.0,0.0,0.0,0.0
2642696,0.0,0.0,0.0,0.0,1.0,0.0,0.0
2642698,0.0,0.0,0.0,0.0,0.0,0.0,0.0
2642699,0.0,0.0,0.0,0.0,1.0,0.0,0.0
2642700,0.0,0.0,0.0,0.0,0.0,0.0,0.0
2642919,0.0,0.0,0.0,0.0,1.0,0.0,0.0
2642920,0.0,0.0,0.0,0.0,0.0,0.0,0.0
2642977,0.0,0.0,0.0,0.0,1.0,0.0,0.0
2642978,0.0,0.0,0.0,0.0,0.0,0.0,0.0
2642984,0.0,0.0,0.0,0.0,1.0,0.0,0.0
2642985,0.0,0.0,0.0,0.0,0.0,0.0,0.0
2642989,0.0,0.0,0.0,0.0,1.0,0.0,0.0
2642990,0.0,0.0,0.0,0.0,0.0,0.0,0.0
2643239,0.0,0.0,0.0,0.0,1.0,0.0,0.0
2643240,0.0,0.0,0.0,0.0,0.0,0.0,0.0
2643957,0.0,0.0,0.0,0.0,1.0,0.0,0.0
2643960,0.0,0.0,0.0,0.0,0.0,0.0,0.0
2643961,0.0,0.0,0.0,0.0,1.0,0.0,0.0
2643962,0.0,0.0,0.0,0.0,0.0,0.0,0.0
2643984,0.0,0.0,0.0,0.0,1.0,0.0,0.0
2643985,0.0,0.0,0.0,0.0,0.0,0.0,0.0
2643986,0.0,0.0,0.0,0.0,1.0,0.0,0.0
2643987,0.0,0.0,0.0,0.0,0.0,0.0,0.0
2643989,0.0,0.0,0.0,0.0,1.0,0.0,0.0
2643990,0.0,0.0,0.0,0.0,0.0,0.0,0.0
2644696,0.0,0.0,0.0,0.0,1.0,0.0,0.0
2644698,0.0,0.0,0.0,0.0,2.0,0.0,0.0
2644699,0.0,0.0,0.0,0.0,0.0,0.0,0.0
2644961,0.0,0.0,0.0,0.0,1.0,0.0,0.0
2644962,0.0,0.0,0.0,0.0,0.0,0.0,0.0
2647632,0.0,0.0,0.0,0.0,1.0,0.0,0.0
2647633,0.0,0.0,0.0,0.0,0.0,0.0,0.0
2647634,0.0,0.0,0.0,0.0,1.0,0.0,0.0
2647635,0.0,0.0,0.0,0.0,0.0,0.0,0.0
2648475,0.0,0.0,0.0,0.0,1.0,0.0,0.0
2648476,0.0,0.0,0.0,0.0,0.0,0.0,0.0
2651271,0.0,0.0,0.0,0.0,1.0,0.0,0.0
2651272,0.0,0.0,0.0,0.0,0.0,0.0,0.0
2651275,0.0,0.0,0.0,0.0,1.0,0.0,0.0
2651276,0.0,0.0,0.0,0.0,0.0,0.0,0.0
2651907,0.0,0.0,0.0,0.0,1.0,0.0,0.0
2651908,0.0,0.0,0.0,0.0,0.0,0.0,0.0
2652005,0.0,0.0,0.0,0.0,1.0,0.0,0.0
2652009,0.0,0.0,0.0,0.0,0.0,0.0,0.0
2653623,0.0,0.0,0.0,0.0,1.0,0.0,0.0
2653625,0.0,0.0,0.0,0.0,0.0,0.0,0.0
2655512,0.0,0.0,0.0,0.0,1.0,0.0,0.0
2655513,0.0,0.0,0.0,0.0,0.0,0.0,0.0
2655514,0.0,0.0,0.0,0.0,1.0,0.0,0.0
2655515,0.0,0.0,0.0,0.0,0.0,0.0,0.0
2656761,0.0,0.0,0.0,0.0,1.0,0.0,0.0
2656762,0.0,0.0,0.0,0.0,0.0,0.0,0.0
2656766,0.0,0.0,0.0,0.0,1.0,0.0,0.0
2656771,0.0,0.0,0.0,0.0,0.0,0.0,0.0
2656865,0.0,0.0,0.0,0.0,1.0,0.0,0.0
2656866,0.0,0.0,0.0,0.0,0.0,0.0,0.0
2657718,0.0,0.0,0.0,0.0,1.0,0.0,0.0
2657719,0.0,0.0,0.0,0.0,0.0,0.0,0.0
2660443,0.0,0.0,0.0,0.0,1.0,0.0,0.0
2660446,0.0,0.0,0.0,0.0,0.0,0.0,0.0
2664666,0.0,0.0,0.0,0.0,1.0,0.0,0.0
2664667,0.0,0.0,0.0,0.0,0.0,0.0,0.0
2664668,0.0,0.0,0.0,0.0,1.0,0.0,0.0
2664669,0.0,0.0,0.0,0.0,0.0,0.0,0.0
2664670,0.0,0.0,0.0,0.0,1.0,0.0,0.0
2664671,0.0,0.0,0.0,0.0,0.0,0.0,0.0
2664672,0.0,0.0,0.0,0.0,1.0,0.0,0.0
2664674,0.0,0.0,0.0,0.0,2.0,0.0,0.0
2664675,0.0,0.0,0.0,0.0,0.0,0.0,0.0
2665136,0.0,0.0,0.0,0.0,1.0,0.0,0.0
2665137,0.0,0.0,0.0,0.0,0.0,0.0,0.0
2665138,0.0,0.0,0.0,0.0,1.0,0.0,0.0
2665139,0.0,0.0,0.0,0.0,0.0,0.0,0.0
2666173,0.0,0.0,0.0,0.0,1.0,0.0,0.0
2666174,0.0,0.0,0.0,0.0,0.0,0.0,0.0
2666180,0.0,0.0,0.0,0.0,1.0,0.0,0.0
2666181,0.0,0.0,0.0,0.0,0.0,0.0,0.0
2666495,0.0,0.0,0.0,0.0,1.0,0.0,0.0
2666497,0.0,0.0,0.0,0.0,2.0,0.0,0.0
2666498,0.0,0.0,0.0,0.0,0.0,0.0,0.0
2667645,0.0,0.0,0.0,0.0,1.0,0.0,0.0
2667646,0.0,0.0,0.0,0.0,0.0,0.0,0.0
2668527,0.0,0.0,0.0,0.0,1.0,0.0,0.0
2668528,0.0,0.0,0.0,0.0,0.0,0.0,0.0
2670799,0.0,0.0,0.0,0.0,1.0,0.0,0.0
2670800,0.0,0.0,0.0,0.0,0.0,0.0,0.0
2670804,0.0,0.0,0.0,0.0,1.0,0.0,0.0
2670805,0.0,0.0,0.0,0.0,0.0,0.0,0.0
2671260,0.0,0.0,0.0,0.0,1.0,0.0,0.0
2671261,0.0,0.0,0.0,0.0,0.0,0.0,0.0
2672005,0.0,0.0,0.0,0.0,1.0,0.0,0.0
2672007,0.0,0.0,0.0,0.0,0.0,0.0,0.0
2672969,0.0,0.0,0.0,0.0,1.0,0.0,0.0
2672970,0.0,0.0,0.0,0.0,0.0,0.0,0.0
2672996,0.0,0.0,0.0,0.0,1.0,0.0,0.0
2672997,0.0,0.0,0.0,0.0,0.0,0.0,0.0
2673716,0.0,0.0,0.0,0.0,1.0,0.0,0.0
2673717,0.0,0.0,0.0,0.0,0.0,0.0,0.0
2673722,0.0,0.0,0.0,0.0,1.0,0.0,0.0
2673723,0.0,0.0,0.0,0.0,0.0,0.0,0.0
2673727,0.0,0.0,0.0,0.0,1.0,0.0,0.0
2673728,0.0,0.0,0.0,0.0,0.0,0.0,0.0
2675758,0.0,0.0,0.0,0.0,1.0,0.0,0.0
2675759,0.0,0.0,0.0,0.0,0.0,0.0,0.0
2675957,0.0,0.0,0.0,0.0,1.0,0.0,0.0
2675958,0.0,0.0,0.0,0.0,0.0,0.0,0.0
2676387,0.0,0.0,0.0,0.0,1.0,0.0,0.0
2676392,0.0,0.0,0.0,0.0,0.0,0.0,0.0
2676561,0.0,0.0,0.0,0.0,1.0,0.0,0.0
2676562,0.0,0.0,0.0,0.0,0.0,0.0,0.0
2676563,0.0,0.0,0.0,0.0,1.0,0.0,0.0
2676564,0.0,0.0,0.0,0.0,0.0,0.0,0.0
2676565,0.0,0.0,0.0,0.0,1.0,0.0,0.0
2676567,0.0,0.0,0.0,0.0,0.0,0.0,0.0
2676568,0.0,0.0,0.0,0.0,1.0,0.0,0.0
2676569,0.0,0.0,0.0,0.0,0.0,0.0,0.0
2676573,0.0,0.0,0.0,0.0,1.0,0.0,0.0
2676574,0.0,0.0,0.0,0.0,0.0,0.0,0.0
2676575,0.0,0.0,0.0,0.0,1.0,0.0,0.0
2676578,0.0,0.0,0.0,0.0,0.0,0.0,0.0
2676580,0.0,0.0,0.0,0.0,1.0,0.0,0.0
2676581,0.0,0.0,0.0,0.0,0.0,0.0,0.0
2676598,0.0,0.0,0.0,0.0,1.0,0.0,0.0
2676599,0.0,0.0,0.0,0.0,0.0,0.0,0.0
2676600,0.0,0.0,0.0,0.0,1.0,0.0,0.0
2676601,0.0,0.0,0.0,0.0,0.0,0.0,0.0
2676603,0.0,0.0,0.0,0.0,1.0,0.0,0.0
2676604,0.0,0.0,0.0,0.0,0.0,0.0,0.0
2676605,0.0,0.0,0.0,0.0,1.0,0.0,0.0
2676606,0.0,0.0,0.0,0.0,0.0,0.0,0.0
2676607,0.0,0.0,0.0,0.0,1.0,0.0,0.0
2676608,0.0,0.0,0.0,0.0,0.0,0.0,0.0
2676609,0.0,0.0,0.0,0.0,1.0,0.0,0.0
2676611,0.0,0.0,0.0,0.0,0.0,0.0,0.0
2676780,0.0,0.0,0.0,0.0,1.0,0.0,0.0
2676781,0.0,0.0,0.0,0.0,0.0,0.0,0.0
2676782,0.0,0.0,0.0,0.0,1.0,0.0,0.0
2676786,0.0,0.0,0.0,0.0,2.0,0.0,0.0
2676787,0.0,0.0,0.0,0.0,0.0,0.0,0.0
2676863,0.0,2.0,0.0,0.0,0.0,1.0,0.0
2676864,0.0,0.0,0.0,0.0,0.0,0.0,0.0
2676904,0.0,0.0,1.0,0.0,0.0,0.0,0.0
2676907,0.0,0.0,0.0,0.0,0.0,0.0,0.0
2676937,0.0,0.0,1.0,0.0,0.0,0.0,0.0
2676940,0.0,0.0,0.0,0.0,0.0,0.0,0.0
2676943,0.0,0.0,1.0,0.0,0.0,0.0,0.0
2676944,0.0,0.0,0.0,0.0,0.0,0.0,0.0
2676945,0.0,0.0,1.0,0.0,0.0,0.0,0.0
2678649,0.0,0.0,1.0,0.0,1.0,0.0,0.0
2678650,0.0,0.0,1.0,0.0,0.0,0.0,0.0
2679905,0.0,0.0,1.0,1.0,0.0,0.0,0.0
2679906,0.0,0.0,1.0,0.0,0.0,0.0,0.0
2680948,0.0,0.0,1.0,0.0,1.0,0.0,0.0
2680949,0.0,0.0,1.0,0.0,0.0,0.0,0.0
2681310,0.0,0.0,1.0,0.0,1.0,0.0,0.0
2681312,0.0,0.0,1.0,0.0,2.0,0.0,0.0
2681313,0.0,0.0,1.0,0.0,0.0,0.0,0.0
2681612,0.0,0.0,1.0,0.0,1.0,0.0,0.0
2681613,0.0,0.0,1.0,0.0,0.0,0.0,0.0
2682430,0.0,0.0,1.0,0.0,1.0,0.0,0.0
2682432,0.0,0.0,1.0,0.0,0.0,0.0,0.0
2682498,0.0,0.0,1.0,0.0,1.0,0.0,0.0
2682499,0.0,0.0,1.0,0.0,0.0,0.0,0.0
2682503,0.0,0.0,1.0,0.0,1.0,0.0,0.0
2682504,0.0,0.0,1.0,0.0,0.0,0.0,0.0
2683637,0.0,0.0,1.0,1.0,1.0,0.0,0.0
2683638,0.0,0.0,1.0,0.0,0.0,0.0,0.0
2683640,0.0,0.0,1.0,0.0,1.0,0.0,0.0
2683641,0.0,0.0,1.0,0.0,0.0,0.0,0.0
2685044,0.0,0.0,1.0,0.0,1.0,0.0,0.0
2685047,0.0,0.0,1.0,0.0,0.0,0.0,0.0
2686726,0.0,0.0,1.0,0.0,1.0,0.0,0.0
2686727,0.0,0.0,1.0,0.0,0.0,0.0,0.0
2686735,0.0,0.0,1.0,0.0,1.0,0.0,0.0
2686736,0.0,0.0,1.0,0.0,0.0,0.0,0.0
2687772,0.0,0.0,1.0,0.0,1.0,0.0,0.0
2687773,0.0,0.0,1.0,0.0,0.0,0.0,0.0
2687779,0.0,0.0,1.0,0.0,1.0,0.0,0.0
2687780,0.0,0.0,1.0,0.0,0.0,0.0,0.0
2688498,0.0,0.0,1.0,0.0,1.0,0.0,0.0
2688499,0.0,0.0,1.0,0.0,0.0,0.0,0.0
2688703,0.0,0.0,1.0,0.0,1.0,0.0,0.0
2688704,0.0,0.0,1.0,0.0,0.0,0.0,0.0
2688889,0.0,0.0,1.0,0.0,1.0,0.0,0.0
2688890,0.0,0.0,1.0,0.0,0.0,0.0,0.0
2690018,0.0,0.0,1.0,0.0,1.0,0.0,0.0
2690020,0.0,0.0,1.0,0.0,2.0,0.0,0.0
2690021,0.0,0.0,1.0,0.0,0.0,0.0,0.0
2690967,0.0,0.0,1.0,0.0,1.0,0.0,0.0
2690968,0.0,0.0,1.0,0.0,0.0,0.0,0.0
2691107,0.0,0.0,1.0,0.0,1.0,0.0,0.0
2691109,0.0,0.0,1.0,0.0,2.0,0.0,0.0
2691110,0.0,0.0,1.0,0.0,0.0,0.0,0.0
2692027,0.0,0.0,1.0,0.0,1.0,0.0,0.0
2692033,0.0,0.0,1.0,0.0,0.0,0.0,0.0
2692542,0.0,0.0,1.0,0.0,1.0,0.0,0.0
2692543,0.0,0.0,1.0,0.0,0.0,0.0,0.0
2692546,0.0,0.0,1.0,0.0,1.0,0.0,0.0
2692549,0.0,0.0,1.0,0.0,2.0,0.0,0.0
2692550,0.0,0.0,1.0,0.0,0.0,0.0,0.0
2694676,0.0,0.0,1.0,0.0,1.0,0.0,0.0
2694679,0.0,0.0,1.0,0.0,0.0,0.0,0.0
2695136,0.0,0.0,1.0,0.0,1.0,0.0,0.0
2695140,0.0,0.0,1.0,0.0,0.0,0.0,0.0
2695514,0.0,0.0,1.0,0.0,1.0,0.0,0.0
2695516,0.0,0.0,1.0,0.0,0.0,0.0,0.0
2696191,0.0,0.0,1.0,0.0,1.0,0.0,0.0
2696198,0.0,0.0,1.0,0.0,0.0,0.0,0.0
2696200,0.0,0.0,1.0,0.0,1.0,0.0,0.0
2696201,0.0,0.0,1.0,0.0,0.0,0.0,0.0
2696207,0.0,0.0,1.0,0.0,1.0,0.0,0.0
2696208,0.0,0.0,1.0,0.0,0.0,0.0,0.0
2696209,0.0,0.0,1.0,0.0,1.0,0.0,0.0
2696210,0.0,0.0,1.0,0.0,0.0,0.0,0.0
2696557,0.0,0.0,1.0,0.0,1.0,0.0,0.0
2696558,0.0,0.0,1.0,0.0,0.0,0.0,0.0
2696570,0.0,0.0,1.0,0.0,1.0,0.0,0.0
2696571,0.0,0.0,1.0,0.0,0.0,0.0,0.0
2696572,0.0,0.0,1.0,0.0,1.0,0.0,0.0
2696573,0.0,0.0,1.0,0.0,0.0,0.0,0.0
2697095,0.0,0.0,1.0,0.0,1.0,0.0,0.0
2697096,0.0,0.0,1.0,0.0,0.0,0.0,0.0
2701336,0.0,0.0,1.0,0.0,1.0,0.0,0.0
2701338,0.0,0.0,1.0,0.0,2.0,0.0,0.0
2701339,0.0,0.0,1.0,0.0,0.0,0.0,0.0
2703224,0.0,0.0,0.0,0.0,0.0,0.0,0.0
2703226,0.0,0.0,1.0,0.0,0.0,0.0,0.0
2703228,0.0,0.0,0.0,0.0,0.0,0.0,0.0
2703229,0.0,0.0,1.0,0.0,0.0,0.0,0.0
2703232,0.0,0.0,0.0,0.0,0.0,0.0,0.0
2703256,0.0,0.0,1.0,0.0,0.0,0.0,0.0
2703261,0.0,0.0,0.0,0.0,0.0,0.0,0.0
2703310,0.0,0.0,1.0,0.0,0.0,0.0,0.0
2703311,0.0,0.0,0.0,0.0,0.0,0.0,0.0
2703312,0.0,0.0,1.0,0.0,0.0,0.0,0.0
2703319,0.0,0.0,0.0,0.0,0.0,0.0,0.0
2703321,0.0,0.0,1.0,0.0,0.0,0.0,0.0
2703328,0.0,0.0,0.0,0.0,0.0,0.0,0.0
2703331,0.0,0.0,1.0,0.0,0.0,0.0,0.0
2703332,0.0,0.0,0.0,0.0,0.0,0.0,0.0
2703334,0.0,0.0,1.0,0.0,0.0,0.0,0.0
2703336,0.0,0.0,0.0,0.0,0.0,0.0,0.0
2704787,0.0,0.0,0.0,0.0,1.0,0.0,0.0
2704788,0.0,0.0,0.0,0.0,0.0,0.0,0.0
2704792,0.0,0.0,0.0,0.0,1.0,0.0,0.0
2704793,0.0,0.0,0.0,0.0,0.0,0.0,0.0
2705528,0.0,0.0,0.0,0.0,1.0,0.0,0.0
2705529,0.0,0.0,0.0,0.0,0.0,0.0,0.0
2705678,0.0,0.0,0.0,0.0,1.0,0.0,0.0
2705679,0.0,0.0,0.0,0.0,0.0,0.0,0.0
2706454,0.0,0.0,0.0,0.0,1.0,0.0,0.0
2706456,0.0,0.0,0.0,0.0,0.0,0.0,0.0
2709177,0.0,0.0,0.0,0.0,1.0,0.0,0.0
2709180,0.0,0.0,0.0,0.0,0.0,0.0,0.0
2711260,0.0,0.0,0.0,0.0,1.0,0.0,0.0
2711263,0.0,0.0,0.0,0.0,0.0,0.0,0.0
2711342,0.0,0.0,0.0,0.0,1.0,0.0,0.0
2711344,0.0,0.0,0.0,0.0,0.0,0.0,0.0
2711345,0.0,0.0,0.0,0.0,1.0,0.0,0.0
2711346,0.0,0.0,0.0,0.0,0.0,0.0,0.0
2712949,0.0,0.0,0.0,0.0,1.0,0.0,0.0
2712952,0.0,0.0,0.0,0.0,0.0,0.0,0.0
2712953,0.0,0.0,0.0,0.0,1.0,0.0,0.0
2712957,0.0,0.0,0.0,0.0,0.0,0.0,0.0
2713216,0.0,0.0,0.0,0.0,1.0,0.0,0.0
2713217,0.0,0.0,0.0,0.0,0.0,0.0,0.0
2714392,0.0,0.0,0.0,0.0,1.0,0.0,0.0
2714393,0.0,0.0,0.0,0.0,0.0,0.0,0.0
2715297,0.0,0.0,0.0,0.0,1.0,0.0,0.0
2715298,0.0,0.0,0.0,0.0,2.0,0.0,0.0
2715299,0.0,0.0,0.0,0.0,0.0,0.0,0.0
2717381,0.0,0.0,0.0,0.0,1.0,0.0,0.0
2717383,0.0,0.0,0.0,0.0,2.0,0.0,0.0
2717384,0.0,0.0,0.0,0.0,0.0,0.0,0.0
2721828,0.0,0.0,0.0,0.0,1.0,0.0,0.0
2721829,0.0,0.0,0.0,0.0,0.0,0.0,0.0
2721830,0.0,0.0,0.0,0.0,1.0,0.0,0.0
2721834,0.0,0.0,0.0,0.0,0.0,0.0,0.0
2722778,0.0,0.0,0.0,0.0,1.0,0.0,0.0
2722781,0.0,0.0,0.0,0.0,0.0,0.0,0.0
2736165,0.0,0.0,0.0,1.0,0.0,0.0,0.0
2736166,0.0,0.0,0.0,0.0,0.0,0.0,0.0
2738059,0.0,0.0,0.0,0.0,1.0,0.0,0.0
2738060,0.0,0.0,0.0,0.0,0.0,0.0,0.0
2738253,0.0,0.0,0.0,0.0,1.0,0.0,0.0
2738254,0.0,0.0,0.0,0.0,0.0,0.0,0.0
2739648,0.0,0.0,0.0,0.0,1.0,0.0,0.0
2739649,0.0,0.0,0.0,0.0,0.0,0.0,0.0
2739651,0.0,0.0,0.0,0.0,1.0,0.0,0.0
2739652,0.0,0.0,0.0,0.0,0.0,0.0,0.0
2744966,0.0,0.0,0.0,1.0,0.0,0.0,0.0
2744967,0.0,0.0,0.0,0.0,0.0,0.0,0.0
2745282,0.0,0.0,0.0,0.0,1.0,0.0,0.0
2745283,0.0,0.0,0.0,0.0,0.0,0.0,0.0
2745287,0.0,0.0,0.0,0.0,1.0,0.0,0.0
2745288,0.0,0.0,0.0,0.0,0.0,0.0,0.0
2747759,0.0,0.0,0.0,0.0,1.0,0.0,0.0
2747760,0.0,0.0,0.0,0.0,0.0,0.0,0.0
2747940,0.0,0.0,0.0,0.0,1.0,0.0,0.0
2747942,0.0,0.0,0.0,0.0,0.0,0.0,0.0
2748282,0.0,0.0,0.0,0.0,1.0,0.0,0.0
2748283,0.0,0.0,0.0,0.0,0.0,0.0,0.0
2748285,0.0,0.0,0.0,0.0,1.0,0.0,0.0
2748286,0.0,0.0,0.0,0.0,0.0,0.0,0.0
2748719,0.0,0.0,0.0,0.0,1.0,0.0,0.0
2748720,0.0,0.0,0.0,0.0,0.0,0.0,0.0
2748724,0.0,0.0,0.0,0.0,1.0,0.0,0.0
2748725,0.0,0.0,0.0,0.0,0.0,0.0,0.0
2752276,0.0,0.0,0.0,0.0,1.0,0.0,0.0
2752277,0.0,0.0,0.0,0.0,0.0,0.0,0.0
2752284,0.0,0.0,0.0,0.0,1.0,0.0,0.0
2752285,0.0,0.0,0.0,0.0,0.0,0.0,0.0
2752289,0.0,0.0,0.0,0.0,1.0,0.0,0.0
2752290,0.0,0.0,0.0,0.0,0.0,0.0,0.0
2754352,0.0,0.0,0.0,0.0,1.0,0.0,0.0
2754354,0.0,0.0,0.0,0.0,0.0,0.0,0.0
2754969,0.0,0.0,0.0,0.0,1.0,0.0,0.0
2754970,0.0,0.0,0.0,0.0,0.0,0.0,0.0
2754974,0.0,0.0,0.0,0.0,1.0,0.0,0.0
2754975,0.0,0.0,0.0,0.0,0.0,0.0,0.0
2754992,0.0,0.0,0.0,0.0,1.0,0.0,0.0
2754993,0.0,0.0,0.0,0.0,0.0,0.0,0.0
2758026,0.0,0.0,0.0,0.0,1.0,0.0,0.0
2758027,0.0,0.0,0.0,0.0,0.0,0.0,0.0
2758028,0.0,0.0,0.0,0.0,1.0,0.0,0.0
2758032,0.0,0.0,0.0,0.0,0.0,0.0,0.0
2762809,0.0,0.0,0.0,0.0,1.0,0.0,0.0
2762810,0.0,0.0,0.0,0.0,0.0,0.0,0.0
2762822,0.0,0.0,0.0,0.0,1.0,0.0,0.0
2762824,0.0,0.0,0.0,0.0,0.0,0.0,0.0
2762825,0.0,0.0,0.0,0.0,1.0,0.0,0.0
2762827,0.0,0.0,0.0,0.0,0.0,0.0,0.0
2763564,0.0,0.0,0.0,0.0,1.0,0.0,0.0
2763565,0.0,0.0,0.0,0.0,0.0,0.0,0.0
2763566,0.0,0.0,0.0,0.0,1.0,0.0,0.0
2763567,0.0,0.0,0.0,0.0,0.0,0.0,0.0
2763841,0.0,0.0,0.0,0.0,1.0,0.0,0.0
2763842,0.0,0.0,0.0,0.0,0.0,0.0,0.0
2763925,0.0,0.0,0.0,0.0,1.0,0.0,0.0
2763926,0.0,0.0,0.0,0.0,0.0,0.0,0.0
2764770,0.0,0.0,0.0,0.0,1.0,0.0,0.0
2764771,0.0,0.0,0.0,0.0,0.0,0.0,0.0
2765367,0.0,0.0,0.0,0.0,1.0,0.0,0.0
2765368,0.0,0.0,0.0,0.0,0.0,0.0,0.0
2766645,0.0,0.0,0.0,0.0,1.0,0.0,0.0
2766646,0.0,0.0,0.0,0.0,0.0,0.0,0.0
2767295,0.0,0.0,0.0,0.0,1.0,0.0,0.0
2767296,0.0,0.0,0.0,0.0,0.0,0.0,0.0
2767298,0.0,0.0,0.0,0.0,1.0,0.0,0.0
2767299,0.0,0.0,0.0,0.0,0.0,0.0,0.0
2767342,0.0,0.0,0.0,0.0,1.0,0.0,0.0
2767343,0.0,0.0,0.0,0.0,0.0,0.0,0.0
2767345,0.0,0.0,0.0,0.0,1.0,0.0,0.0
2767346,0.0,0.0,0.0,0.0,0.0,0.0,0.0
2767347,0.0,0.0,0.0,0.0,1.0,0.0,0.0
2767351,0.0,0.0,0.0,0.0,0.0,0.0,0.0
2767398,0.0,0.0,0.0,0.0,1.0,0.0,0.0
2767399,0.0,0.0,0.0,0.0,0.0,0.0,0.0
2768326,0.0,0.0,0.0,0.0,1.0,0.0,0.0
2768327,0.0,0.0,0.0,0.0,0.0,0.0,0.0
2768328,0.0,0.0,0.0,0.0,1.0,0.0,0.0
2768330,0.0,0.0,0.0,0.0,0.0,0.0,0.0
2769737,0.0,0.0,0.0,0.0,1.0,0.0,0.0
2769738,0.0,0.0,0.0,0.0,0.0,0.0,0.0
2769868,0.0,0.0,0.0,0.0,1.0,0.0,0.0
2769869,0.0,0.0,0.0,0.0,0.0,0.0,0.0
2773118,0.0,0.0,0.0,0.0,1.0,0.0,0.0
2773119,0.0,0.0,0.0,0.0,0.0,0.0,0.0
2777444,0.0,0.0,0.0,0.0,1.0,0.0,0.0
2777446,0.0,0.0,0.0,0.0,0.0,0.0,0.0
2777607,0.0,0.0,0.0,0.0,1.0,0.0,0.0
2777608,0.0,0.0,0.0,0.0,0.0,0.0,0.0
2778377,0.0,0.0,0.0,0.0,1.0,0.0,0.0
2778378,0.0,0.0,0.0,0.0,0.0,0.0,0.0
2778380,0.0,0.0,0.0,0.0,1.0,0.0,0.0
2778381,0.0,0.0,0.0,0.0,0.0,0.0,0.0
2778465,0.0,0.0,0.0,0.0,1.0,0.0,0.0
2778467,0.0,0.0,0.0,0.0,2.0,0.0,0.0
2778468,0.0,0.0,0.0,0.0,0.0,0.0,0.0
2779513,0.0,0.0,0.0,0.0,1.0,0.0,0.0
2779514,0.0,0.0,0.0,0.0,0.0,0.0,0.0
2779802,0.0,0.0,0.0,0.0,1.0,0.0,0.0
2779811,0.0,0.0,0.0,0.0,2.0,0.0,0.0
2779812,0.0,0.0,0.0,0.0,0.0,0.0,0.0
2780211,0.0,0.0,0.0,0.0,1.0,0.0,0.0
2780214,0.0,0.0,0.0,0.0,0.0,0.0,0.0
2781188,0.0,0.0,0.0,0.0,1.0,0.0,0.0
2781189,0.0,0.0,0.0,0.0,0.0,0.0,0.0
2782976,0.0,0.0,0.0,0.0,1.0,0.0,0.0
2782977,0.0,0.0,0.0,0.0,0.0,0.0,0.0
2783092,0.0,0.0,0.0,0.0,1.0,0.0,0.0
2783095,0.0,0.0,0.0,0.0,0.0,0.0,0.0
2783218,0.0,0.0,0.0,0.0,1.0,0.0,0.0
2783220,0.0,0.0,0.0,0.0,2.0,0.0,0.0
2783221,0.0,0.0,0.0,0.0,0.0,0.0,0.0
2784299,0.0,0.0,0.0,0.0,1.0,0.0,0.0
2784300,0.0,0.0,0.0,0.0,0.0,0.0,0.0
2786973,0.0,0.0,0.0,0.0,1.0,0.0,0.0
2786974,0.0,0.0,0.0,0.0,0.0,0.0,0.0
2786976,0.0,0.0,0.0,0.0,1.0,0.0,0.0
2786977,0.0,0.0,0.0,0.0,0.0,0.0,0.0
2791061,0.0,0.0,0.0,0.0,1.0,0.0,0.0
2791064,0.0,0.0,0.0,0.0,0.0,0.0,0.0
2791065,0.0,0.0,0.0,0.0,1.0,0.0,0.0
2791066,0.0,0.0,0.0,0.0,0.0,0.0,0.0
2791068,0.0,0.0,0.0,0.0,1.0,0.0,0.0
2791069,0.0,0.0,0.0,0.0,0.0,0.0,0.0
2794430,0.0,0.0,0.0,0.0,1.0,0.0,0.0
2794431,0.0,0.0,0.0,0.0,0.0,0.0,0.0
2794741,0.0,0.0,0.0,0.0,1.0,0.0,0.0
2794744,0.0,0.0,0.0,0.0,0.0,0.0,0.0
2796265,0.0,0.0,0.0,0.0,1.0,0.0,0.0
2796269,0.0,0.0,0.0,0.0,0.0,0.0,0.0
2796271,0.0,0.0,0.0,0.0,1.0,0.0,0.0
2796272,0.0,0.0,0.0,0.0,0.0,0.0,0.0
2796276,0.0,0.0,0.0,0.0,1.0,0.0,0.0
2796283,0.0,0.0,0.0,0.0,0.0,0.0,0.0
2800000,0.0,0.0,0.0,0.0,0.0,0.0,1.0
2800001,0.0,0.0,0.0,0.0,0.0,0.0,0.0
2800180,0.0,0.0,0.0,0.0,1.0,0.0,0.0
2800181,0.0,0.0,0.0,0.0,0.0,0.0,0.0
2800220,0.0,0.0,0.0,0.0,1.0,0.0,0.0
2800221,0.0,0.0,0.0,0.0,0.0,0.0,0.0
2800222,0.0,0.0,0.0,0.0,1.0,0.0,0.0
2800223,0.0,0.0,0.0,0.0,0.0,0.0,0.0
2800225,0.0,0.0,0.0,0.0,1.0,0.0,0.0
2800231,0.0,0.0,0.0,0.0,0.0,0.0,0.0
2800672,0.0,0.0,0.0,0.0,1.0,0.0,0.0
2800673,0.0,0.0,0.0,0.0,0.0,0.0,0.0
2801095,0.0,0.0,0.0,0.0,1.0,0.0,0.0
2801096,0.0,0.0,0.0,0.0,2.0,0.0,0.0
2801097,0.0,0.0,0.0,0.0,0.0,0.0,0.0
2801403,0.0,2.0,0.0,0.0,0.0,1.0,0.0
2801404,0.0,0.0,0.0,0.0,0.0,0.0,0.0
2801939,0.0,0.0,1.0,0.0,0.0,0.0,0.0
2801957,0.0,0.0,0.0,0.0,0.0,0.0,0.0
2801961,0.0,0.0,1.0,0.0,0.0,0.0,0.0
2801980,0.0,0.0,0.0,0.0,0.0,0.0,0.0
2802079,0.0,0.0,1.0,0.0,0.0,0.0,0.0
2802081,0.0,0.0,0.0,0.0,0.0,0.0,0.0
2802085,0.0,0.0,1.0,0.0,0.0,0.0,0.0
2802090,0.0,0.0,0.0,0.0,0.0,0.0,0.0
2802096,0.0,0.0,1.0,0.0,0.0,0.0,0.0
2802165,0.0,0.0,1.0,1.0,0.0,0.0,0.0
2802168,0.0,0.0,1.0,1.0,1.0,0.0,0.0
2802169,0.0,0.0,1.0,1.0,0.0,0.0,0.0
2802173,0.0,0.0,1.0,0.0,0.0,0.0,0.0
2802185,0.0,0.0,1.0,1.0,0.0,0.0,0.0
2802186,0.0,0.0,1.0,0.0,0.0,0.0,0.0
2802855,0.0,0.0,2.0,0.0,0.0,0.0,0.0
2802856,0.0,0.0,0.0,0.0,0.0,0.0,0.0
2802949,0.0,0.0,1.0,0.0,0.0,0.0,0.0
2802950,0.0,0.0,0.0,0.0,0.0,0.0,0.0
2802961,0.0,0.0,1.0,0.0,0.0,0.0,0.0
2803997,0.0,0.0,0.0,0.0,0.0,0.0,0.0
2804000,0.0,0.0,1.0,0.0,0.0,0.0,0.0
2804001,0.0,0.0,0.0,0.0,0.0,0.0,0.0
2804008,0.0,0.0,1.0,0.0,0.0,0.0,0.0
2804025,0.0,0.0,0.0,0.0,0.0,0.0,0.0
2804028,0.0,0.0,1.0,0.0,0.0,0.0,0.0
2804029,0.0,0.0,0.0,0.0,0.0,0.0,0.0
2804031,0.0,0.0,1.0,0.0,0.0,0.0,0.0
2804037,0.0,0.0,0.0,0.0,0.0,0.0,0.0
2804038,0.0,0.0,1.0,0.0,0.0,0.0,0.0
2804045,0.0,0.0,0.0,0.0,0.0,0.0,0.0
2804047,0.0,0.0,1.0,0.0,0.0,0.0,0.0
2804049,0.0,0.0,0.0,0.0,0.0,0.0,0.0
2804052,0.0,0.0,1.0,0.0,0.0,0.0,0.0
2804053,0.0,0.0,0.0,0.0,0.0,0.0,0.0
2804055,0.0,0.0,1.0,0.0,0.0,0.0,0.0
2804057,0.0,0.0,0.0,0.0,0.0,0.0,0.0
2804058,0.0,0.0,1.0,0.0,0.0,0.0,0.0
2804061,0.0,0.0,0.0,0.0,0.0,0.0,0.0
2806306,0.0,0.0,0.0,0.0,1.0,0.0,0.0
2806307,0.0,0.0,0.0,0.0,0.0,0.0,0.0
2806310,0.0,0.0,0.0,0.0,1.0,0.0,0.0
2806313,0.0,0.0,0.0,0.0,2.0,0.0,0.0
2806314,0.0,0.0,0.0,0.0,0.0,0.0,0.0
2807368,0.0,2.0,0.0,0.0,0.0,1.0,0.0
2807369,0.0,0.0,0.0,0.0,0.0,0.0,0.0
2807402,0.0,0.0,1.0,0.0,0.0,0.0,0.0
2807407,0.0,0.0,0.0,0.0,0.0,0.0,0.0
2807510,0.0,0.0,1.0,0.0,0.0,0.0,0.0
2807511,0.0,0.0,0.0,0.0,0.0,0.0,0.0
2807850,0.0,0.0,1.0,0.0,0.0,0.0,0.0
2807851,0.0,0.0,0.0,0.0,0.0,0.0,0.0
2807979,0.0,0.0,1.0,0.0,0.0,0.0,0.0
2807980,0.0,0.0,0.0,0.0,0.0,0.0,0.0
2807994,0.0,0.0,1.0,0.0,0.0,0.0,0.0
2807995,0.0,0.0,0.0,0.0,0.0,0.0,0.0
2807997,0.0,0.0,1.0,0.0,0.0,0.0,0.0
2808002,0.0,0.0,0.0,0.0,0.0,0.0,0.0
2808005,0.0,0.0,1.0,0.0,0.0,0.0,0.0
2808006,0.0,0.0,0.0,0.0,0.0,0.0,0.0
2808053,0.0,0.0,1.0,0.0,0.0,0.0,0.0
2808078,0.0,0.0,0.0,0.0,0.0,0.0,0.0
2808080,0.0,0.0,1.0,0.0,0.0,0.0,0.0
2808316,0.0,0.0,0.0,0.0,0.0,0.0,0.0
2808317,0.0,0.0,1.0,0.0,0.0,0.0,0.0
2808360,0.0,0.0,1.0,0.0,1.0,0.0,0.0
2808361,0.0,0.0,1.0,0.0,0.0,0.0,0.0
2808362,0.0,0.0,1.0,0.0,1.0,0.0,0.0
2808363,0.0,0.0,1.0,0.0,0.0,0.0,0.0
2808365,0.0,0.0,1.0,0.0,1.0,0.0,0.0
2808366,0.0,0.0,1.0,0.0,0.0,0.0,0.0
2808369,0.0,0.0,1.0,0.0,1.0,0.0,0.0
2808372,0.0,0.0,1.0,0.0,0.0,0.0,0.0
2808374,0.0,0.0,1.0,0.0,1.0,0.0,0.0
2808375,0.0,0.0,1.0,0.0,0.0,0.0,0.0
2808376,0.0,0.0,1.0,0.0,1.0,0.0,0.0
2808377,0.0,0.0,1.0,0.0,0.0,0.0,0.0
2808515,0.0,0.0,0.0,0.0,0.0,0.0,0.0
2808516,0.0,0.0,1.0,0.0,0.0,0.0,0.0
2808526,0.0,0.0,0.0,0.0,0.0,0.0,0.0
2808528,0.0,0.0,1.0,0.0,0.0,0.0,0.0
2808541,0.0,0.0,0.0,0.0,0.0,0.0,0.0
2808542,0.0,0.0,1.0,0.0,0.0,0.0,0.0
2808605,0.0,0.0,0.0,0.0,0.0,0.0,0.0
2808645,0.0,0.0,1.0,0.0,0.0,0.0,0.0
2808646,0.0,0.0,0.0,0.0,0.0,0.0,0.0
2808656,0.0,0.0,1.0,0.0,0.0,0.0,0.0
2808657,0.0,0.0,0.0,0.0,0.0,0.0,0.0
2808705,0.0,0.0,1.0,0.0,0.0,0.0,0.0
2808706,0.0,0.0,0.0,0.0,0.0,0.0,0.0
2808719,0.0,0.0,1.0,0.0,0.0,0.0,0.0
2808721,0.0,0.0,0.0,0.0,0.0,0.0,0.0
2808722,0.0,0.0,1.0,0.0,0.0,0.0,0.0
2808781,0.0,0.0,0.0,0.0,0.0,0.0,0.0
2808787,0.0,0.0,1.0,0.0,0.0,0.0,0.0
2808789,0.0,0.0,0.0,0.0,0.0,0.0,0.0
2809593,0.0,0.0,0.0,0.0,1.0,0.0,0.0
2809594,0.0,0.0,0.0,0.0,0.0,0.0,0.0
2809636,0.0,0.0,0.0,0.0,1.0,0.0,0.0
2809637,0.0,0.0,0.0,0.0,0.0,0.0,0.0
2809684,0.0,0.0,0.0,0.0,1.0,0.0,0.0
2809685,0.0,0.0,0.0,0.0,0.0,0.0,0.0
2810023,0.0,0.0,0.0,0.0,1.0,0.0,0.0
2810026,0.0,0.0,0.0,0.0,0.0,0.0,0.0
2810588,0.0,0.0,0.0,0.0,1.0,0.0,0.0
2810592,0.0,0.0,0.0,0.0,0.0,0.0,0.0
2810703,0.0,0.0,0.0,0.0,1.0,0.0,0.0
2810704,0.0,0.0,0.0,0.0,0.0,0.0,0.0
2810706,0.0,0.0,0.0,0.0,1.0,0.0,0.0
2810707,0.0,0.0,0.0,0.0,0.0,0.0,0.0
2810777,0.0,0.0,1.0,0.0,0.0,0.0,0.0
2810779,0.0,0.0,0.0,0.0,0.0,0.0,0.0
2810852,0.0,0.0,1.0,0.0,0.0,0.0,0.0
2810853,0.0,0.0,0.0,0.0,0.0,0.0,0.0
2810860,0.0,0.0,1.0,0.0,0.0,0.0,0.0
2810861,0.0,0.0,0.0,0.0,0.0,0.0,0.0
2810867,0.0,0.0,1.0,0.0,0.0,0.0,0.0
2810868,0.0,0.0,0.0,0.0,0.0,0.0,0.0
2810870,0.0,0.0,1.0,0.0,0.0,0.0,0.0
2810872,0.0,0.0,0.0,0.0,0.0,0.0,0.0
2811631,0.0,0.0,0.0,0.0,1.0,0.0,0.0
2811632,0.0,0.0,0.0,0.0,0.0,0.0,0.0
2811644,0.0,0.0,0.0,0.0,1.0,0.0,0.0
2811645,0.0,0.0,0.0,0.0,0.0,0.0,0.0
2815022,0.0,0.0,0.0,0.0,1.0,0.0,0.0
2815023,0.0,0.0,0.0,0.0,0.0,0.0,0.0
2817254,0.0,0.0,0.0,0.0,1.0,0.0,0.0
2817255,0.0,0.0,0.0,0.0,0.0,0.0,0.0
2817510,0.0,0.0,0.0,0.0,1.0,0.0,0.0
2817511,0.0,0.0,0.0,0.0,0.0,0.0,0.0
2817512,0.0,0.0,0.0,0.0,1.0,0.0,0.0
2817514,0.0,0.0,0.0,0.0,2.0,0.0,0.0
2817515,0.0,0.0,0.0,0.0,0.0,0.0,0.0
2818467,0.0,0.0,0.0,0.0,1.0,0.0,0.0
2818470,0.0,0.0,0.0,0.0,0.0,0.0,0.0
2818472,0.0,0.0,0.0,0.0,1.0,0.0,0.0
2818473,0.0,0.0,0.0,0.0,0.0,0.0,0.0
2818527,0.0,0.0,0.0,0.0,1.0,0.0,0.0
2818528,0.0,0.0,0.0,0.0,0.0,0.0,0.0
2818529,0.0,0.0,0.0,0.0,1.0,0.0,0.0
2818530,0.0,0.0,0.0,0.0,0.0,0.0,0.0
2818531,0.0,0.0,0.0,0.0,1.0,0.0,0.0
2818535,0.0,0.0,0.0,0.0,0.0,0.0,0.0
2819164,0.0,0.0,0.0,0.0,1.0,0.0,0.0
2819165,0.0,0.0,0.0,0.0,0.0,0.0,0.0
2819166,0.0,0.0,0.0,0.0,1.0,0.0,0.0
2819169,0.0,0.0,0.0,0.0,2.0,0.0,0.0
2819170,0.0,0.0,0.0,0.0,0.0,0.0,0.0
2819364,0.0,0.0,0.0,0.0,1.0,0.0,0.0
2819367,0.0,0.0,0.0,0.0,0.0,0.0,0.0
2819630,0.0,0.0,0.0,0.0,1.0,0.0,0.0
2819631,0.0,0.0,0.0,0.0,0.0,0.0,0.0
2819632,0.0,0.0,0.0,0.0,1.0,0.0,0.0
2819633,0.0,0.0,0.0,0.0,0.0,0.0,0.0
2819634,0.0,0.0,0.0,0.0,1.0,0.0,0.0
2819635,0.0,0.0,0.0,0.0,0.0,0.0,0.0
2819636,0.0,0.0,0.0,0.0,1.0,0.0,0.0
2819637,0.0,0.0,0.0,0.0,0.0,0.0,0.0
2819638,0.0,0.0,0.0,0.0,1.0,0.0,0.0
2819640,0.0,0.0,0.0,0.0,0.0,0.0,0.0
2819641,0.0,0.0,0.0,0.0,1.0,0.0,0.0
2819647,0.0,0.0,0.0,0.0,2.0,0.0,0.0
2819648,0.0,0.0,0.0,0.0,0.0,0.0,0.0
2822687,0.0,0.0,0.0,0.0,1.0,0.0,0.0
2822689,0.0,0.0,0.0,1.0,2.0,0.0,0.0
2822690,0.0,0.0,0.0,1.0,0.0,0.0,0.0
2822691,0.0,0.0,0.0,2.0,0.0,1.0,0.0
2822692,0.0,0.0,0.0,0.0,0.0,0.0,0.0
2822925,0.0,0.0,0.0,0.0,1.0,0.0,0.0
2822926,0.0,0.0,0.0,0.0,0.0,0.0,0.0
2822927,0.0,0.0,0.0,0.0,1.0,0.0,0.0
2822928,0.0,0.0,0.0,0.0,0.0,0.0,0.0
2822929,0.0,0.0,0.0,0.0,1.0,0.0,0.0
2822930,0.0,0.0,0.0,0.0,0.0,0.0,0.0
2822932,0.0,0.0,0.0,0.0,1.0,0.0,0.0
2822933,0.0,0.0,1.0,0.0,1.0,0.0,0.0
2822934,0.0,0.0,0.0,0.0,1.0,0.0,0.0
2822935,0.0,0.0,0.0,0.0,0.0,0.0,0.0
2823610,0.0,0.0,1.0,0.0,0.0,0.0,0.0
2823612,0.0,0.0,0.0,0.0,0.0,0.0,0.0
2823614,0.0,0.0,1.0,0.0,0.0,0.0,0.0
2823620,0.0,0.0,0.0,0.0,0.0,0.0,0.0
2823629,0.0,0.0,1.0,0.0,0.0,0.0,0.0
2823641,0.0,0.0,1.0,0.0,1.0,0.0,0.0
2823642,0.0,0.0,1.0,0.0,0.0,0.0,0.0
2824094,0.0,0.0,1.0,0.0,1.0,0.0,0.0
2824097,0.0,0.0,1.0,0.0,0.0,0.0,0.0
2824397,0.0,0.0,1.0,0.0,1.0,0.0,0.0
2824398,0.0,0.0,1.0,0.0,0.0,0.0,0.0
2825244,0.0,0.0,1.0,0.0,1.0,0.0,0.0
2825245,0.0,0.0,1.0,0.0,0.0,0.0,0.0
2825246,0.0,0.0,1.0,0.0,1.0,0.0,0.0
2825248,0.0,0.0,1.0,0.0,2.0,0.0,0.0
2825249,0.0,0.0,1.0,0.0,0.0,0.0,0.0
2825617,0.0,0.0,1.0,0.0,1.0,0.0,0.0
2825618,0.0,0.0,1.0,0.0,0.0,0.0,0.0
2828186,0.0,0.0,1.0,0.0,1.0,0.0,0.0
2828187,0.0,0.0,1.0,0.0,0.0,0.0,0.0
2828642,0.0,0.0,1.0,0.0,1.0,0.0,0.0
2828645,0.0,0.0,1.0,0.0,0.0,0.0,0.0
2828646,0.0,0.0,1.0,0.0,1.0,0.0,0.0
2828647,0.0,0.0,1.0,0.0,2.0,0.0,0.0
2828648,0.0,0.0,1.0,0.0,0.0,0.0,0.0
2829176,0.0,0.0,1.0,0.0,1.0,0.0,0.0
2829177,0.0,0.0,1.0,0.0,0.0,0.0,0.0
2829180,0.0,0.0,1.0,0.0,1.0,0.0,0.0
2829181,0.0,0.0,1.0,0.0,0.0,0.0,0.0
2831050,0.0,0.0,0.0,0.0,0.0,0.0,0.0
2831083,0.0,0.0,1.0,0.0,0.0,0.0,0.0
2831089,0.0,0.0,1.0,0.0,1.0,0.0,0.0
2831090,0.0,0.0,1.0,0.0,0.0,0.0,0.0
2831092,0.0,0.0,1.0,0.0,1.0,0.0,0.0
2831093,0.0,0.0,1.0,0.0,0.0,0.0,0.0
2831125,0.0,0.0,0.0,0.0,0.0,0.0,0.0
2831126,0.0,0.0,1.0,0.0,0.0,0.0,0.0
2831128,0.0,0.0,0.0,0.0,0.0,0.0,0.0
2831145,0.0,0.0,1.0,0.0,0.0,0.0,0.0
2831148,0.0,0.0,0.0,0.0,0.0,0.0,0.0
2831150,0.0,0.0,1.0,0.0,0.0,0.0,0.0
2831152,0.0,0.0,0.0,0.0,0.0,0.0,0.0
2831215,0.0,0.0,1.0,0.0,0.0,0.0,0.0
2831218,0.0,0.0,0.0,0.0,0.0,0.0,0.0
2831220,0.0,0.0,1.0,0.0,0.0,0.0,0.0
2831542,0.0,0.0,0.0,0.0,0.0,0.0,0.0
2831553,0.0,0.0,1.0,0.0,0.0,0.0,0.0
2831562,0.0,0.0,0.0,0.0,0.0,0.0,0.0
2831564,0.0,0.0,1.0,0.0,0.0,0.0,0.0
2831565,0.0,0.0,0.0,0.0,0.0,0.0,0.0
2831661,0.0,0.0,1.0,0.0,0.0,0.0,0.0
2831733,0.0,0.0,0.0,0.0,0.0,0.0,0.0
2831734,0.0,0.0,1.0,0.0,0.0,0.0,0.0
2831823,0.0,0.0,0.0,0.0,0.0,0.0,0.0
2831824,0.0,0.0,1.0,0.0,0.0,0.0,0.0
2831827,0.0,0.0,0.0,0.0,0.0,0.0,0.0
2831830,0.0,0.0,1.0,0.0,0.0,0.0,0.0
2831831,0.0,0.0,0.0,0.0,0.0,0.0,0.0
2831833,0.0,0.0,1.0,0.0,0.0,0.0,0.0
2831858,0.0,0.0,0.0,0.0,0.0,0.0,0.0
2831859,0.0,0.0,1.0,0.0,0.0,0.0,0.0
2831862,0.0,0.0,0.0,0.0,0.0,0.0,0.0
2831864,0.0,0.0,1.0,0.0,0.0,0.0,0.0
2831885,0.0,0.0,0.0,0.0,0.0,0.0,0.0
2831886,0.0,0.0,1.0,0.0,0.0,0.0,0.0
2831889,0.0,0.0,0.0,0.0,0.0,0.0,0.0
2831892,0.0,0.0,1.0,0.0,0.0,0.0,0.0
2831901,0.0,0.0,0.0,0.0,0.0,0.0,0.0
2831902,0.0,0.0,1.0,0.0,0.0,0.0,0.0
2831987,0.0,0.0,0.0,0.0,0.0,0.0,0.0
2831990,0.0,0.0,1.0,0.0,0.0,0.0,0.0
2831995,0.0,0.0,0.0,0.0,0.0,0.0,0.0
2831996,0.0,0.0,1.0,0.0,0.0,0.0,0.0
2832162,0.0,0.0,0.0,0.0,0.0,0.0,0.0
2832163,0.0,0.0,1.0,0.0,0.0,0.0,0.0
2832689,0.0,0.0,0.0,0.0,0.0,0.0,0.0
2832691,0.0,0.0,1.0,0.0,0.0,0.0,0.0
2832693,0.0,0.0,0.0,0.0,0.0,0.0,0.0
2832696,0.0,0.0,1.0,0.0,0.0,0.0,0.0
2832708,0.0,0.0,0.0,0.0,0.0,0.0,0.0
2832726,0.0,0.0,1.0,0.0,0.0,0.0,0.0
2832728,0.0,0.0,0.0,0.0,0.0,0.0,0.0
2832729,0.0,0.0,1.0,0.0,0.0,0.0,0.0
2832818,0.0,0.0,0.0,0.0,0.0,0.0,0.0
2832820,0.0,0.0,1.0,0.0,0.0,0.0,0.0
2832821,0.0,0.0,0.0,0.0,0.0,0.0,0.0
2832822,0.0,0.0,1.0,0.0,0.0,0.0,0.0
2832833,0.0,0.0,0.0,0.0,0.0,0.0,0.0
2833174,0.0,0.0,1.0,0.0,0.0,0.0,0.0
2833176,0.0,0.0,0.0,0.0,0.0,0.0,0.0
2833179,0.0,0.0,1.0,0.0,0.0,0.0,0.0
2833184,0.0,0.0,0.0,0.0,0.0,0.0,0.0
2833195,0.0,0.0,1.0,0.0,0.0,0.0,0.0
2833196,0.0,0.0,0.0,0.0,0.0,0.0,0.0
2833400,0.0,0.0,1.0,0.0,0.0,0.0,0.0
2833402,0.0,0.0,0.0,0.0,0.0,0.0,0.0
2833405,0.0,0.0,1.0,0.0,0.0,0.0,0.0
2833406,0.0,0.0,0.0,0.0,0.0,0.0,0.0
2833411,0.0,0.0,1.0,0.0,0.0,0.0,0.0
2833414,0.0,0.0,0.0,0.0,0.0,0.0,0.0
2833415,0.0,0.0,1.0,0.0,0.0,0.0,0.0
2833434,0.0,0.0,0.0,0.0,0.0,0.0,0.0
2833440,0.0,0.0,1.0,0.0,0.0,0.0,0.0
2833441,0.0,0.0,0.0,0.0,0.0,0.0,0.0
2833443,0.0,0.0,1.0,0.0,0.0,0.0,0.0
2833445,0.0,0.0,0.0,0.0,0.0,0.0,0.0
2834717,0.0,0.0,1.0,0.0,0.0,0.0,0.0
2834720,0.0,0.0,0.0,0.0,0.0,0.0,0.0
2834722,0.0,0.0,1.0,0.0,0.0,0.0,0.0
2834724,0.0,0.0,0.0,0.0,0.0,0.0,0.0
2834729,0.0,0.0,1.0,0.0,0.0,0.0,0.0
2834731,0.0,0.0,0.0,0.0,0.0,0.0,0.0
2834746,0.0,0.0,1.0,0.0,0.0,0.0,0.0
2834786,0.0,0.0,0.0,0.0,0.0,0.0,0.0
2834788,0.0,0.0,1.0,0.0,0.0,0.0,0.0
2834805,0.0,0.0,0.0,0.0,0.0,0.0,0.0
2834808,0.0,0.0,1.0,0.0,0.0,0.0,0.0
2834809,0.0,0.0,0.0,0.0,0.0,0.0,0.0
2834810,0.0,0.0,1.0,0.0,0.0,0.0,0.0
2834813,0.0,0.0,0.0,0.0,0.0,0.0,0.0
2834814,0.0,0.0,1.0,0.0,0.0,0.0,0.0
2834817,0.0,0.0,0.0,0.0,0.0,0.0,0.0
2834818,0.0,0.0,1.0,0.0,0.0,0.0,0.0
2834825,0.0,0.0,0.0,0.0,0.0,0.0,0.0
2835678,0.0,0.0,0.0,0.0,1.0,0.0,0.0
2835679,0.0,0.0,0.0,0.0,0.0,0.0,0.0
2835680,0.0,0.0,0.0,0.0,1.0,0.0,0.0
2835681,0.0,0.0,0.0,0.0,0.0,0.0,0.0
2836977,0.0,0.0,0.0,0.0,1.0,0.0,0.0
2836978,0.0,0.0,0.0,0.0,0.0,0.0,0.0
2837753,0.0,0.0,0.0,0.0,1.0,0.0,0.0
2837754,0.0,0.0,0.0,0.0,0.0,0.0,0.0
2838198,0.0,0.0,0.0,0.0,1.0,0.0,0.0
2838199,0.0,0.0,0.0,0.0,0.0,0.0,0.0
2838895,0.0,0.0,0.0,1.0,0.0,0.0,0.0
2838896,0.0,0.0,0.0,2.0,0.0,1.0,0.0
2838897,0.0,0.0,0.0,0.0,0.0,0.0,0.0
2839078,0.0,0.0,1.0,0.0,0.0,0.0,0.0
2839093,0.0,0.0,0.0,0.0,0.0,0.0,0.0
2839095,0.0,0.0,1.0,0.0,0.0,0.0,0.0
2839117,0.0,0.0,0.0,0.0,0.0,0.0,0.0
2839120,0.0,0.0,1.0,0.0,0.0,0.0,0.0
2839146,0.0,0.0,0.0,0.0,0.0,0.0,0.0
2839156,0.0,0.0,1.0,0.0,0.0,0.0,0.0
2839175,0.0,0.0,0.0,0.0,0.0,0.0,0.0
2839209,0.0,0.0,1.0,0.0,0.0,0.0,0.0
2839210,0.0,0.0,0.0,0.0,0.0,0.0,0.0
2839214,0.0,0.0,1.0,0.0,0.0,0.0,0.0
2839216,0.0,0.0,0.0,0.0,0.0,0.0,0.0
2839217,0.0,0.0,1.0,0.0,0.0,0.0,0.0
2839222,0.0,0.0,0.0,0.0,0.0,0.0,0.0
2839226,0.0,0.0,1.0,0.0,0.0,0.0,0.0
2839262,0.0,0.0,0.0,0.0,0.0,0.0,0.0
2839278,0.0,0.0,1.0,0.0,0.0,0.0,0.0
2839280,0.0,0.0,0.0,0.0,0.0,0.0,0.0
2839281,0.0,0.0,1.0,0.0,0.0,0.0,0.0
2839747,0.0,0.0,2.0,0.0,0.0,0.0,0.0
2839748,0.0,0.0,0.0,0.0,0.0,0.0,0.0
2839803,0.0,0.0,1.0,0.0,0.0,0.0,0.0
2839807,0.0,0.0,0.0,0.0,0.0,0.0,0.0
2839815,0.0,0.0,1.0,0.0,0.0,0.0,0.0
2839818,0.0,0.0,0.0,0.0,0.0,0.0,0.0
2839819,0.0,0.0,1.0,0.0,0.0,0.0,0.0
2839929,0.0,0.0,0.0,0.0,0.0,0.0,0.0
2839930,0.0,0.0,1.0,0.0,0.0,0.0,0.0
2839959,0.0,0.0,0.0,0.0,0.0,0.0,0.0
2839960,0.0,0.0,1.0,0.0,0.0,0.0,0.0
2839984,0.0,0.0,0.0,0.0,0.0,0.0,0.0
2839993,0.0,0.0,1.0,0.0,0.0,0.0,0.0
2840549,0.0,0.0,1.0,0.0,1.0,0.0,0.0
2840550,0.0,0.0,1.0,0.0,0.0,0.0,0.0
2840708,0.0,0.0,1.0,0.0,1.0,0.0,0.0
2840711,0.0,0.0,1.0,0.0,0.0,0.0,0.0
2840712,0.0,0.0,1.0,0.0,1.0,0.0,0.0
2840716,0.0,0.0,1.0,0.0,0.0,0.0,0.0
2840719,0.0,0.0,1.0,0.0,1.0,0.0,0.0
2840722,0.0,0.0,1.0,0.0,2.0,0.0,0.0
2840723,0.0,0.0,1.0,0.0,0.0,0.0,0.0
2840730,0.0,0.0,1.0,1.0,0.0,0.0,0.0
2840731,0.0,0.0,1.0,0.0,0.0,0.0,0.0
2840745,0.0,0.0,1.0,1.0,0.0,0.0,0.0
2840749,0.0,0.0,1.0,0.0,0.0,0.0,0.0
2841038,0.0,2.0,1.0,0.0,0.0,1.0,0.0
2841039,0.0,0.0,0.0,0.0,0.0,0.0,0.0
2841208,0.0,0.0,1.0,0.0,0.0,0.0,0.0
2841344,0.0,0.0,0.0,0.0,0.0,0.0,0.0
2841345,0.0,0.0,1.0,0.0,0.0,0.0,0.0
2841347,0.0,0.0,0.0,0.0,0.0,0.0,0.0
2844477,0.0,0.0,0.0,0.0,1.0,0.0,0.0
2844478,0.0,0.0,0.0,0.0,0.0,0.0,0.0
2844681,0.0,0.0,1.0,0.0,0.0,0.0,0.0
2844686,0.0,0.0,0.0,0.0,0.0,0.0,0.0
2844695,0.0,0.0,1.0,0.0,0.0,0.0,0.0
2844721,0.0,0.0,0.0,0.0,0.0,0.0,0.0
2844722,0.0,0.0,1.0,0.0,0.0,0.0,0.0
2844830,0.0,0.0,0.0,0.0,0.0,0.0,0.0
2844839,0.0,0.0,1.0,0.0,0.0,0.0,0.0
2844841,0.0,0.0,0.0,0.0,0.0,0.0,0.0
2844843,0.0,0.0,1.0,0.0,0.0,0.0,0.0
2844880,0.0,0.0,0.0,0.0,0.0,0.0,0.0
2844882,0.0,0.0,1.0,0.0,0.0,0.0,0.0
2844903,0.0,0.0,0.0,0.0,0.0,0.0,0.0
2844905,0.0,0.0,1.0,0.0,0.0,0.0,0.0
2844907,0.0,0.0,0.0,0.0,0.0,0.0,0.0
2844912,0.0,0.0,1.0,0.0,0.0,0.0,0.0
2844919,0.0,0.0,0.0,0.0,0.0,0.0,0.0
2844921,0.0,0.0,1.0,0.0,0.0,0.0,0.0
2844923,0.0,0.0,0.0,0.0,0.0,0.0,0.0
2844934,0.0,0.0,1.0,0.0,0.0,0.0,0.0
2844935,0.0,0.0,0.0,0.0,0.0,0.0,0.0
2844979,0.0,0.0,1.0,0.0,0.0,0.0,0.0
2844983,0.0,0.0,1.0,0.0,1.0,0.0,0.0
2844984,0.0,0.0,1.0,0.0,0.0,0.0,0.0
2844990,0.0,0.0,1.0,0.0,1.0,0.0,0.0
2844991,0.0,0.0,1.0,0.0,0.0,0.0,0.0
2845207,0.0,0.0,0.0,0.0,0.0,0.0,0.0
2845208,0.0,0.0,1.0,0.0,0.0,0.0,0.0
2845215,0.0,0.0,0.0,0.0,0.0,0.0,0.0
2845236,0.0,0.0,1.0,0.0,0.0,0.0,0.0
2845238,0.0,0.0,0.0,0.0,0.0,0.0,0.0
2845249,0.0,0.0,1.0,0.0,0.0,0.0,0.0
2845250,0.0,0.0,0.0,0.0,0.0,0.0,0.0
2845252,0.0,0.0,1.0,0.0,0.0,0.0,0.0
2845254,0.0,0.0,0.0,0.0,0.0,0.0,0.0
2845267,0.0,0.0,1.0,0.0,0.0,0.0,0.0
2845285,0.0,0.0,0.0,0.0,0.0,0.0,0.0
2845287,0.0,0.0,1.0,0.0,0.0,0.0,0.0
2845289,0.0,0.0,0.0,0.0,0.0,0.0,0.0
2845294,0.0,0.0,1.0,0.0,0.0,0.0,0.0
2845374,0.0,0.0,1.0,0.0,1.0,0.0,0.0
2845375,0.0,0.0,1.0,0.0,0.0,0.0,0.0
2845402,0.0,0.0,1.0,0.0,1.0,0.0,0.0
2845403,0.0,0.0,1.0,0.0,0.0,0.0,0.0
2845404,0.0,0.0,1.0,0.0,1.0,0.0,0.0
2845408,0.0,0.0,1.0,0.0,0.0,0.0,0.0
2845759,0.0,0.0,1.0,0.0,1.0,0.0,0.0
2845761,0.0,0.0,1.0,0.0,0.0,0.0,0.0
2845835,0.0,0.0,1.0,0.0,1.0,0.0,0.0
2845836,0.0,0.0,1.0,0.0,0.0,0.0,0.0
2846433,0.0,0.0,1.0,0.0,1.0,0.0,0.0
2846434,0.0,0.0,1.0,0.0,0.0,0.0,0.0
2846792,0.0,0.0,0.0,0.0,0.0,0.0,0.0
2846793,0.0,0.0,1.0,0.0,0.0,0.0,0.0
2846848,0.0,0.0,1.0,0.0,1.0,0.0,0.0
2846849,0.0,0.0,1.0,0.0,0.0,0.0,0.0
2846978,0.0,0.0,0.0,0.0,0.0,0.0,0.0
2846979,0.0,0.0,1.0,0.0,0.0,0.0,0.0
2847017,0.0,0.0,0.0,0.0,0.0,0.0,0.0
2847019,0.0,0.0,1.0,0.0,0.0,0.0,0.0
2847021,0.0,0.0,0.0,0.0,0.0,0.0,0.0
2847035,0.0,0.0,1.0,0.0,0.0,0.0,0.0
2847036,0.0,0.0,0.0,0.0,0.0,0.0,0.0
2847039,0.0,0.0,1.0,0.0,0.0,0.0,0.0
2847048,0.0,0.0,0.0,0.0,0.0,0.0,0.0
2847051,0.0,0.0,1.0,0.0,0.0,0.0,0.0
2847056,0.0,0.0,0.0,0.0,0.0,0.0,0.0
2847059,0.0,0.0,1.0,0.0,0.0,0.0,0.0
2847060,0.0,0.0,0.0,0.0,0.0,0.0,0.0
2847061,0.0,0.0,1.0,0.0,0.0,0.0,0.0
2847063,0.0,0.0,0.0,0.0,0.0,0.0,0.0
2847064,0.0,0.0,1.0,0.0,0.0,0.0,0.0
2847164,0.0,0.0,0.0,0.0,0.0,0.0,0.0
2847167,0.0,0.0,1.0,0.0,0.0,0.0,0.0
2847188,0.0,0.0,0.0,0.0,0.0,0.0,0.0
2847193,0.0,0.0,1.0,0.0,0.0,0.0,0.0
2847207,0.0,0.0,0.0,0.0,0.0,0.0,0.0
2847214,0.0,0.0,1.0,0.0,0.0,0.0,0.0
2847215,0.0,0.0,0.0,0.0,0.0,0.0,0.0
2847217,0.0,0.0,1.0,0.0,0.0,0.0,0.0
2847219,0.0,0.0,0.0,0.0,0.0,0.0,0.0
2847220,0.0,0.0,1.0,0.0,0.0,0.0,0.0
2847222,0.0,0.0,0.0,0.0,0.0,0.0,0.0
2847223,0.0,0.0,1.0,0.0,0.0,0.0,0.0
2847257,0.0,0.0,0.0,0.0,0.0,0.0,0.0
2847328,0.0,0.0,1.0,0.0,0.0,0.0,0.0
2847350,0.0,0.0,0.0,0.0,0.0,0.0,0.0
2847376,0.0,0.0,1.0,0.0,0.0,0.0,0.0
2847389,0.0,0.0,0.0,0.0,0.0,0.0,0.0
2847399,0.0,0.0,1.0,0.0,0.0,0.0,0.0
2847401,0.0,0.0,0.0,0.0,0.0,0.0,0.0
2847660,0.0,0.0,0.0,0.0,1.0,0.0,0.0
2847661,0.0,0.0,0.0,0.0,0.0,0.0,0.0
2847662,0.0,0.0,0.0,0.0,1.0,0.0,0.0
2847665,0.0,0.0,0.0,0.0,0.0,0.0,0.0
2847667,0.0,0.0,0.0,0.0,1.0,0.0,0.0
2847672,0.0,0.0,0.0,0.0,0.0,0.0,0.0
2847760,0.0,0.0,1.0,0.0,0.0,0.0,0.0
2847762,0.0,0.0,0.0,0.0,0.0,0.0,0.0
2847763,0.0,0.0,1.0,0.0,0.0,0.0,0.0
2847765,0.0,0.0,0.0,0.0,0.0,0.0,0.0
2847766,0.0,0.0,1.0,0.0,0.0,0.0,0.0
2847769,0.0,0.0,0.0,0.0,0.0,0.0,0.0
2847771,0.0,0.0,1.0,0.0,0.0,0.0,0.0
2847773,0.0,0.0,0.0,0.0,0.0,0.0,0.0
2847775,0.0,0.0,1.0,0.0,0.0,0.0,0.0
2847777,0.0,0.0,0.0,0.0,0.0,0.0,0.0
2847819,0.0,0.0,1.0,0.0,0.0,0.0,0.0
2847820,0.0,0.0,0.0,0.0,0.0,0.0,0.0
2847823,0.0,0.0,1.0,0.0,0.0,0.0,0.0
2847824,0.0,0.0,0.0,0.0,0.0,0.0,0.0
2848362,0.0,0.0,0.0,0.0,1.0,0.0,0.0
2848363,0.0,0.0,0.0,0.0,0.0,0.0,0.0
2848397,0.0,0.0,0.0,0.0,1.0,0.0,0.0
2848400,0.0,0.0,0.0,0.0,0.0,0.0,0.0
2848501,0.0,0.0,0.0,0.0,1.0,0.0,0.0
2848502,0.0,0.0,0.0,0.0,0.0,0.0,0.0
2848503,0.0,0.0,0.0,0.0,1.0,0.0,0.0
2848504,0.0,0.0,0.0,0.0,2.0,0.0,0.0
2848505,0.0,0.0,0.0,0.0,0.0,0.0,0.0
2849257,0.0,0.0,1.0,0.0,0.0,0.0,0.0
2849262,0.0,0.0,0.0,0.0,0.0,0.0,0.0
2849299,0.0,0.0,1.0,0.0,0.0,0.0,0.0
2849300,0.0,0.0,0.0,0.0,0.0,0.0,0.0
2849302,0.0,0.0,1.0,0.0,0.0,0.0,0.0
2849316,0.0,0.0,0.0,0.0,0.0,0.0,0.0
2849317,0.0,0.0,1.0,0.0,0.0,0.0,0.0
2849630,0.0,0.0,0.0,0.0,0.0,0.0,0.0
2849631,0.0,0.0,1.0,0.0,0.0,0.0,0.0
2849637,0.0,0.0,0.0,0.0,0.0,0.0,0.0
2849639,0.0,0.0,1.0,0.0,0.0,0.0,0.0
2849641,0.0,0.0,0.0,0.0,0.0,0.0,0.0
2851119,0.0,0.0,0.0,0.0,1.0,0.0,0.0
2851120,0.0,0.0,0.0,0.0,0.0,0.0,0.0
2851600,0.0,0.0,0.0,0.0,1.0,0.0,0.0
2851601,0.0,0.0,0.0,0.0,0.0,0.0,0.0
2851605,0.0,0.0,0.0,0.0,1.0,0.0,0.0
2851606,0.0,0.0,0.0,0.0,0.0,0.0,0.0
2851610,0.0,0.0,0.0,0.0,1.0,0.0,0.0
2851611,0.0,0.0,0.0,0.0,0.0,0.0,0.0
2851871,0.0,0.0,0.0,0.0,1.0,0.0,0.0
2851872,0.0,0.0,0.0,0.0,0.0,0.0,0.0
2851875,0.0,0.0,0.0,0.0,1.0,0.0,0.0
2851877,0.0,0.0,0.0,0.0,0.0,0.0,0.0
2852170,0.0,0.0,0.0,0.0,1.0,0.0,0.0
2852171,0.0,0.0,0.0,0.0,0.0,0.0,0.0
2852172,0.0,0.0,0.0,0.0,1.0,0.0,0.0
2852173,0.0,0.0,0.0,0.0,0.0,0.0,0.0
2852860,0.0,0.0,0.0,0.0,1.0,0.0,0.0
2852861,0.0,0.0,0.0,0.0,0.0,0.0,0.0
2853320,0.0,0.0,0.0,0.0,1.0,0.0,0.0
2853321,0.0,0.0,0.0,0.0,0.0,0.0,0.0
2853382,0.0,0.0,0.0,0.0,1.0,0.0,0.0
2853383,0.0,0.0,0.0,0.0,0.0,0.0,0.0
2853669,0.0,0.0,0.0,0.0,1.0,0.0,0.0
2853670,0.0,0.0,0.0,0.0,0.0,0.0,0.0
2853978,0.0,0.0,0.0,0.0,1.0,0.0,0.0
2853979,0.0,0.0,0.0,0.0,0.0,0.0,0.0
2854004,0.0,0.0,0.0,0.0,1.0,0.0,0.0
2854008,0.0,0.0,0.0,0.0,2.0,0.0,0.0
2854009,0.0,0.0,0.0,0.0,0.0,0.0,0.0
2854620,0.0,0.0,0.0,0.0,1.0,0.0,0.0
2854621,0.0,0.0,0.0,0.0,0.0,0.0,0.0
2854771,0.0,0.0,0.0,0.0,1.0,0.0,0.0
2854772,0.0,0.0,0.0,0.0,0.0,0.0,0.0
2854917,0.0,0.0,0.0,0.0,1.0,0.0,0.0
2854925,0.0,0.0,0.0,0.0,0.0,0.0,0.0
2855298,0.0,0.0,0.0,0.0,1.0,0.0,0.0
2855299,0.0,0.0,0.0,0.0,0.0,0.0,0.0
2855341,0.0,0.0,0.0,0.0,1.0,0.0,0.0
2855343,0.0,0.0,0.0,0.0,2.0,0.0,0.0
2855344,0.0,0.0,0.0,0.0,0.0,0.0,0.0
2856809,0.0,0.0,0.0,0.0,1.0,0.0,0.0
2856810,0.0,0.0,0.0,0.0,0.0,0.0,0.0
2856811,0.0,0.0,0.0,0.0,1.0,0.0,0.0
2856812,0.0,0.0,0.0,0.0,0.0,0.0,0.0
2857329,0.0,0.0,0.0,0.0,1.0,0.0,0.0
2857330,0.0,0.0,0.0,0.0,0.0,0.0,0.0
2857331,0.0,0.0,0.0,0.0,1.0,0.0,0.0
2857332,0.0,0.0,0.0,0.0,0.0,0.0,0.0
2858232,0.0,0.0,0.0,0.0,1.0,0.0,0.0
2858233,0.0,0.0,0.0,0.0,0.0,0.0,0.0
2859954,0.0,0.0,0.0,0.0,1.0,0.0,0.0
2859957,0.0,0.0,0.0,0.0,0.0,0.0,0.0
2859961,0.0,0.0,0.0,0.0,1.0,0.0,0.0
2859962,0.0,0.0,0.0,0.0,0.0,0.0,0.0
2859965,0.0,0.0,0.0,0.0,1.0,0.0,0.0
2859966,0.0,0.0,0.0,0.0,0.0,0.0,0.0
2859968,0.0,0.0,0.0,0.0,1.0,0.0,0.0
2859969,0.0,0.0,0.0,0.0,0.0,0.0,0.0
2862450,0.0,0.0,0.0,0.0,1.0,0.0,0.0
2862451,0.0,0.0,0.0,0.0,0.0,0.0,0.0
2863775,0.0,0.0,0.0,0.0,1.0,0.0,0.0
2863776,0.0,0.0,0.0,0.0,0.0,0.0,0.0
2863780,0.0,0.0,0.0,0.0,1.0,0.0,0.0
2863783,0.0,0.0,0.0,0.0,0.0,0.0,0.0
2863792,0.0,0.0,0.0,0.0,1.0,0.0,0.0
2863793,0.0,0.0,0.0,0.0,0.0,0.0,0.0
2863794,0.0,0.0,0.0,0.0,1.0,0.0,0.0
2863795,0.0,0.0,0.0,0.0,0.0,0.0,0.0
2863798,0.0,0.0,0.0,0.0,1.0,0.0,0.0
2863802,0.0,0.0,0.0,0.0,0.0,0.0,0.0
2863803,0.0,0.0,0.0,0.0,1.0,0.0,0.0
2863804,0.0,0.0,0.0,0.0,0.0,0.0,0.0
2863805,0.0,0.0,0.0,0.0,1.0,0.0,0.0
2863806,0.0,0.0,0.0,0.0,0.0,0.0,0.0
2866054,0.0,0.0,0.0,0.0,1.0,0.0,0.0
2866055,0.0,0.0,0.0,0.0,0.0,0.0,0.0
2867001,0.0,0.0,0.0,0.0,1.0,0.0,0.0
2867002,0.0,0.0,0.0,0.0,0.0,0.0,0.0
2867003,0.0,0.0,0.0,0.0,1.0,0.0,0.0
2867004,0.0,0.0,0.0,0.0,0.0,0.0,0.0
2867005,0.0,0.0,0.0,0.0,1.0,0.0,0.0
2867006,0.0,0.0,0.0,0.0,0.0,0.0,0.0
2867007,0.0,0.0,0.0,0.0,1.0,0.0,0.0
2867008,0.0,0.0,0.0,0.0,0.0,0.0,0.0
2867769,0.0,0.0,0.0,0.0,1.0,0.0,0.0
2867770,0.0,0.0,0.0,0.0,0.0,0.0,0.0
2868890,0.0,0.0,0.0,0.0,1.0,0.0,0.0
2868892,0.0,0.0,0.0,0.0,0.0,0.0,0.0
2868906,0.0,0.0,0.0,0.0,1.0,0.0,0.0
2868907,0.0,0.0,0.0,0.0,0.0,0.0,0.0
2868908,0.0,0.0,0.0,0.0,1.0,0.0,0.0
2868909,0.0,0.0,0.0,0.0,0.0,0.0,0.0
2868910,0.0,0.0,0.0,0.0,1.0,0.0,0.0
2868911,0.0,0.0,0.0,0.0,0.0,0.0,0.0
2868912,0.0,0.0,0.0,0.0,1.0,0.0,0.0
2868914,0.0,0.0,0.0,0.0,0.0,0.0,0.0
2870174,0.0,0.0,0.0,0.0,1.0,0.0,0.0
2870176,0.0,0.0,0.0,0.0,0.0,0.0,0.0
2870227,0.0,0.0,0.0,0.0,1.0,0.0,0.0
2870231,0.0,0.0,0.0,0.0,2.0,0.0,0.0
2870232,0.0,0.0,0.0,0.0,0.0,0.0,0.0
2873275,0.0,0.0,0.0,0.0,1.0,0.0,0.0
2873279,0.0,0.0,0.0,0.0,0.0,0.0,0.0
2875249,0.0,0.0,0.0,0.0,1.0,0.0,0.0
2875250,0.0,0.0,0.0,0.0,0.0,0.0,0.0
2875619,0.0,0.0,0.0,0.0,1.0,0.0,0.0
2875620,0.0,0.0,0.0,0.0,0.0,0.0,0.0
2875631,0.0,0.0,0.0,0.0,1.0,0.0,0.0
2875635,0.0,0.0,0.0,0.0,0.0,0.0,0.0
2876317,0.0,0.0,0.0,0.0,1.0,0.0,0.0
2876318,0.0,0.0,0.0,0.0,0.0,0.0,0.0
2877784,0.0,0.0,0.0,0.0,1.0,0.0,0.0
2877785,0.0,0.0,0.0,0.0,0.0,0.0,0.0
2878333,0.0,0.0,0.0,0.0,1.0,0.0,0.0
2878338,0.0,0.0,0.0,0.0,0.0,0.0,0.0
2880347,0.0,0.0,0.0,0.0,1.0,0.0,0.0
2880348,0.0,0.0,0.0,0.0,0.0,0.0,0.0
2880349,0.0,0.0,0.0,0.0,1.0,0.0,0.0
2880350,0.0,0.0,0.0,0.0,0.0,0.0,0.0
2880351,0.0,0.0,0.0,0.0,1.0,0.0,0.0
2880352,0.0,0.0,0.0,0.0,0.0,0.0,0.0
2880353,0.0,0.0,0.0,0.0,1.0,0.0,0.0
2880357,0.0,0.0,0.0,0.0,0.0,0.0,0.0
2880383,0.0,0.0,0.0,0.0,1.0,0.0,0.0
2880384,0.0,0.0,0.0,0.0,0.0,0.0,0.0
2881920,0.0,0.0,0.0,0.0,1.0,0.0,0.0
2881921,0.0,0.0,0.0,0.0,0.0,0.0,0.0
2881930,0.0,0.0,0.0,0.0,1.0,0.0,0.0
2881931,0.0,0.0,0.0,0.0,0.0,0.0,0.0
2883312,0.0,0.0,0.0,0.0,1.0,0.0,0.0
2883313,0.0,0.0,0.0,0.0,0.0,0.0,0.0
2883328,0.0,0.0,0.0,0.0,1.0,0.0,0.0
2883329,0.0,0.0,0.0,0.0,0.0,0.0,0.0
2883744,0.0,0.0,0.0,0.0,1.0,0.0,0.0
2883745,0.0,0.0,0.0,0.0,0.0,0.0,0.0
2886582,0.0,0.0,0.0,0.0,1.0,0.0,0.0
2886583,0.0,0.0,0.0,0.0,0.0,0.0,0.0
2886743,0.0,0.0,0.0,0.0,1.0,0.0,0.0
2886748,0.0,0.0,0.0,0.0,0.0,0.0,0.0
2886749,0.0,0.0,0.0,0.0,1.0,0.0,0.0
2886752,0.0,0.0,0.0,0.0,0.0,0.0,0.0
2886754,0.0,0.0,0.0,0.0,1.0,0.0,0.0
2886755,0.0,0.0,0.0,0.0,0.0,0.0,0.0
2886764,0.0,0.0,0.0,0.0,1.0,0.0,0.0
2886765,0.0,0.0,0.0,0.0,0.0,0.0,0.0
2887039,0.0,0.0,0.0,0.0,1.0,0.0,0.0
2887040,0.0,0.0,0.0,0.0,0.0,0.0,0.0
2887284,0.0,0.0,0.0,0.0,1.0,0.0,0.0
2887285,0.0,0.0,0.0,0.0,0.0,0.0,0.0
2887472,0.0,0.0,0.0,0.0,1.0,0.0,0.0
2887473,0.0,0.0,0.0,0.0,0.0,0.0,0.0
2887980,0.0,0.0,0.0,0.0,1.0,0.0,0.0
2887981,0.0,0.0,0.0,0.0,0.0,0.0,0.0
2889951,0.0,0.0,0.0,0.0,1.0,0.0,0.0
2889952,0.0,0.0,0.0,0.0,0.0,0.0,0.0
2889955,0.0,0.0,0.0,0.0,1.0,0.0,0.0
2889956,0.0,0.0,0.0,0.0,0.0,0.0,0.0
2889958,0.0,0.0,0.0,0.0,1.0,0.0,0.0
2889961,0.0,0.0,0.0,0.0,0.0,0.0,0.0
2890814,0.0,0.0,0.0,0.0,1.0,0.0,0.0
2890815,0.0,0.0,0.0,0.0,0.0,0.0,0.0
2890818,0.0,0.0,0.0,0.0,1.0,0.0,0.0
2890819,0.0,0.0,0.0,0.0,0.0,0.0,0.0
2891659,0.0,0.0,0.0,0.0,1.0,0.0,0.0
2891661,0.0,0.0,0.0,0.0,2.0,0.0,0.0
2891662,0.0,0.0,0.0,0.0,0.0,0.0,0.0
2892894,0.0,0.0,0.0,0.0,1.0,0.0,0.0
2892895,0.0,0.0,0.0,0.0,0.0,0.0,0.0
2892896,0.0,0.0,0.0,0.0,1.0,0.0,0.0
2892899,0.0,0.0,0.0,0.0,0.0,0.0,0.0
2892970,0.0,0.0,0.0,0.0,1.0,0.0,0.0
2892971,0.0,0.0,0.0,0.0,0.0,0.0,0.0
2892972,0.0,0.0,0.0,0.0,1.0,0.0,0.0
2892973,0.0,0.0,0.0,0.0,0.0,0.0,0.0
2892977,0.0,0.0,0.0,0.0,1.0,0.0,0.0
2892980,0.0,0.0,0.0,0.0,0.0,0.0,0.0
2893853,0.0,0.0,0.0,0.0,1.0,0.0,0.0
2893854,0.0,0.0,0.0,0.0,0.0,0.0,0.0
2893855,0.0,0.0,0.0,0.0,1.0,0.0,0.0
2893856,0.0,0.0,0.0,0.0,0.0,0.0,0.0
2894082,0.0,0.0,0.0,0.0,1.0,0.0,0.0
2894085,0.0,0.0,0.0,0.0,0.0,0.0,0.0
2894774,0.0,0.0,0.0,0.0,1.0,0.0,0.0
2894775,0.0,0.0,0.0,0.0,0.0,0.0,0.0
2894776,0.0,0.0,0.0,0.0,1.0,0.0,0.0
2894777,0.0,0.0,0.0,0.0,0.0,0.0,0.0
2894874,0.0,0.0,0.0,0.0,1.0,0.0,0.0
2894876,0.0,0.0,0.0,0.0,0.0,0.0,0.0
2895748,0.0,0.0,0.0,0.0,1.0,0.0,0.0
2895749,0.0,0.0,0.0,0.0,0.0,0.0,0.0
2899615,0.0,0.0,0.0,0.0,1.0,0.0,0.0
2899616,0.0,0.0,0.0,0.0,0.0,0.0,0.0
2904516,0.0,0.0,0.0,0.0,1.0,0.0,0.0
2904517,0.0,0.0,0.0,0.0,0.0,0.0,0.0
2904518,0.0,0.0,0.0,0.0,1.0,0.0,0.0
2904519,0.0,0.0,0.0,0.0,0.0,0.0,0.0
2904520,0.0,0.0,0.0,0.0,1.0,0.0,0.0
2904522,0.0,0.0,0.0,0.0,0.0,0.0,0.0
2906641,0.0,0.0,0.0,0.0,1.0,0.0,0.0
2906642,0.0,0.0,0.0,0.0,0.0,0.0,0.0
2910289,0.0,0.0,0.0,0.0,1.0,0.0,0.0
2910290,0.0,0.0,0.0,0.0,0.0,0.0,0.0
2910291,0.0,0.0,0.0,0.0,1.0,0.0,0.0
2910294,0.0,0.0,0.0,0.0,0.0,0.0,0.0
2910651,0.0,0.0,0.0,0.0,1.0,0.0,0.0
2910652,0.0,0.0,0.0,0.0,0.0,0.0,0.0
2912447,0.0,0.0,0.0,0.0,1.0,0.0,0.0
2912448,0.0,0.0,0.0,0.0,0.0,0.0,0.0
2917998,0.0,0.0,0.0,0.0,1.0,0.0,0.0
2918004,0.0,0.0,0.0,0.0,2.0,0.0,0.0
2918005,0.0,0.0,0.0,0.0,0.0,0.0,0.0
2925000,0.0,0.0,0.0,0.0,1.0,0.0,0.0
2925001,0.0,0.0,0.0,0.0,0.0,0.0,0.0
2927650,0.0,0.0,0.0,0.0,1.0,0.0,0.0
2927653,0.0,0.0,0.0,0.0,0.0,0.0,0.0
2930128,0.0,0.0,0.0,0.0,1.0,0.0,0.0
2930129,0.0,0.0,0.0,0.0,0.0,0.0,0.0
2930130,0.0,0.0,0.0,0.0,1.0,0.0,0.0
2930131,0.0,0.0,0.0,0.0,0.0,0.0,0.0
2930280,0.0,0.0,0.0,0.0,1.0,0.0,0.0
2930282,0.0,0.0,0.0,0.0,0.0,0.0,0.0
2930285,0.0,0.0,0.0,0.0,1.0,0.0,0.0
2930287,0.0,0.0,0.0,0.0,0.0,0.0,0.0
2930300,0.0,0.0,0.0,0.0,1.0,0.0,0.0
2930305,0.0,0.0,0.0,0.0,0.0,0.0,0.0
2930670,0.0,0.0,0.0,0.0,1.0,0.0,0.0
2930671,0.0,0.0,0.0,0.0,0.0,0.0,0.0
2930678,0.0,0.0,0.0,0.0,1.0,0.0,0.0
2930679,0.0,0.0,0.0,0.0,0.0,0.0,0.0
2930680,0.0,0.0,0.0,0.0,1.0,0.0,0.0
2930686,0.0,0.0,0.0,0.0,0.0,0.0,0.0
2930687,0.0,0.0,0.0,0.0,1.0,0.0,0.0
2930688,0.0,0.0,0.0,0.0,0.0,0.0,0.0
2931272,0.0,0.0,0.0,0.0,1.0,0.0,0.0
2931275,0.0,0.0,0.0,0.0,0.0,0.0,0.0
2931869,0.0,0.0,0.0,0.0,1.0,0.0,0.0
2931870,0.0,0.0,0.0,0.0,0.0,0.0,0.0
2931871,0.0,0.0,0.0,0.0,1.0,0.0,0.0
2931872,0.0,0.0,0.0,0.0,0.0,0.0,0.0
2931880,0.0,0.0,0.0,0.0,1.0,0.0,0.0
2931883,0.0,0.0,0.0,0.0,0.0,0.0,0.0
2931884,0.0,0.0,0.0,0.0,1.0,0.0,0.0
2931888,0.0,0.0,0.0,0.0,0.0,0.0,0.0
2933840,0.0,0.0,0.0,0.0,1.0,0.0,0.0
2933841,0.0,0.0,0.0,0.0,0.0,0.0,0.0
2933845,0.0,0.0,0.0,0.0,1.0,0.0,0.0
2933846,0.0,0.0,0.0,0.0,0.0,0.0,0.0
2934001,0.0,0.0,0.0,0.0,1.0,0.0,0.0
2934002,0.0,0.0,0.0,0.0,0.0,0.0,0.0
2941698,0.0,0.0,0.0,0.0,1.0,0.0,0.0
2941702,0.0,0.0,0.0,0.0,0.0,0.0,0.0
2941733,0.0,0.0,0.0,0.0,1.0,0.0,0.0
2941734,0.0,0.0,0.0,0.0,0.0,0.0,0.0
2941898,0.0,0.0,0.0,0.0,1.0,0.0,0.0
2941899,0.0,0.0,0.0,0.0,0.0,0.0,0.0
2943923,0.0,0.0,0.0,0.0,1.0,0.0,0.0
2943924,0.0,0.0,0.0,0.0,0.0,0.0,0.0
2949144,0.0,0.0,0.0,0.0,1.0,0.0,0.0
2949147,0.0,0.0,0.0,0.0,0.0,0.0,0.0
2951272,0.0,0.0,0.0,0.0,1.0,0.0,0.0
2951273,0.0,0.0,0.0,0.0,0.0,0.0,0.0
2954264,0.0,0.0,0.0,0.0,1.0,0.0,0.0
2954265,0.0,0.0,0.0,0.0,0.0,0.0,0.0
2955086,0.0,0.0,0.0,0.0,1.0,0.0,0.0
2955087,0.0,0.0,0.0,0.0,0.0,0.0,0.0
2955089,0.0,0.0,0.0,0.0,1.0,0.0,0.0
2955090,0.0,0.0,0.0,0.0,0.0,0.0,0.0
2955094,0.0,0.0,0.0,0.0,1.0,0.0,0.0
2955096,0.0,0.0,0.0,0.0,2.0,0.0,0.0
2955097,0.0,0.0,0.0,0.0,0.0,0.0,0.0
2956258,0.0,0.0,0.0,0.0,1.0,0.0,0.0
2956261,0.0,0.0,0.0,0.0,0.0,0.0,0.0
2961229,0.0,0.0,0.0,0.0,1.0,0.0,0.0
2961231,0.0,0.0,0.0,0.0,0.0,0.0,0.0
2962119,0.0,0.0,0.0,0.0,1.0,0.0,0.0
2962120,0.0,0.0,0.0,0.0,0.0,0.0,0.0
2962127,0.0,0.0,0.0,0.0,1.0,0.0,0.0
2962128,0.0,0.0,0.0,0.0,0.0,0.0,0.0
2962130,0.0,0.0,0.0,0.0,1.0,0.0,0.0
2962131,0.0,0.0,0.0,0.0,0.0,0.0,0.0
2962214,0.0,0.0,0.0,0.0,1.0,0.0,0.0
2962215,0.0,0.0,0.0,0.0,2.0,0.0,0.0
2962216,0.0,0.0,0.0,0.0,0.0,0.0,0.0
2968798,0.0,0.0,0.0,0.0,1.0,0.0,0.0
2968800,0.0,0.0,0.0,0.0,2.0,0.0,0.0
2968801,0.0,0.0,0.0,0.0,0.0,0.0,0.0
2970444,0.0,0.0,0.0,0.0,1.0,0.0,0.0
2970445,0.0,0.0,0.0,0.0,0.0,0.0,0.0
2970446,0.0,0.0,0.0,0.0,1.0,0.0,0.0
2970448,0.0,0.0,0.0,0.0,2.0,0.0,0.0
2970449,0.0,0.0,0.0,0.0,0.0,0.0,0.0
2974917,0.0,0.0,0.0,0.0,1.0,0.0,0.0
2974918,0.0,0.0,0.0,0.0,0.0,0.0,0.0
2975178,0.0,0.0,0.0,0.0,1.0,0.0,0.0
2975179,0.0,0.0,0.0,0.0,0.0,0.0,0.0
2975180,0.0,0.0,0.0,0.0,1.0,0.0,0.0
2975181,0.0,0.0,0.0,0.0,0.0,0.0,0.0
2977951,0.0,0.0,0.0,0.0,1.0,0.0,0.0
2977954,0.0,0.0,0.0,0.0,2.0,0.0,0.0
2977955,0.0,0.0,0.0,0.0,0.0,0.0,0.0
2978259,0.0,0.0,0.0,0.0,1.0,0.0,0.0
2978260,0.0,0.0,0.0,0.0,0.0,0.0,0.0
2979163,0.0,0.0,0.0,0.0,1.0,0.0,0.0
2979166,0.0,0.0,0.0,0.0,0.0,0.0,0.0
2979170,0.0,0.0,0.0,0.0,1.0,0.0,0.0
2979171,0.0,0.0,0.0,0.0,0.0,0.0,0.0
2980459,0.0,0.0,0.0,0.0,1.0,0.0,0.0
2980463,0.0,0.0,0.0,0.0,0.0,0.0,0.0
2980474,0.0,0.0,0.0,0.0,1.0,0.0,0.0
2980475,0.0,0.0,0.0,0.0,0.0,0.0,0.0
2980476,0.0,0.0,0.0,0.0,1.0,0.0,0.0
2980477,0.0,0.0,0.0,0.0,0.0,0.0,0.0
2980989,0.0,0.0,0.0,0.0,1.0,0.0,0.0
2980990,0.0,0.0,0.0,0.0,0.0,0.0,0.0
2981315,0.0,0.0,0.0,0.0,1.0,0.0,0.0
2981316,0.0,0.0,0.0,0.0,0.0,0.0,0.0
2981414,0.0,0.0,0.0,0.0,1.0,0.0,0.0
2981416,0.0,0.0,0.0,0.0,0.0,0.0,0.0
2981419,0.0,0.0,0.0,0.0,1.0,0.0,0.0
2981420,0.0,0.0,0.0,0.0,2.0,0.0,0.0
2981421,0.0,0.0,0.0,0.0,0.0,0.0,0.0
2982576,0.0,0.0,0.0,0.0,1.0,0.0,0.0
2982578,0.0,0.0,0.0,0.0,2.0,0.0,0.0
2982579,0.0,0.0,0.0,0.0,0.0,0.0,0.0
2983046,0.0,0.0,0.0,0.0,1.0,0.0,0.0
2983047,0.0,0.0,0.0,0.0,0.0,0.0,0.0
2983049,0.0,0.0,0.0,0.0,1.0,0.0,0.0
2983050,0.0,0.0,0.0,0.0,0.0,0.0,0.0
2988453,0.0,0.0,0.0,0.0,1.0,0.0,0.0
2988455,0.0,0.0,0.0,0.0,0.0,0.0,0.0
2988456,0.0,0.0,0.0,0.0,1.0,0.0,0.0
2988457,0.0,0.0,0.0,0.0,0.0,0.0,0.0
2988635,0.0,0.0,0.0,0.0,1.0,0.0,0.0
2988640,0.0,0.0,0.0,0.0,0.0,0.0,0.0
2988641,0.0,0.0,0.0,0.0,1.0,0.0,0.0
2988642,0.0,0.0,0.0,0.0,2.0,0.0,0.0
2988643,0.0,0.0,0.0,0.0,0.0,0.0,0.0
2992317,0.0,0.0,0.0,0.0,1.0,0.0,0.0
2992321,0.0,0.0,0.0,0.0,2.0,0.0,0.0
2992322,0.0,0.0,0.0,0.0,0.0,0.0,0.0
2993508,0.0,0.0,0.0,0.0,1.0,0.0,0.0
2993509,0.0,0.0,0.0,0.0,0.0,0.0,0.0
2999253,0.0,0.0,0.0,0.0,1.0,0.0,0.0
2999254,0.0,0.0,0.0,0.0,0.0,0.0,0.0
3000000,0.0,0.0,0.0,0.0,0.0,0.0,1.0
3000001,0.0,0.0,0.0,0.0,0.0,0.0,0.0
3000234,0.0,0.0,0.0,0.0,1.0,0.0,0.0
3000237,0.0,0.0,0.0,0.0,0.0,0.0,0.0
3000449,0.0,0.0,0.0,0.0,1.0,0.0,0.0
3000450,0.0,0.0,0.0,0.0,0.0,0.0,0.0
3000454,0.0,0.0,0.0,0.0,1.0,0.0,0.0
3000455,0.0,0.0,0.0,0.0,0.0,0.0,0.0
3000461,0.0,0.0,0.0,0.0,1.0,0.0,0.0
3000464,0.0,0.0,0.0,0.0,2.0,0.0,0.0
3000465,0.0,0.0,0.0,0.0,0.0,0.0,0.0
3000835,0.0,0.0,0.0,0.0,1.0,0.0,0.0
3000836,0.0,0.0,0.0,0.0,0.0,0.0,0.0
3000846,2.0,0.0,0.0,0.0,0.0,1.0,0.0
3000847,0.0,0.0,0.0,0.0,0.0,0.0,0.0
3000954,0.0,0.0,1.0,0.0,0.0,0.0,0.0
3000960,0.0,0.0,0.0,0.0,0.0,0.0,0.0
3000983,0.0,0.0,1.0,0.0,0.0,0.0,0.0
3000984,0.0,0.0,0.0,0.0,0.0,0.0,0.0
3001065,0.0,0.0,1.0,0.0,0.0,0.0,0.0
3001072,0.0,0.0,0.0,0.0,0.0,0.0,0.0
3001075,0.0,0.0,1.0,0.0,0.0,0.0,0.0
3001172,0.0,0.0,1.0,0.0,1.0,0.0,0.0
3001173,0.0,0.0,1.0,0.0,0.0,0.0,0.0
3001730,0.0,0.0,0.0,0.0,0.0,0.0,0.0
3002886,0.0,0.0,0.0,0.0,1.0,0.0,0.0
3002887,0.0,0.0,0.0,0.0,0.0,0.0,0.0
3003179,0.0,0.0,0.0,0.0,1.0,0.0,0.0
3003182,0.0,0.0,0.0,0.0,0.0,0.0,0.0
3004159,0.0,0.0,0.0,0.0,1.0,0.0,0.0
3004160,0.0,0.0,0.0,0.0,0.0,0.0,0.0
3004162,0.0,0.0,0.0,0.0,1.0,0.0,0.0
3004163,0.0,0.0,0.0,0.0,0.0,0.0,0.0
3004189,0.0,0.0,0.0,0.0,1.0,0.0,0.0
3004190,0.0,0.0,0.0,0.0,0.0,0.0,0.0
3004437,0.0,0.0,0.0,0.0,1.0,0.0,0.0
3004440,0.0,0.0,0.0,0.0,0.0,0.0,0.0
3004442,0.0,0.0,0.0,0.0,1.0,0.0,0.0
3004443,0.0,0.0,0.0,0.0,0.0,0.0,0.0
3004565,0.0,0.0,0.0,0.0,1.0,0.0,0.0
3004566,0.0,0.0,0.0,0.0,0.0,0.0,0.0
3004568,0.0,0.0,0.0,0.0,1.0,0.0,0.0
3004573,0.0,0.0,0.0,0.0,0.0,0.0,0.0
3004947,0.0,0.0,0.0,0.0,1.0,0.0,0.0
3004951,0.0,0.0,0.0,0.0,2.0,0.0,0.0
3004952,0.0,0.0,0.0,0.0,0.0,0.0,0.0
3006288,0.0,0.0,0.0,1.0,0.0,0.0,0.0
3006289,0.0,0.0,0.0,0.0,0.0,0.0,0.0
3006454,0.0,0.0,0.0,0.0,1.0,0.0,0.0
3006457,0.0,0.0,0.0,0.0,0.0,0.0,0.0
3007720,0.0,0.0,0.0,0.0,1.0,0.0,0.0
3007723,0.0,0.0,0.0,0.0,0.0,0.0,0.0
3008812,0.0,0.0,0.0,0.0,1.0,0.0,0.0
3008814,0.0,0.0,0.0,0.0,2.0,0.0,0.0
3008815,0.0,0.0,0.0,0.0,0.0,0.0,0.0
3011010,0.0,0.0,0.0,0.0,1.0,0.0,0.0
3011011,0.0,0.0,0.0,0.0,0.0,0.0,0.0
3013913,0.0,0.0,0.0,0.0,1.0,0.0,0.0
3013916,0.0,0.0,0.0,0.0,0.0,0.0,0.0
3013922,0.0,0.0,0.0,0.0,1.0,0.0,0.0
3013923,0.0,0.0,0.0,0.0,0.0,0.0,0.0
3013924,0.0,0.0,0.0,0.0,1.0,0.0,0.0
3013926,0.0,0.0,0.0,0.0,2.0,0.0,0.0
3013927,0.0,0.0,0.0,0.0,0.0,0.0,0.0
3014218,0.0,0.0,0.0,0.0,1.0,0.0,0.0
3014221,0.0,0.0,0.0,0.0,0.0,0.0,0.0
3016666,0.0,0.0,0.0,0.0,1.0,0.0,0.0
3016667,0.0,0.0,0.0,0.0,0.0,0.0,0.0
3016668,0.0,0.0,0.0,0.0,1.0,0.0,0.0
3016669,0.0,0.0,0.0,0.0,0.0,0.0,0.0
3017263,0.0,0.0,0.0,0.0,1.0,0.0,0.0
3017266,0.0,0.0,0.0,0.0,0.0,0.0,0.0
3018191,0.0,0.0,0.0,0.0,1.0,0.0,0.0
3018193,0.0,0.0,0.0,0.0,0.0,0.0,0.0
3018299,0.0,0.0,0.0,0.0,1.0,0.0,0.0
3018300,0.0,0.0,0.0,0.0,2.0,0.0,0.0
3018301,0.0,0.0,0.0,0.0,0.0,0.0,0.0
3021572,0.0,2.0,0.0,0.0,0.0,1.0,0.0
3021573,0.0,0.0,0.0,0.0,0.0,0.0,0.0
3021613,0.0,0.0,1.0,0.0,0.0,0.0,0.0
3021616,0.0,0.0,2.0,0.0,0.0,0.0,0.0
3021617,0.0,0.0,0.0,0.0,0.0,0.0,0.0
3021671,0.0,0.0,1.0,0.0,0.0,0.0,0.0
3021673,0.0,0.0,0.0,0.0,0.0,0.0,0.0
3021692,0.0,0.0,1.0,0.0,0.0,0.0,0.0
3021710,0.0,0.0,0.0,0.0,0.0,0.0,0.0
3022958,0.0,0.0,1.0,0.0,0.0,0.0,0.0
3022959,0.0,0.0,0.0,0.0,0.0,0.0,0.0
3022960,0.0,0.0,1.0,0.0,0.0,0.0,0.0
3022967,0.0,0.0,0.0,0.0,0.0,0.0,0.0
3022988,0.0,0.0,1.0,0.0,0.0,0.0,0.0
3022995,0.0,0.0,0.0,0.0,0.0,0.0,0.0
3022997,0.0,0.0,1.0,0.0,0.0,0.0,0.0
3022999,0.0,0.0,0.0,0.0,0.0,0.0,0.0
3023069,0.0,0.0,1.0,0.0,0.0,0.0,0.0
3023071,0.0,0.0,0.0,0.0,0.0,0.0,0.0
3023074,0.0,0.0,1.0,0.0,0.0,0.0,0.0
3023075,0.0,0.0,0.0,0.0,0.0,0.0,0.0
3023077,0.0,0.0,1.0,0.0,0.0,0.0,0.0
3023094,0.0,0.0,1.0,0.0,1.0,0.0,0.0
3023095,0.0,0.0,1.0,0.0,0.0,0.0,0.0
3023198,0.0,0.0,0.0,0.0,0.0,0.0,0.0
3023208,0.0,0.0,1.0,0.0,0.0,0.0,0.0
3023210,0.0,0.0,0.0,0.0,0.0,0.0,0.0
3023363,0.0,0.0,1.0,0.0,0.0,0.0,0.0
3023364,0.0,0.0,0.0,0.0,0.0,0.0,0.0
3023367,0.0,0.0,1.0,0.0,0.0,0.0,0.0
3023368,0.0,0.0,0.0,0.0,0.0,0.0,0.0
3023621,0.0,0.0,1.0,0.0,0.0,0.0,0.0
3023622,0.0,0.0,0.0,0.0,0.0,0.0,0.0
3023625,0.0,0.0,1.0,0.0,0.0,0.0,0.0
3023626,0.0,0.0,0.0,0.0,0.0,0.0,0.0
3023629,0.0,0.0,1.0,0.0,0.0,0.0,0.0
3023630,0.0,0.0,0.0,0.0,0.0,0.0,0.0
3023944,0.0,0.0,1.0,0.0,0.0,0.0,0.0
3023974,0.0,0.0,0.0,0.0,0.0,0.0,0.0
3024326,0.0,0.0,0.0,0.0,1.0,0.0,0.0
3024327,0.0,0.0,0.0,0.0,0.0,0.0,0.0
3024328,0.0,0.0,1.0,0.0,1.0,0.0,0.0
3024329,0.0,0.0,1.0,0.0,0.0,0.0,0.0
3024330,0.0,0.0,0.0,0.0,0.0,0.0,0.0
3024332,0.0,0.0,1.0,0.0,0.0,0.0,0.0
3024333,0.0,0.0,0.0,0.0,0.0,0.0,0.0
3024334,0.0,0.0,1.0,0.0,0.0,0.0,0.0
3024337,0.0,0.0,0.0,0.0,0.0,0.0,0.0
3024340,0.0,0.0,1.0,0.0,0.0,0.0,0.0
3024341,0.0,0.0,0.0,0.0,0.0,0.0,0.0
3024346,0.0,0.0,1.0,0.0,0.0,0.0,0.0
3024389,0.0,0.0,0.0,0.0,0.0,0.0,0.0
3024390,0.0,0.0,1.0,0.0,0.0,0.0,0.0
3024397,0.0,0.0,0.0,0.0,0.0,0.0,0.0
3024808,0.0,0.0,0.0,0.0,1.0,0.0,0.0
3024809,0.0,0.0,0.0,0.0,0.0,0.0,0.0
3024816,0.0,0.0,0.0,0.0,1.0,0.0,0.0
3024817,0.0,0.0,0.0,0.0,0.0,0.0,0.0
3024987,0.0,0.0,1.0,0.0,0.0,0.0,0.0
3024988,0.0,0.0,1.0,0.0,1.0,0.0,0.0
3024990,0.0,0.0,1.0,0.0,0.0,0.0,0.0
3024996,0.0,0.0,0.0,0.0,0.0,0.0,0.0
3025010,0.0,0.0,1.0,0.0,0.0,0.0,0.0
3025012,0.0,0.0,0.0,0.0,0.0,0.0,0.0
3025013,0.0,0.0,1.0,0.0,0.0,0.0,0.0
3025016,0.0,0.0,0.0,0.0,0.0,0.0,0.0
3025022,0.0,0.0,1.0,0.0,0.0,0.0,0.0
3025028,0.0,0.0,0.0,0.0,0.0,0.0,0.0
3025029,0.0,0.0,1.0,0.0,0.0,0.0,0.0
3025032,0.0,0.0,0.0,0.0,0.0,0.0,0.0
3025052,0.0,0.0,1.0,0.0,0.0,0.0,0.0
3025055,0.0,0.0,0.0,0.0,0.0,0.0,0.0
3025057,0.0,0.0,1.0,0.0,0.0,0.0,0.0
3025059,0.0,0.0,0.0,0.0,0.0,0.0,0.0
3025061,0.0,0.0,1.0,0.0,0.0,0.0,0.0
3025063,0.0,0.0,0.0,0.0,0.0,0.0,0.0
3025066,0.0,0.0,1.0,0.0,0.0,0.0,0.0
3025067,0.0,0.0,0.0,0.0,0.0,0.0,0.0
3025069,0.0,0.0,1.0,0.0,0.0,0.0,0.0
3025103,0.0,0.0,0.0,0.0,0.0,0.0,0.0
3025105,0.0,0.0,1.0,0.0,0.0,0.0,0.0
3025107,0.0,0.0,0.0,0.0,0.0,0.0,0.0
3025393,0.0,0.0,1.0,0.0,0.0,0.0,0.0
3025402,0.0,0.0,0.0,0.0,0.0,0.0,0.0
3025676,0.0,0.0,0.0,0.0,1.0,0.0,0.0
3025677,0.0,0.0,0.0,0.0,0.0,0.0,0.0
3026062,0.0,0.0,1.0,0.0,0.0,0.0,0.0
3026063,0.0,0.0,1.0,0.0,1.0,0.0,0.0
3026068,0.0,0.0,1.0,0.0,0.0,0.0,0.0
3026091,0.0,0.0,0.0,0.0,0.0,0.0,0.0
3026108,0.0,0.0,1.0,0.0,0.0,0.0,0.0
3026110,0.0,0.0,0.0,0.0,0.0,0.0,0.0
3026116,0.0,0.0,1.0,0.0,0.0,0.0,0.0
3026130,0.0,0.0,0.0,0.0,0.0,0.0,0.0
3026133,0.0,0.0,1.0,0.0,0.0,0.0,0.0
3026138,0.0,0.0,0.0,0.0,0.0,0.0,0.0
3026139,0.0,0.0,1.0,0.0,0.0,0.0,0.0
3026142,0.0,0.0,0.0,0.0,0.0,0.0,0.0
3026145,0.0,0.0,1.0,0.0,0.0,0.0,0.0
3026146,0.0,0.0,0.0,0.0,0.0,0.0,0.0
3026148,0.0,0.0,1.0,0.0,0.0,0.0,0.0
3026240,0.0,0.0,1.0,0.0,1.0,0.0,0.0
3026241,0.0,0.0,1.0,0.0,0.0,0.0,0.0
3028417,0.0,0.0,0.0,0.0,0.0,0.0,0.0
3028689,0.0,0.0,1.0,0.0,0.0,0.0,0.0
3028695,0.0,0.0,0.0,0.0,0.0,0.0,0.0
3028696,0.0,0.0,1.0,0.0,0.0,0.0,0.0
3028715,0.0,0.0,0.0,0.0,0.0,0.0,0.0
3028718,0.0,0.0,1.0,0.0,0.0,0.0,0.0
3028719,0.0,0.0,0.0,0.0,0.0,0.0,0.0
3028777,0.0,0.0,1.0,0.0,0.0,0.0,0.0
3028778,0.0,0.0,0.0,0.0,0.0,0.0,0.0
3028922,0.0,0.0,1.0,0.0,0.0,0.0,0.0
3028927,0.0,0.0,0.0,0.0,0.0,0.0,0.0
3028930,0.0,0.0,1.0,0.0,0.0,0.0,0.0
3028931,0.0,0.0,0.0,0.0,0.0,0.0,0.0
3028932,0.0,0.0,1.0,0.0,0.0,0.0,0.0
3028938,0.0,0.0,0.0,0.0,0.0,0.0,0.0
3028941,0.0,0.0,1.0,0.0,0.0,0.0,0.0
3028942,0.0,0.0,0.0,0.0,0.0,0.0,0.0
3028945,0.0,0.0,1.0,0.0,0.0,0.0,0.0
3028946,0.0,0.0,0.0,0.0,0.0,0.0,0.0
3028948,0.0,0.0,1.0,0.0,0.0,0.0,0.0
3028950,0.0,0.0,0.0,0.0,0.0,0.0,0.0
3028953,0.0,0.0,1.0,0.0,0.0,0.0,0.0
3028954,0.0,0.0,0.0,0.0,0.0,0.0,0.0
3029796,0.0,0.0,0.0,0.0,1.0,0.0,0.0
3029797,0.0,0.0,0.0,0.0,0.0,0.0,0.0
3030157,0.0,0.0,0.0,0.0,1.0,0.0,0.0
3030158,0.0,0.0,0.0,0.0,0.0,0.0,0.0
3030479,0.0,0.0,0.0,0.0,1.0,0.0,0.0
3030480,0.0,0.0,0.0,0.0,0.0,0.0,0.0
3030484,0.0,0.0,0.0,0.0,1.0,0.0,0.0
3030485,0.0,0.0,0.0,0.0,0.0,0.0,0.0
3030590,0.0,0.0,0.0,0.0,1.0,0.0,0.0
3030591,0.0,0.0,0.0,0.0,0.0,0.0,0.0
3030724,0.0,0.0,0.0,0.0,1.0,0.0,0.0
3030725,0.0,0.0,0.0,0.0,0.0,0.0,0.0
3036261,0.0,0.0,0.0,0.0,1.0,0.0,0.0
3036262,0.0,0.0,0.0,0.0,0.0,0.0,0.0
3036654,0.0,0.0,0.0,0.0,1.0,0.0,0.0
3036655,0.0,0.0,0.0,0.0,0.0,0.0,0.0
3036943,0.0,0.0,0.0,0.0,1.0,0.0,0.0
3036944,0.0,0.0,0.0,0.0,0.0,0.0,0.0
3036961,0.0,0.0,0.0,0.0,1.0,0.0,0.0
3036962,0.0,0.0,0.0,0.0,0.0,0.0,0.0
3036971,0.0,0.0,0.0,0.0,1.0,0.0,0.0
3036972,0.0,0.0,0.0,0.0,0.0,0.0,0.0
3036973,0.0,0.0,0.0,0.0,1.0,0.0,0.0
3036974,0.0,0.0,0.0,0.0,0.0,0.0,0.0
3036976,0.0,0.0,0.0,0.0,1.0,0.0,0.0
3036980,0.0,0.0,0.0,0.0,2.0,0.0,0.0
3036981,0.0,0.0,0.0,0.0,0.0,0.0,0.0
3038160,0.0,0.0,0.0,0.0,1.0,0.0,0.0
3038162,0.0,0.0,0.0,0.0,0.0,0.0,0.0
3038175,0.0,0.0,0.0,0.0,1.0,0.0,0.0
3038176,0.0,0.0,0.0,0.0,0.0,0.0,0.0
3038177,0.0,0.0,0.0,0.0,1.0,0.0,0.0
3038178,0.0,0.0,0.0,0.0,0.0,0.0,0.0
3038180,0.0,0.0,0.0,0.0,1.0,0.0,0.0
3038181,0.0,0.0,0.0,0.0,0.0,0.0,0.0
3039798,0.0,0.0,0.0,0.0,1.0,0.0,0.0
3039801,0.0,0.0,0.0,0.0,0.0,0.0,0.0
3039846,0.0,0.0,0.0,0.0,1.0,0.0,0.0
3039847,0.0,0.0,0.0,0.0,0.0,0.0,0.0
3040308,0.0,0.0,0.0,0.0,1.0,0.0,0.0
3040311,0.0,0.0,0.0,0.0,0.0,0.0,0.0
3040312,0.0,0.0,0.0,0.0,1.0,0.0,0.0
3040313,0.0,0.0,0.0,0.0,0.0,0.0,0.0
3040995,0.0,0.0,0.0,0.0,1.0,0.0,0.0
3040996,0.0,0.0,0.0,0.0,0.0,0.0,0.0
3040997,0.0,0.0,0.0,0.0,1.0,0.0,0.0
3040998,0.0,0.0,0.0,0.0,0.0,0.0,0.0
3041000,0.0,0.0,0.0,0.0,1.0,0.0,0.0
3041002,0.0,0.0,0.0,0.0,2.0,0.0,0.0
3041003,0.0,0.0,0.0,0.0,0.0,0.0,0.0
3041497,0.0,2.0,0.0,0.0,0.0,1.0,0.0
3041498,0.0,0.0,0.0,0.0,0.0,0.0,0.0
3041567,0.0,0.0,1.0,0.0,0.0,0.0,0.0
3041568,0.0,0.0,0.0,0.0,0.0,0.0,0.0
3041573,0.0,0.0,1.0,0.0,0.0,0.0,0.0
3041575,0.0,0.0,0.0,0.0,0.0,0.0,0.0
3041576,0.0,0.0,1.0,0.0,0.0,0.0,0.0
3041581,0.0,0.0,0.0,0.0,0.0,0.0,0.0
3042468,0.0,0.0,1.0,0.0,1.0,0.0,0.0
3042469,0.0,0.0,1.0,0.0,0.0,0.0,0.0
3042470,0.0,0.0,1.0,0.0,1.0,0.0,0.0
3042475,0.0,0.0,1.0,0.0,0.0,0.0,0.0
3042486,0.0,0.0,0.0,0.0,0.0,0.0,0.0
3042487,0.0,0.0,1.0,0.0,0.0,0.0,0.0
3042514,0.0,0.0,0.0,0.0,0.0,0.0,0.0
3042515,0.0,0.0,1.0,0.0,0.0,0.0,0.0
3042518,0.0,0.0,0.0,0.0,0.0,0.0,0.0
3042520,0.0,0.0,1.0,0.0,0.0,0.0,0.0
3042526,0.0,0.0,0.0,0.0,0.0,0.0,0.0
3042533,0.0,0.0,1.0,0.0,0.0,0.0,0.0
3042554,0.0,0.0,0.0,0.0,0.0,0.0,0.0
3042555,0.0,0.0,1.0,0.0,0.0,0.0,0.0
3042566,0.0,0.0,0.0,0.0,0.0,0.0,0.0
3042573,0.0,0.0,1.0,0.0,0.0,0.0,0.0
3042574,0.0,0.0,0.0,0.0,0.0,0.0,0.0
3042575,0.0,0.0,1.0,0.0,0.0,0.0,0.0
3042578,0.0,0.0,0.0,0.0,0.0,0.0,0.0
3042579,0.0,0.0,1.0,0.0,0.0,0.0,0.0
3042590,0.0,0.0,0.0,0.0,0.0,0.0,0.0
3042591,0.0,0.0,1.0,0.0,0.0,0.0,0.0
3042594,0.0,0.0,0.0,0.0,0.0,0.0,0.0
3042596,0.0,0.0,1.0,0.0,0.0,0.0,0.0
3042598,0.0,0.0,0.0,0.0,0.0,0.0,0.0
3042617,0.0,0.0,1.0,0.0,0.0,0.0,0.0
3042618,0.0,0.0,0.0,0.0,0.0,0.0,0.0
3042619,0.0,0.0,1.0,0.0,0.0,0.0,0.0
3042622,0.0,0.0,0.0,0.0,0.0,0.0,0.0
3042627,0.0,0.0,1.0,0.0,0.0,0.0,0.0
3042630,0.0,0.0,0.0,0.0,0.0,0.0,0.0
3042637,0.0,0.0,1.0,0.0,0.0,0.0,0.0
3042638,0.0,0.0,0.0,0.0,0.0,0.0,0.0
3042644,0.0,0.0,1.0,0.0,0.0,0.0,0.0
3042662,0.0,0.0,0.0,0.0,0.0,0.0,0.0
3042700,0.0,0.0,1.0,0.0,0.0,0.0,0.0
3042726,0.0,0.0,0.0,0.0,0.0,0.0,0.0
3042841,0.0,0.0,1.0,0.0,0.0,0.0,0.0
3042842,0.0,0.0,0.0,0.0,0.0,0.0,0.0
3042843,0.0,0.0,1.0,0.0,0.0,0.0,0.0
3042846,0.0,0.0,0.0,0.0,0.0,0.0,0.0
3042849,0.0,0.0,1.0,0.0,0.0,0.0,0.0
3042850,0.0,0.0,0.0,0.0,0.0,0.0,0.0
3042853,0.0,0.0,1.0,0.0,0.0,0.0,0.0
3042858,0.0,0.0,0.0,0.0,0.0,0.0,0.0
3042859,0.0,0.0,1.0,0.0,0.0,0.0,0.0
3042862,0.0,0.0,0.0,0.0,0.0,0.0,0.0
3042875,0.0,0.0,1.0,0.0,0.0,0.0,0.0
3043025,0.0,0.0,0.0,0.0,0.0,0.0,0.0
3043027,0.0,0.0,1.0,0.0,0.0,0.0,0.0
3043029,0.0,0.0,0.0,0.0,0.0,0.0,0.0
3043032,0.0,0.0,1.0,0.0,0.0,0.0,0.0
3043033,0.0,0.0,0.0,0.0,0.0,0.0,0.0
3043042,0.0,0.0,1.0,0.0,0.0,0.0,0.0
3043045,0.0,0.0,0.0,0.0,0.0,0.0,0.0
3043046,0.0,0.0,1.0,0.0,0.0,0.0,0.0
3044066,0.0,0.0,0.0,0.0,0.0,0.0,0.0
3044068,0.0,0.0,1.0,0.0,0.0,0.0,0.0
3044070,0.0,0.0,0.0,0.0,0.0,0.0,0.0
3044071,0.0,0.0,1.0,0.0,0.0,0.0,0.0
3044074,0.0,0.0,0.0,0.0,0.0,0.0,0.0
3044085,0.0,0.0,1.0,0.0,0.0,0.0,0.0
3044086,0.0,0.0,0.0,0.0,0.0,0.0,0.0
3044087,0.0,0.0,1.0,0.0,0.0,0.0,0.0
3044393,0.0,0.0,1.0,0.0,1.0,0.0,0.0
3044394,0.0,0.0,1.0,0.0,0.0,0.0,0.0
3044398,0.0,0.0,1.0,0.0,1.0,0.0,0.0
3044401,0.0,0.0,1.0,0.0,0.0,0.0,0.0
3045610,0.0,0.0,0.0,0.0,0.0,0.0,0.0
3045613,0.0,0.0,1.0,0.0,0.0,0.0,0.0
3045614,0.0,0.0,0.0,0.0,0.0,0.0,0.0
3045616,0.0,0.0,1.0,0.0,0.0,0.0,0.0
3045618,0.0,0.0,0.0,0.0,0.0,0.0,0.0
3045624,0.0,0.0,1.0,0.0,0.0,0.0,0.0
3045625,0.0,0.0,0.0,0.0,0.0,0.0,0.0
3045628,0.0,0.0,1.0,0.0,0.0,0.0,0.0
3045629,0.0,0.0,0.0,0.0,0.0,0.0,0.0
3046105,0.0,0.0,1.0,0.0,0.0,0.0,0.0
3046107,0.0,0.0,0.0,0.0,0.0,0.0,0.0
3046113,0.0,0.0,1.0,0.0,0.0,0.0,0.0
3046143,0.0,0.0,0.0,0.0,0.0,0.0,0.0
3046204,0.0,0.0,1.0,0.0,0.0,0.0,0.0
3046206,0.0,0.0,0.0,0.0,0.0,0.0,0.0
3046209,0.0,0.0,1.0,0.0,0.0,0.0,0.0
3046210,0.0,0.0,0.0,0.0,0.0,0.0,0.0
3046213,0.0,0.0,1.0,0.0,0.0,0.0,0.0
3046214,0.0,0.0,0.0,0.0,0.0,0.0,0.0
3046215,0.0,0.0,1.0,0.0,0.0,0.0,0.0
3046222,0.0,0.0,0.0,0.0,0.0,0.0,0.0
3046223,0.0,0.0,1.0,0.0,0.0,0.0,0.0
3046230,0.0,0.0,0.0,0.0,0.0,0.0,0.0
3046240,0.0,0.0,1.0,0.0,0.0,0.0,0.0
3046352,0.0,0.0,0.0,0.0,0.0,0.0,0.0
3046353,0.0,0.0,1.0,0.0,0.0,0.0,0.0
3046356,0.0,0.0,0.0,0.0,0.0,0.0,0.0
3046370,0.0,0.0,1.0,0.0,0.0,0.0,0.0
3046384,0.0,0.0,0.0,0.0,0.0,0.0,0.0
3046454,0.0,0.0,1.0,0.0,0.0,0.0,0.0
3046470,0.0,0.0,0.0,0.0,0.0,0.0,0.0
3046475,0.0,0.0,1.0,0.0,0.0,0.0,0.0
3046478,0.0,0.0,0.0,0.0,0.0,0.0,0.0
3046485,0.0,0.0,1.0,0.0,0.0,0.0,0.0
3046490,0.0,0.0,0.0,0.0,0.0,0.0,0.0
3046491,0.0,0.0,1.0,0.0,0.0,0.0,0.0
3046502,0.0,0.0,0.0,0.0,0.0,0.0,0.0
3046512,0.0,0.0,1.0,0.0,0.0,0.0,0.0
3046514,0.0,0.0,0.0,0.0,0.0,0.0,0.0
3046523,0.0,0.0,1.0,0.0,0.0,0.0,0.0
3046542,0.0,0.0,1.0,0.0,1.0,0.0,0.0
3046543,0.0,0.0,1.0,0.0,0.0,0.0,0.0
3047212,0.0,0.0,0.0,0.0,0.0,0.0,0.0
3047213,0.0,0.0,1.0,0.0,0.0,0.0,0.0
3047244,0.0,0.0,0.0,0.0,0.0,0.0,0.0
3047250,0.0,0.0,1.0,0.0,0.0,0.0,0.0
3047251,0.0,0.0,0.0,0.0,0.0,0.0,0.0
3047264,0.0,0.0,1.0,0.0,0.0,0.0,0.0
3047271,0.0,0.0,0.0,0.0,0.0,0.0,0.0
3047273,0.0,0.0,1.0,0.0,0.0,0.0,0.0
3047311,0.0,0.0,0.0,0.0,0.0,0.0,0.0
3047312,0.0,0.0,1.0,0.0,0.0,0.0,0.0
3047315,0.0,0.0,0.0,0.0,0.0,0.0,0.0
3047404,0.0,0.0,1.0,0.0,0.0,0.0,0.0
3047409,0.0,0.0,0.0,0.0,0.0,0.0,0.0
3047411,0.0,0.0,1.0,0.0,0.0,0.0,0.0
3047413,0.0,0.0,0.0,0.0,0.0,0.0,0.0
3047416,0.0,0.0,1.0,0.0,0.0,0.0,0.0
3047417,0.0,0.0,0.0,0.0,0.0,0.0,0.0
3047418,0.0,0.0,1.0,0.0,0.0,0.0,0.0
3047437,0.0,0.0,0.0,0.0,0.0,0.0,0.0
3047438,0.0,0.0,1.0,0.0,0.0,0.0,0.0
3048323,0.0,0.0,1.0,0.0,1.0,0.0,0.0
3048324,0.0,0.0,1.0,0.0,0.0,0.0,0.0
3048508,0.0,0.0,1.0,0.0,1.0,0.0,0.0
3048509,0.0,0.0,1.0,0.0,0.0,0.0,0.0
3048510,0.0,0.0,1.0,0.0,1.0,0.0,0.0
3048511,0.0,0.0,1.0,0.0,0.0,0.0,0.0
3049995,0.0,0.0,1.0,0.0,1.0,0.0,0.0
3049996,0.0,0.0,1.0,0.0,0.0,0.0,0.0
3049997,0.0,0.0,1.0,0.0,1.0,0.0,0.0
3049999,0.0,0.0,1.0,0.0,0.0,0.0,0.0
3050677,0.0,0.0,0.0,0.0,0.0,0.0,0.0
3050679,0.0,0.0,1.0,0.0,0.0,0.0,0.0
3050685,0.0,0.0,0.0,0.0,0.0,0.0,0.0
3050686,0.0,0.0,1.0,0.0,0.0,0.0,0.0
3052627,0.0,0.0,0.0,0.0,0.0,0.0,0.0
3052650,0.0,0.0,1.0,0.0,0.0,0.0,0.0
3052651,0.0,0.0,0.0,0.0,0.0,0.0,0.0
3052652,0.0,0.0,1.0,0.0,0.0,0.0,0.0
3052675,0.0,0.0,1.0,0.0,1.0,0.0,0.0
3052678,0.0,0.0,1.0,0.0,0.0,0.0,0.0
3052679,0.0,0.0,1.0,0.0,1.0,0.0,0.0
3052680,0.0,0.0,1.0,0.0,0.0,0.0,0.0
3052682,0.0,0.0,1.0,0.0,1.0,0.0,0.0
3052683,0.0,0.0,1.0,0.0,0.0,0.0,0.0
3052736,0.0,0.0,1.0,0.0,1.0,0.0,0.0
3052737,0.0,0.0,1.0,0.0,0.0,0.0,0.0
3052740,0.0,0.0,1.0,0.0,1.0,0.0,0.0
3052742,0.0,0.0,1.0,0.0,0.0,0.0,0.0
3052743,0.0,0.0,1.0,0.0,1.0,0.0,0.0
3052746,0.0,0.0,1.0,0.0,0.0,0.0,0.0
3052747,0.0,0.0,1.0,0.0,1.0,0.0,0.0
3052748,0.0,0.0,1.0,0.0,0.0,0.0,0.0
3052749,0.0,0.0,1.0,0.0,1.0,0.0,0.0
3052750,0.0,0.0,1.0,0.0,0.0,0.0,0.0
3052751,0.0,0.0,1.0,0.0,1.0,0.0,0.0
3052753,0.0,0.0,1.0,0.0,0.0,0.0,0.0
3053032,0.0,0.0,0.0,0.0,0.0,0.0,0.0
3053584,0.0,0.0,1.0,0.0,0.0,0.0,0.0
3053588,0.0,0.0,1.0,0.0,1.0,0.0,0.0
3053594,0.0,0.0,1.0,0.0,0.0,0.0,0.0
3053595,0.0,0.0,1.0,0.0,1.0,0.0,0.0
3053598,0.0,0.0,1.0,0.0,0.0,0.0,0.0
3053633,0.0,0.0,0.0,0.0,0.0,0.0,0.0
3053634,0.0,0.0,1.0,0.0,0.0,0.0,0.0
3053688,0.0,0.0,0.0,0.0,0.0,0.0,0.0
3053690,0.0,0.0,1.0,0.0,0.0,0.0,0.0
3053692,0.0,0.0,0.0,0.0,0.0,0.0,0.0
3053694,0.0,0.0,1.0,0.0,0.0,0.0,0.0
3053696,0.0,0.0,0.0,0.0,0.0,0.0,0.0
3053697,0.0,0.0,1.0,0.0,0.0,0.0,0.0
3053700,0.0,0.0,0.0,0.0,0.0,0.0,0.0
3053707,0.0,0.0,1.0,0.0,0.0,0.0,0.0
3053708,0.0,0.0,0.0,0.0,0.0,0.0,0.0
3053711,0.0,0.0,1.0,0.0,0.0,0.0,0.0
3053716,0.0,0.0,0.0,0.0,0.0,0.0,0.0
3053719,0.0,0.0,1.0,0.0,0.0,0.0,0.0
3053720,0.0,0.0,0.0,0.0,0.0,0.0,0.0
3053721,0.0,0.0,1.0,0.0,0.0,0.0,0.0
3053728,0.0,0.0,0.0,0.0,0.0,0.0,0.0
3053739,0.0,0.0,1.0,0.0,0.0,0.0,0.0
3053743,0.0,0.0,0.0,0.0,0.0,0.0,0.0
3053744,0.0,0.0,1.0,0.0,0.0,0.0,0.0
3054564,0.0,0.0,0.0,0.0,0.0,0.0,0.0
3054567,0.0,0.0,1.0,0.0,0.0,0.0,0.0
3054568,0.0,0.0,0.0,0.0,0.0,0.0,0.0
3054570,0.0,0.0,1.0,0.0,0.0,0.0,0.0
3054612,0.0,0.0,0.0,0.0,0.0,0.0,0.0
3054613,0.0,0.0,1.0,0.0,0.0,0.0,0.0
3054627,0.0,0.0,0.0,0.0,0.0,0.0,0.0
3054634,0.0,0.0,1.0,0.0,0.0,0.0,0.0
3054677,0.0,0.0,1.0,0.0,1.0,0.0,0.0
3054678,0.0,0.0,1.0,0.0,0.0,0.0,0.0
3054879,0.0,0.0,0.0,0.0,0.0,0.0,0.0
3054885,0.0,0.0,1.0,0.0,0.0,0.0,0.0
3054910,0.0,0.0,0.0,0.0,0.0,0.0,0.0
3054912,0.0,0.0,1.0,0.0,0.0,0.0,0.0
3054914,0.0,0.0,0.0,0.0,0.0,0.0,0.0
3054915,0.0,0.0,1.0,0.0,0.0,0.0,0.0
3054922,0.0,0.0,0.0,0.0,0.0,0.0,0.0
3054988,0.0,0.0,1.0,0.0,0.0,0.0,0.0
3054993,0.0,0.0,0.0,0.0,0.0,0.0,0.0
3054994,0.0,0.0,1.0,0.0,0.0,0.0,0.0
3055000,0.0,0.0,0.0,0.0,0.0,0.0,0.0
3055003,0.0,0.0,1.0,0.0,0.0,0.0,0.0
3055010,0.0,0.0,1.0,0.0,1.0,0.0,0.0
3055011,0.0,0.0,1.0,0.0,0.0,0.0,0.0
3055040,0.0,0.0,0.0,0.0,0.0,0.0,0.0
3055043,0.0,0.0,1.0,0.0,0.0,0.0,0.0
3055048,0.0,0.0,0.0,0.0,0.0,0.0,0.0
3055050,0.0,0.0,1.0,0.0,0.0,0.0,0.0
3055051,0.0,0.0,0.0,0.0,0.0,0.0,0.0
3055054,0.0,0.0,1.0,0.0,0.0,0.0,0.0
3055055,0.0,0.0,0.0,0.0,0.0,0.0,0.0
3055057,0.0,0.0,1.0,0.0,0.0,0.0,0.0
3055138,0.0,0.0,0.0,0.0,0.0,0.0,0.0
3055140,0.0,0.0,1.0,0.0,0.0,0.0,0.0
3055150,0.0,0.0,0.0,0.0,0.0,0.0,0.0
3055151,0.0,0.0,1.0,0.0,0.0,0.0,0.0
3055169,0.0,0.0,0.0,0.0,0.0,0.0,0.0
3055170,0.0,0.0,1.0,0.0,0.0,0.0,0.0
3055181,0.0,0.0,0.0,0.0,0.0,0.0,0.0
3055183,0.0,0.0,1.0,0.0,0.0,0.0,0.0
3055185,0.0,0.0,0.0,0.0,0.0,0.0,0.0
3055186,0.0,0.0,1.0,0.0,0.0,0.0,0.0
3055197,0.0,0.0,0.0,0.0,0.0,0.0,0.0
3055200,0.0,0.0,1.0,0.0,0.0,0.0,0.0
3055232,0.0,0.0,0.0,0.0,0.0,0.0,0.0
3055234,0.0,0.0,1.0,0.0,0.0,0.0,0.0
3055264,0.0,0.0,0.0,0.0,0.0,0.0,0.0
3055266,0.0,0.0,1.0,0.0,0.0,0.0,0.0
3055267,0.0,0.0,0.0,0.0,0.0,0.0,0.0
3055376,0.0,0.0,1.0,0.0,0.0,0.0,0.0
3055377,0.0,0.0,0.0,0.0,0.0,0.0,0.0
3055378,0.0,0.0,1.0,0.0,0.0,0.0,0.0
3055385,0.0,0.0,0.0,0.0,0.0,0.0,0.0
3055408,0.0,0.0,1.0,0.0,0.0,0.0,0.0
3055409,0.0,0.0,0.0,0.0,0.0,0.0,0.0
3055416,0.0,0.0,1.0,0.0,0.0,0.0,0.0
3055417,0.0,0.0,0.0,0.0,0.0,0.0,0.0
3055997,0.0,0.0,0.0,0.0,1.0,0.0,0.0
3056000,0.0,0.0,0.0,0.0,0.0,0.0,0.0
3056001,0.0,0.0,0.0,0.0,1.0,0.0,0.0
3056002,0.0,0.0,0.0,0.0,0.0,0.0,0.0
3057770,0.0,0.0,0.0,0.0,1.0,0.0,0.0
3057771,0.0,0.0,0.0,0.0,0.0,0.0,0.0
3057972,0.0,0.0,0.0,0.0,1.0,0.0,0.0
3057973,0.0,0.0,0.0,0.0,0.0,0.0,0.0
3057974,0.0,0.0,0.0,0.0,1.0,0.0,0.0
3057975,0.0,0.0,0.0,0.0,0.0,0.0,0.0
3059127,0.0,0.0,0.0,0.0,1.0,0.0,0.0
3059128,0.0,0.0,0.0,0.0,0.0,0.0,0.0
3059129,0.0,0.0,0.0,0.0,1.0,0.0,0.0
3059133,0.0,0.0,0.0,0.0,0.0,0.0,0.0
3061897,0.0,0.0,0.0,0.0,1.0,0.0,0.0
3061902,0.0,0.0,0.0,0.0,0.0,0.0,0.0
3061903,0.0,0.0,0.0,0.0,1.0,0.0,0.0
3061904,0.0,0.0,0.0,0.0,0.0,0.0,0.0
3061915,0.0,0.0,0.0,0.0,1.0,0.0,0.0
3061916,0.0,0.0,0.0,0.0,0.0,0.0,0.0
3064089,0.0,0.0,0.0,1.0,0.0,0.0,0.0
3064090,0.0,0.0,0.0,1.0,1.0,0.0,0.0
3064091,0.0,0.0,0.0,0.0,0.0,0.0,0.0
3065648,0.0,0.0,0.0,0.0,1.0,0.0,0.0
3065649,0.0,0.0,0.0,0.0,0.0,0.0,0.0
3065803,0.0,0.0,0.0,0.0,1.0,0.0,0.0
3065804,0.0,0.0,0.0,0.0,0.0,0.0,0.0
3067163,0.0,0.0,0.0,0.0,1.0,0.0,0.0
3067164,0.0,0.0,0.0,0.0,0.0,0.0,0.0
3067749,0.0,0.0,0.0,0.0,1.0,0.0,0.0
3067750,0.0,0.0,0.0,0.0,0.0,0.0,0.0
3069153,0.0,0.0,0.0,0.0,1.0,0.0,0.0
3069156,0.0,0.0,0.0,0.0,2.0,0.0,0.0
3069157,0.0,0.0,0.0,0.0,0.0,0.0,0.0
3070225,0.0,0.0,0.0,0.0,1.0,0.0,0.0
3070227,0.0,0.0,0.0,0.0,2.0,0.0,0.0
3070228,0.0,0.0,0.0,0.0,0.0,0.0,0.0
3070496,0.0,0.0,0.0,0.0,1.0,0.0,0.0
3070497,0.0,0.0,0.0,0.0,0.0,0.0,0.0
3070604,0.0,0.0,0.0,0.0,1.0,0.0,0.0
3070605,0.0,0.0,0.0,0.0,0.0,0.0,0.0
3070858,0.0,0.0,0.0,0.0,1.0,0.0,0.0
3070859,0.0,0.0,0.0,0.0,0.0,0.0,0.0
3070860,0.0,0.0,0.0,0.0,1.0,0.0,0.0
3070864,0.0,0.0,0.0,0.0,2.0,0.0,0.0
3070865,0.0,0.0,0.0,0.0,0.0,0.0,0.0
3074197,0.0,0.0,0.0,0.0,1.0,0.0,0.0
3074201,0.0,0.0,0.0,0.0,0.0,0.0,0.0
3074202,0.0,0.0,0.0,0.0,1.0,0.0,0.0
3074205,0.0,0.0,0.0,0.0,0.0,0.0,0.0
3075367,0.0,0.0,0.0,0.0,1.0,0.0,0.0
3075368,0.0,0.0,0.0,0.0,0.0,0.0,0.0
3075379,0.0,0.0,0.0,0.0,1.0,0.0,0.0
3075380,0.0,0.0,0.0,0.0,0.0,0.0,0.0
3076360,0.0,0.0,0.0,0.0,1.0,0.0,0.0
3076361,0.0,0.0,0.0,0.0,0.0,0.0,0.0
3077111,0.0,0.0,0.0,0.0,1.0,0.0,0.0
3077112,0.0,0.0,0.0,0.0,0.0,0.0,0.0
3079915,0.0,0.0,0.0,0.0,1.0,0.0,0.0
3079916,0.0,0.0,0.0,0.0,0.0,0.0,0.0
3080273,0.0,0.0,0.0,0.0,1.0,0.0,0.0
3080278,0.0,0.0,0.0,0.0,0.0,0.0,0.0
3080279,0.0,0.0,0.0,0.0,1.0,0.0,0.0
3080280,0.0,0.0,0.0,0.0,0.0,0.0,0.0
3080337,0.0,0.0,0.0,0.0,1.0,0.0,0.0
3080338,0.0,0.0,0.0,0.0,0.0,0.0,0.0
3081426,0.0,0.0,0.0,0.0,1.0,0.0,0.0
3081429,0.0,0.0,0.0,0.0,0.0,0.0,0.0
3081430,0.0,0.0,0.0,0.0,1.0,0.0,0.0
3081431,0.0,0.0,0.0,0.0,0.0,0.0,0.0
3083196,0.0,0.0,0.0,0.0,1.0,0.0,0.0
3083197,0.0,0.0,0.0,0.0,0.0,0.0,0.0
3083210,0.0,0.0,0.0,0.0,1.0,0.0,0.0
3083211,0.0,0.0,0.0,0.0,0.0,0.0,0.0
3083647,0.0,0.0,0.0,0.0,1.0,0.0,0.0
3083650,0.0,0.0,0.0,0.0,0.0,0.0,0.0
3084135,0.0,0.0,0.0,0.0,1.0,0.0,0.0
3084136,0.0,0.0,0.0,0.0,0.0,0.0,0.0
3085625,0.0,0.0,0.0,0.0,1.0,0.0,0.0
3085626,0.0,0.0,0.0,0.0,0.0,0.0,0.0
3085891,0.0,0.0,0.0,0.0,1.0,0.0,0.0
3085893,0.0,0.0,0.0,0.0,2.0,0.0,0.0
3085894,0.0,0.0,0.0,0.0,0.0,0.0,0.0
3087219,0.0,0.0,0.0,0.0,1.0,0.0,0.0
3087220,0.0,0.0,0.0,0.0,0.0,0.0,0.0
3088661,0.0,0.0,0.0,0.0,1.0,0.0,0.0
3088662,0.0,0.0,0.0,0.0,0.0,0.0,0.0
3088953,0.0,0.0,0.0,0.0,1.0,0.0,0.0
3088956,0.0,0.0,0.0,0.0,0.0,0.0,0.0
3089120,0.0,0.0,0.0,0.0,1.0,0.0,0.0
3089121,0.0,0.0,0.0,0.0,0.0,0.0,0.0
3089122,0.0,0.0,0.0,0.0,1.0,0.0,0.0
3089123,0.0,0.0,0.0,0.0,0.0,0.0,0.0
3089124,0.0,0.0,0.0,0.0,1.0,0.0,0.0
3089127,0.0,0.0,0.0,0.0,2.0,0.0,0.0
3089128,0.0,0.0,0.0,0.0,0.0,0.0,0.0
3091684,0.0,0.0,0.0,0.0,1.0,0.0,0.0
3091686,0.0,0.0,0.0,0.0,0.0,0.0,0.0
3091687,0.0,0.0,0.0,0.0,1.0,0.0,0.0
3091690,0.0,0.0,0.0,0.0,0.0,0.0,0.0
3091812,0.0,0.0,0.0,0.0,1.0,0.0,0.0
3091813,0.0,0.0,0.0,0.0,0.0,0.0,0.0
3092145,0.0,0.0,0.0,0.0,1.0,0.0,0.0
3092149,0.0,0.0,0.0,0.0,0.0,0.0,0.0
3092967,0.0,0.0,0.0,0.0,1.0,0.0,0.0
3092968,0.0,0.0,0.0,0.0,0.0,0.0,0.0
3092969,0.0,0.0,0.0,0.0,1.0,0.0,0.0
3092972,0.0,0.0,0.0,0.0,0.0,0.0,0.0
3093162,0.0,0.0,0.0,0.0,1.0,0.0,0.0
3093163,0.0,0.0,0.0,0.0,0.0,0.0,0.0
3093164,0.0,0.0,0.0,0.0,1.0,0.0,0.0
3093165,0.0,0.0,0.0,0.0,0.0,0.0,0.0
3093166,0.0,0.0,0.0,0.0,1.0,0.0,0.0
3093168,0.0,0.0,0.0,0.0,2.0,0.0,0.0
3093169,0.0,0.0,0.0,0.0,0.0,0.0,0.0
3093450,0.0,0.0,0.0,0.0,1.0,0.0,0.0
3093453,0.0,0.0,0.0,0.0,0.0,0.0,0.0
3093454,0.0,0.0,0.0,0.0,1.0,0.0,0.0
3093458,0.0,0.0,0.0,0.0,0.0,0.0,0.0
3093464,0.0,0.0,0.0,0.0,1.0,0.0,0.0
3093465,0.0,0.0,0.0,0.0,0.0,0.0,0.0
3094186,0.0,0.0,0.0,0.0,1.0,0.0,0.0
3094187,0.0,0.0,0.0,0.0,0.0,0.0,0.0
3094820,0.0,0.0,0.0,0.0,1.0,0.0,0.0
3094821,0.0,0.0,0.0,0.0,0.0,0.0,0.0
3094822,0.0,0.0,0.0,0.0,1.0,0.0,0.0
3094824,0.0,0.0,0.0,0.0,0.0,0.0,0.0
3094825,0.0,0.0,0.0,0.0,1.0,0.0,0.0
3094829,0.0,0.0,0.0,0.0,2.0,0.0,0.0
3094830,0.0,0.0,0.0,0.0,0.0,0.0,0.0
3096047,0.0,0.0,0.0,0.0,1.0,0.0,0.0
3096051,0.0,0.0,0.0,0.0,0.0,0.0,0.0
3096830,0.0,0.0,0.0,1.0,0.0,0.0,0.0
3096832,0.0,0.0,0.0,0.0,0.0,0.0,0.0
3096833,0.0,0.0,0.0,1.0,0.0,0.0,0.0
3096834,0.0,0.0,0.0,0.0,0.0,0.0,0.0
3098038,0.0,0.0,0.0,0.0,1.0,0.0,0.0
3098039,0.0,0.0,0.0,0.0,0.0,0.0,0.0
3098305,0.0,0.0,0.0,0.0,1.0,0.0,0.0
3098306,0.0,0.0,0.0,0.0,0.0,0.0,0.0
3098349,0.0,0.0,0.0,0.0,1.0,0.0,0.0
3098350,0.0,0.0,0.0,0.0,0.0,0.0,0.0
3098614,0.0,0.0,0.0,0.0,1.0,0.0,0.0
3098618,0.0,0.0,0.0,0.0,0.0,0.0,0.0
3098944,0.0,0.0,0.0,0.0,1.0,0.0,0.0
3098946,0.0,0.0,0.0,0.0,0.0,0.0,0.0
3099305,0.0,0.0,0.0,0.0,1.0,0.0,0.0
3099306,0.0,0.0,0.0,0.0,0.0,0.0,0.0
3099308,0.0,0.0,0.0,0.0,1.0,0.0,0.0
3099313,0.0,0.0,0.0,0.0,0.0,0.0,0.0
3105363,0.0,0.0,0.0,0.0,1.0,0.0,0.0
3105364,0.0,0.0,0.0,0.0,0.0,0.0,0.0
3109259,0.0,0.0,0.0,0.0,1.0,0.0,0.0
3109260,0.0,0.0,0.0,0.0,0.0,0.0,0.0
3111145,0.0,0.0,0.0,0.0,1.0,0.0,0.0
3111146,0.0,0.0,0.0,0.0,0.0,0.0,0.0
3114114,0.0,0.0,0.0,0.0,1.0,0.0,0.0
3114115,0.0,0.0,0.0,0.0,0.0,0.0,0.0
3114118,0.0,0.0,0.0,0.0,1.0,0.0,0.0
3114120,0.0,0.0,0.0,0.0,0.0,0.0,0.0
3114391,0.0,0.0,0.0,0.0,1.0,0.0,0.0
3114392,0.0,0.0,0.0,0.0,0.0,0.0,0.0
3116360,0.0,0.0,0.0,0.0,1.0,0.0,0.0
3116361,0.0,0.0,0.0,0.0,0.0,0.0,0.0
3116367,0.0,0.0,0.0,0.0,1.0,0.0,0.0
3116373,0.0,0.0,0.0,0.0,0.0,0.0,0.0
3116386,0.0,0.0,0.0,0.0,1.0,0.0,0.0
3116387,0.0,0.0,0.0,0.0,0.0,0.0,0.0
3116830,0.0,0.0,0.0,0.0,1.0,0.0,0.0
3116833,0.0,0.0,0.0,0.0,0.0,0.0,0.0
3116834,0.0,0.0,0.0,0.0,1.0,0.0,0.0
3116836,0.0,0.0,0.0,0.0,0.0,0.0,0.0
3120478,0.0,0.0,0.0,0.0,1.0,0.0,0.0
3120479,0.0,0.0,0.0,0.0,0.0,0.0,0.0
3120480,0.0,0.0,0.0,0.0,1.0,0.0,0.0
3120481,0.0,0.0,0.0,0.0,0.0,0.0,0.0
3120483,0.0,0.0,0.0,0.0,1.0,0.0,0.0
3120484,0.0,0.0,0.0,0.0,0.0,0.0,0.0
3121658,0.0,0.0,0.0,0.0,1.0,0.0,0.0
3121661,0.0,0.0,0.0,0.0,0.0,0.0,0.0
3122838,0.0,0.0,0.0,0.0,1.0,0.0,0.0
3122839,0.0,0.0,0.0,0.0,0.0,0.0,0.0
3125996,0.0,0.0,0.0,0.0,1.0,0.0,0.0
3125998,0.0,0.0,0.0,0.0,0.0,0.0,0.0
3129085,0.0,0.0,0.0,0.0,1.0,0.0,0.0
3129087,0.0,0.0,0.0,0.0,0.0,0.0,0.0
3129091,0.0,0.0,0.0,0.0,1.0,0.0,0.0
3129092,0.0,0.0,0.0,0.0,0.0,0.0,0.0
3129212,0.0,0.0,0.0,0.0,1.0,0.0,0.0
3129213,0.0,0.0,0.0,0.0,0.0,0.0,0.0
3129229,0.0,0.0,0.0,0.0,1.0,0.0,0.0
3129230,0.0,0.0,0.0,0.0,0.0,0.0,0.0
3130869,0.0,0.0,0.0,0.0,1.0,0.0,0.0
3130871,0.0,0.0,0.0,0.0,0.0,0.0,0.0
3131848,0.0,0.0,0.0,0.0,1.0,0.0,0.0
3131850,0.0,0.0,0.0,0.0,0.0,0.0,0.0
3133926,0.0,0.0,0.0,1.0,0.0,0.0,0.0
3133929,0.0,0.0,0.0,0.0,0.0,0.0,0.0
3134150,0.0,0.0,0.0,0.0,1.0,0.0,0.0
3134151,0.0,0.0,0.0,0.0,0.0,0.0,0.0
3134156,0.0,0.0,0.0,0.0,1.0,0.0,0.0
3134157,0.0,0.0,0.0,0.0,0.0,0.0,0.0
3134158,0.0,0.0,0.0,0.0,1.0,0.0,0.0
3134160,0.0,0.0,0.0,0.0,2.0,0.0,0.0
3134161,0.0,0.0,0.0,0.0,0.0,0.0,0.0
3145088,0.0,0.0,0.0,0.0,1.0,0.0,0.0
3145089,0.0,0.0,0.0,0.0,0.0,0.0,0.0
3145724,0.0,0.0,0.0,0.0,1.0,0.0,0.0
3145725,0.0,0.0,0.0,0.0,0.0,0.0,0.0
3145726,0.0,0.0,0.0,0.0,1.0,0.0,0.0
3145728,0.0,0.0,0.0,0.0,0.0,0.0,0.0
3145732,0.0,0.0,0.0,0.0,1.0,0.0,0.0
3145733,0.0,0.0,0.0,0.0,0.0,0.0,0.0
3145734,0.0,0.0,0.0,0.0,1.0,0.0,0.0
3145735,0.0,0.0,0.0,0.0,0.0,0.0,0.0
3146179,0.0,0.0,0.0,0.0,1.0,0.0,0.0
3146181,0.0,0.0,0.0,0.0,2.0,0.0,0.0
3146182,0.0,0.0,0.0,0.0,0.0,0.0,0.0
3149258,0.0,0.0,0.0,0.0,1.0,0.0,0.0
3149259,0.0,0.0,0.0,0.0,0.0,0.0,0.0
3150278,0.0,0.0,0.0,0.0,1.0,0.0,0.0
3150279,0.0,0.0,0.0,0.0,0.0,0.0,0.0
3150803,0.0,0.0,0.0,0.0,1.0,0.0,0.0
3150804,0.0,0.0,0.0,0.0,0.0,0.0,0.0
3150805,0.0,0.0,0.0,0.0,1.0,0.0,0.0
3150806,0.0,0.0,0.0,0.0,0.0,0.0,0.0
3150807,0.0,0.0,0.0,0.0,1.0,0.0,0.0
3150809,0.0,0.0,0.0,0.0,0.0,0.0,0.0
3151455,0.0,0.0,0.0,0.0,1.0,0.0,0.0
3151456,0.0,0.0,0.0,0.0,0.0,0.0,0.0
3151535,0.0,0.0,0.0,0.0,1.0,0.0,0.0
3151539,0.0,0.0,0.0,0.0,2.0,0.0,0.0
3151540,0.0,0.0,0.0,0.0,0.0,0.0,0.0
3154569,0.0,0.0,0.0,0.0,1.0,0.0,0.0
3154570,0.0,0.0,0.0,0.0,0.0,0.0,0.0
3155445,0.0,0.0,0.0,0.0,1.0,0.0,0.0
3155446,0.0,0.0,0.0,0.0,0.0,0.0,0.0
3155447,0.0,0.0,0.0,0.0,1.0,0.0,0.0
3155448,0.0,0.0,0.0,0.0,0.0,0.0,0.0
3155549,0.0,0.0,0.0,0.0,1.0,0.0,0.0
3155550,0.0,0.0,0.0,0.0,2.0,0.0,0.0
3155551,0.0,0.0,0.0,0.0,0.0,0.0,0.0
3157845,0.0,0.0,0.0,0.0,1.0,0.0,0.0
3157847,0.0,0.0,0.0,0.0,0.0,0.0,0.0
3158250,0.0,0.0,0.0,0.0,1.0,0.0,0.0
3158252,0.0,0.0,0.0,0.0,0.0,0.0,0.0
3158259,0.0,0.0,0.0,0.0,1.0,0.0,0.0
3158260,0.0,0.0,0.0,0.0,0.0,0.0,0.0
3159653,0.0,0.0,0.0,0.0,1.0,0.0,0.0
3159656,0.0,0.0,0.0,0.0,2.0,0.0,0.0
3159657,0.0,0.0,0.0,0.0,0.0,0.0,0.0
3160296,0.0,0.0,0.0,0.0,1.0,0.0,0.0
3160297,0.0,0.0,0.0,0.0,0.0,0.0,0.0
3161950,0.0,0.0,0.0,0.0,1.0,0.0,0.0
3161951,0.0,0.0,0.0,0.0,0.0,0.0,0.0
3164530,0.0,0.0,0.0,0.0,1.0,0.0,0.0
3164531,0.0,0.0,0.0,0.0,0.0,0.0,0.0
3164532,0.0,0.0,0.0,0.0,1.0,0.0,0.0
3164533,0.0,0.0,0.0,0.0,0.0,0.0,0.0
3166935,0.0,0.0,0.0,0.0,1.0,0.0,0.0
3166936,0.0,0.0,0.0,0.0,0.0,0.0,0.0
3167654,0.0,0.0,0.0,0.0,1.0,0.0,0.0
3167658,0.0,0.0,0.0,0.0,0.0,0.0,0.0
3167661,0.0,0.0,0.0,0.0,1.0,0.0,0.0
3167663,0.0,0.0,0.0,0.0,0.0,0.0,0.0
3168602,0.0,0.0,0.0,0.0,1.0,0.0,0.0
3168603,0.0,0.0,0.0,0.0,0.0,0.0,0.0
3169285,0.0,0.0,0.0,1.0,0.0,0.0,0.0
3169286,0.0,0.0,0.0,0.0,0.0,0.0,0.0
3169766,0.0,0.0,0.0,0.0,1.0,0.0,0.0
3169767,0.0,0.0,0.0,0.0,0.0,0.0,0.0
3169781,0.0,0.0,0.0,0.0,1.0,0.0,0.0
3169784,0.0,0.0,0.0,0.0,0.0,0.0,0.0
3169796,0.0,0.0,0.0,0.0,1.0,0.0,0.0
3169802,0.0,0.0,0.0,0.0,0.0,0.0,0.0
3169803,0.0,0.0,0.0,0.0,1.0,0.0,0.0
3169805,0.0,0.0,0.0,0.0,0.0,0.0,0.0
3170839,0.0,0.0,0.0,0.0,1.0,0.0,0.0
3170840,0.0,0.0,0.0,0.0,0.0,0.0,0.0
3171921,0.0,0.0,0.0,0.0,1.0,0.0,0.0
3171923,0.0,0.0,0.0,0.0,0.0,0.0,0.0
3171933,0.0,0.0,0.0,0.0,1.0,0.0,0.0
3171934,0.0,0.0,0.0,0.0,0.0,0.0,0.0
3173549,0.0,0.0,0.0,0.0,1.0,0.0,0.0
3173550,0.0,0.0,0.0,0.0,0.0,0.0,0.0
3173909,0.0,0.0,0.0,0.0,1.0,0.0,0.0
3173910,0.0,0.0,0.0,0.0,0.0,0.0,0.0
3176485,0.0,0.0,0.0,0.0,1.0,0.0,0.0
3176486,0.0,0.0,0.0,0.0,0.0,0.0,0.0
3178141,0.0,0.0,0.0,0.0,1.0,0.0,0.0
3178142,0.0,0.0,0.0,0.0,0.0,0.0,0.0
3180153,0.0,0.0,0.0,0.0,1.0,0.0,0.0
3180154,0.0,0.0,0.0,0.0,0.0,0.0,0.0
3181977,0.0,0.0,0.0,0.0,1.0,0.0,0.0
3181980,0.0,0.0,0.0,0.0,0.0,0.0,0.0
3182162,0.0,0.0,0.0,0.0,1.0,0.0,0.0
3182163,0.0,0.0,0.0,0.0,0.0,0.0,0.0
3182165,0.0,0.0,0.0,0.0,1.0,0.0,0.0
3182168,0.0,0.0,0.0,0.0,0.0,0.0,0.0
3184397,0.0,0.0,0.0,0.0,1.0,0.0,0.0
3184400,0.0,0.0,0.0,0.0,0.0,0.0,0.0
3184416,0.0,0.0,0.0,0.0,1.0,0.0,0.0
3184419,0.0,0.0,0.0,0.0,0.0,0.0,0.0
3184424,0.0,0.0,0.0,0.0,1.0,0.0,0.0
3184425,0.0,0.0,0.0,0.0,0.0,0.0,0.0
3185471,0.0,0.0,0.0,0.0,1.0,0.0,0.0
3185474,0.0,0.0,0.0,0.0,2.0,0.0,0.0
3185475,0.0,0.0,0.0,0.0,0.0,0.0,0.0
3189739,0.0,0.0,0.0,0.0,1.0,0.0,0.0
3189741,0.0,0.0,0.0,0.0,0.0,0.0,0.0
3189742,0.0,0.0,0.0,0.0,1.0,0.0,0.0
3189743,0.0,0.0,0.0,0.0,0.0,0.0,0.0
3191232,0.0,0.0,0.0,0.0,1.0,0.0,0.0
3191233,0.0,0.0,0.0,0.0,0.0,0.0,0.0
3193674,0.0,0.0,0.0,0.0,1.0,0.0,0.0
3193675,0.0,0.0,0.0,0.0,0.0,0.0,0.0
3195102,0.0,0.0,0.0,0.0,1.0,0.0,0.0
3195103,0.0,0.0,0.0,0.0,0.0,0.0,0.0
3195105,0.0,0.0,0.0,0.0,1.0,0.0,0.0
3195108,0.0,0.0,0.0,0.0,0.0,0.0,0.0
3195110,0.0,0.0,0.0,0.0,1.0,0.0,0.0
3195111,0.0,0.0,0.0,0.0,0.0,0.0,0.0
3195112,0.0,0.0,0.0,0.0,1.0,0.0,0.0
3195113,0.0,0.0,0.0,0.0,0.0,0.0,0.0
3195114,0.0,0.0,0.0,0.0,1.0,0.0,0.0
3195118,0.0,0.0,0.0,0.0,0.0,0.0,0.0
3195123,0.0,0.0,0.0,0.0,1.0,0.0,0.0
3195124,0.0,0.0,0.0,0.0,0.0,0.0,0.0
3195130,0.0,0.0,0.0,0.0,1.0,0.0,0.0
3195133,0.0,0.0,0.0,0.0,2.0,0.0,0.0
3195134,0.0,0.0,0.0,0.0,0.0,0.0,0.0
3195807,0.0,0.0,0.0,0.0,1.0,0.0,0.0
3195808,0.0,0.0,0.0,0.0,0.0,0.0,0.0
3200000,0.0,0.0,0.0,0.0,0.0,0.0,1.0
3200001,0.0,0.0,0.0,0.0,0.0,0.0,0.0
3200045,0.0,0.0,0.0,0.0,1.0,0.0,0.0
3200047,0.0,0.0,0.0,0.0,0.0,0.0,0.0
3200050,0.0,0.0,0.0,0.0,1.0,0.0,0.0
3200051,0.0,0.0,0.0,0.0,0.0,0.0,0.0
3200053,0.0,0.0,0.0,0.0,1.0,0.0,0.0
3200054,0.0,0.0,0.0,0.0,0.0,0.0,0.0
3200703,0.0,0.0,0.0,0.0,1.0,0.0,0.0
3200705,0.0,0.0,0.0,0.0,0.0,0.0,0.0
3200714,0.0,0.0,0.0,0.0,1.0,0.0,0.0
3200715,0.0,0.0,0.0,0.0,0.0,0.0,0.0
3201253,0.0,0.0,0.0,0.0,1.0,0.0,0.0
3201254,0.0,0.0,0.0,0.0,0.0,0.0,0.0
3201279,0.0,0.0,0.0,0.0,1.0,0.0,0.0
3201282,0.0,0.0,0.0,0.0,0.0,0.0,0.0
3201364,0.0,0.0,0.0,0.0,1.0,0.0,0.0
3201365,0.0,0.0,0.0,0.0,0.0,0.0,0.0
3201366,0.0,0.0,0.0,0.0,1.0,0.0,0.0
3201369,0.0,0.0,0.0,0.0,0.0,0.0,0.0
3201371,0.0,0.0,0.0,0.0,1.0,0.0,0.0
3201372,0.0,0.0,0.0,0.0,0.0,0.0,0.0
3201381,0.0,0.0,0.0,0.0,1.0,0.0,0.0
3201382,0.0,0.0,0.0,0.0,0.0,0.0,0.0
3202425,2.0,0.0,0.0,0.0,0.0,1.0,0.0
3202426,0.0,0.0,0.0,0.0,0.0,0.0,0.0
3203452,0.0,0.0,1.0,0.0,0.0,0.0,0.0
3203455,0.0,0.0,0.0,0.0,0.0,0.0,0.0
3203456,0.0,0.0,1.0,0.0,0.0,0.0,0.0
3203482,0.0,0.0,1.0,0.0,1.0,0.0,0.0
3203483,0.0,0.0,1.0,0.0,0.0,0.0,0.0
3203484,0.0,0.0,1.0,0.0,1.0,0.0,0.0
3203485,0.0,0.0,1.0,0.0,0.0,0.0,0.0
3203513,0.0,0.0,0.0,0.0,0.0,0.0,0.0
3203518,0.0,0.0,1.0,0.0,0.0,0.0,0.0
3203521,0.0,0.0,0.0,0.0,0.0,0.0,0.0
3203523,0.0,0.0,1.0,0.0,0.0,0.0,0.0
3203546,0.0,0.0,0.0,0.0,0.0,0.0,0.0
3203549,0.0,0.0,1.0,0.0,0.0,0.0,0.0
3203571,0.0,0.0,0.0,0.0,0.0,0.0,0.0
3203945,0.0,0.0,0.0,1.0,1.0,0.0,0.0
3203946,0.0,0.0,0.0,0.0,0.0,0.0,0.0
3203998,0.0,0.0,1.0,0.0,0.0,0.0,0.0
3204000,0.0,0.0,0.0,0.0,0.0,0.0,0.0
3204002,0.0,0.0,1.0,0.0,0.0,0.0,0.0
3204005,0.0,0.0,1.0,0.0,1.0,0.0,0.0
3204006,0.0,0.0,1.0,0.0,0.0,0.0,0.0
3204028,0.0,0.0,0.0,0.0,0.0,0.0,0.0
3204036,0.0,0.0,1.0,0.0,0.0,0.0,0.0
3204037,0.0,0.0,0.0,0.0,0.0,0.0,0.0
3204039,0.0,0.0,1.0,0.0,0.0,0.0,0.0
3204041,0.0,0.0,0.0,0.0,0.0,0.0,0.0
3204042,0.0,0.0,1.0,0.0,0.0,0.0,0.0
3204045,0.0,0.0,0.0,0.0,0.0,0.0,0.0
3204046,0.0,0.0,1.0,0.0,0.0,0.0,0.0
3204061,0.0,0.0,0.0,0.0,0.0,0.0,0.0
3204064,0.0,0.0,1.0,0.0,0.0,0.0,0.0
3204065,0.0,0.0,0.0,0.0,0.0,0.0,0.0
3204067,0.0,0.0,1.0,0.0,0.0,0.0,0.0
3204074,0.0,0.0,0.0,0.0,0.0,0.0,0.0
3204079,0.0,0.0,1.0,0.0,0.0,0.0,0.0
3204413,0.0,0.0,1.0,0.0,1.0,0.0,0.0
3204414,0.0,0.0,1.0,0.0,0.0,0.0,0.0
3204686,0.0,0.0,0.0,0.0,0.0,0.0,0.0
3204767,0.0,0.0,1.0,0.0,0.0,0.0,0.0
3204769,0.0,0.0,1.0,0.0,1.0,0.0,0.0
3204774,0.0,0.0,1.0,0.0,2.0,0.0,0.0
3204775,0.0,0.0,1.0,0.0,0.0,0.0,0.0
3204777,0.0,0.0,1.0,1.0,0.0,0.0,0.0
3204778,0.0,0.0,1.0,0.0,0.0,0.0,0.0
3208439,0.0,0.0,1.0,0.0,1.0,0.0,0.0
3208440,0.0,0.0,1.0,0.0,0.0,0.0,0.0
3208865,0.0,0.0,1.0,0.0,1.0,0.0,0.0
3208866,0.0,0.0,1.0,0.0,0.0,0.0,0.0
3210578,0.0,0.0,1.0,0.0,1.0,0.0,0.0
3210579,0.0,0.0,1.0,0.0,2.0,0.0,0.0
3210580,0.0,0.0,1.0,0.0,0.0,0.0,0.0
3211496,0.0,0.0,1.0,0.0,1.0,0.0,0.0
3211497,0.0,0.0,1.0,0.0,0.0,0.0,0.0
3213757,0.0,0.0,1.0,0.0,1.0,0.0,0.0
3213760,0.0,0.0,1.0,0.0,0.0,0.0,0.0
3213761,0.0,0.0,1.0,0.0,1.0,0.0,0.0
3213762,0.0,0.0,1.0,0.0,0.0,0.0,0.0
3213794,0.0,0.0,1.0,0.0,1.0,0.0,0.0
3213795,0.0,0.0,1.0,0.0,0.0,0.0,0.0
3213801,0.0,0.0,1.0,0.0,1.0,0.0,0.0
3213802,0.0,0.0,1.0,0.0,0.0,0.0,0.0
3213803,0.0,0.0,1.0,0.0,1.0,0.0,0.0
3213804,0.0,0.0,1.0,0.0,0.0,0.0,0.0
3213805,0.0,0.0,1.0,0.0,1.0,0.0,0.0
3213806,0.0,0.0,1.0,0.0,0.0,0.0,0.0
3215382,0.0,0.0,1.0,0.0,1.0,0.0,0.0
3215385,0.0,0.0,1.0,0.0,0.0,0.0,0.0
3218645,0.0,0.0,1.0,1.0,0.0,0.0,0.0
3218646,0.0,0.0,1.0,0.0,0.0,0.0,0.0
3219192,0.0,0.0,1.0,0.0,1.0,0.0,0.0
3219193,0.0,0.0,1.0,0.0,0.0,0.0,0.0
3219867,0.0,0.0,1.0,0.0,1.0,0.0,0.0
3219868,0.0,0.0,1.0,0.0,0.0,0.0,0.0
3220214,0.0,0.0,1.0,0.0,1.0,0.0,0.0
3220215,0.0,0.0,1.0,0.0,0.0,0.0,0.0
3220533,0.0,0.0,1.0,0.0,1.0,0.0,0.0
3220534,0.0,0.0,1.0,0.0,0.0,0.0,0.0
3220871,0.0,0.0,1.0,0.0,1.0,0.0,0.0
3220875,0.0,0.0,1.0,0.0,2.0,0.0,0.0
3220876,0.0,0.0,1.0,0.0,0.0,0.0,0.0
3222066,0.0,0.0,1.0,0.0,1.0,0.0,0.0
3222069,0.0,0.0,1.0,0.0,0.0,0.0,0.0
3223329,0.0,2.0,1.0,0.0,0.0,0.0,0.0
3223330,0.0,0.0,1.0,0.0,0.0,0.0,0.0
3223910,0.0,0.0,1.0,0.0,1.0,0.0,0.0
3223911,0.0,0.0,1.0,0.0,0.0,0.0,0.0
3224053,0.0,0.0,1.0,0.0,1.0,0.0,0.0
3224054,0.0,0.0,1.0,0.0,0.0,0.0,0.0
3224064,0.0,0.0,1.0,0.0,1.0,0.0,0.0
3224065,0.0,0.0,1.0,0.0,0.0,0.0,0.0
3224535,0.0,0.0,1.0,0.0,1.0,0.0,0.0
3224537,0.0,0.0,1.0,0.0,0.0,0.0,0.0
3224538,0.0,0.0,1.0,0.0,1.0,0.0,0.0
3224539,0.0,0.0,1.0,0.0,0.0,0.0,0.0
3224677,0.0,0.0,1.0,0.0,1.0,0.0,0.0
3224678,0.0,0.0,1.0,0.0,0.0,0.0,0.0
3224681,0.0,0.0,1.0,0.0,1.0,0.0,0.0
3224683,0.0,0.0,1.0,0.0,0.0,0.0,0.0
3224684,0.0,0.0,1.0,0.0,1.0,0.0,0.0
3224685,0.0,0.0,1.0,0.0,0.0,0.0,0.0
3224694,0.0,0.0,1.0,0.0,1.0,0.0,0.0
3224696,0.0,0.0,1.0,0.0,0.0,0.0,0.0
3224697,0.0,0.0,1.0,0.0,1.0,0.0,0.0
3224698,0.0,0.0,1.0,0.0,0.0,0.0,0.0
3224715,0.0,0.0,1.0,0.0,1.0,0.0,0.0
3224716,0.0,0.0,1.0,0.0,0.0,0.0,0.0
3224731,0.0,0.0,1.0,0.0,1.0,0.0,0.0
3224736,0.0,0.0,1.0,0.0,2.0,0.0,0.0
3224737,0.0,0.0,1.0,0.0,0.0,0.0,0.0
3224900,0.0,0.0,1.0,0.0,1.0,0.0,0.0
3224901,0.0,0.0,1.0,0.0,0.0,0.0,0.0
3224904,0.0,0.0,1.0,0.0,1.0,0.0,0.0
3224910,0.0,0.0,1.0,0.0,0.0,0.0,0.0
3225089,0.0,0.0,1.0,0.0,1.0,0.0,0.0
3225093,0.0,0.0,1.0,0.0,0.0,0.0,0.0
3225097,0.0,0.0,1.0,0.0,1.0,0.0,0.0
3225098,0.0,0.0,1.0,0.0,0.0,0.0,0.0
3225099,0.0,0.0,1.0,0.0,1.0,0.0,0.0
3225103,0.0,0.0,1.0,0.0,0.0,0.0,0.0
3225107,0.0,0.0,1.0,0.0,1.0,0.0,0.0
3225108,0.0,0.0,1.0,0.0,0.0,0.0,0.0
3225377,0.0,2.0,1.0,0.0,0.0,0.0,0.0
3225378,0.0,0.0,1.0,0.0,0.0,0.0,0.0
3225379,0.0,0.0,1.0,0.0,1.0,0.0,0.0
3225381,0.0,0.0,1.0,0.0,0.0,0.0,0.0
3226189,0.0,0.0,1.0,0.0,1.0,0.0,0.0
3226192,0.0,0.0,1.0,0.0,0.0,0.0,0.0
3226193,0.0,0.0,1.0,0.0,1.0,0.0,0.0
3226196,0.0,0.0,1.0,0.0,0.0,0.0,0.0
3226218,0.0,0.0,1.0,0.0,1.0,0.0,0.0
3226219,0.0,0.0,1.0,0.0,0.0,0.0,0.0
3226606,0.0,0.0,1.0,0.0,1.0,0.0,0.0
3226607,0.0,0.0,1.0,0.0,0.0,0.0,0.0
3227485,0.0,0.0,1.0,0.0,1.0,0.0,0.0
3227490,0.0,0.0,1.0,0.0,0.0,0.0,0.0
3227491,0.0,0.0,1.0,0.0,1.0,0.0,0.0
3227493,0.0,0.0,1.0,0.0,2.0,0.0,0.0
3227494,0.0,0.0,1.0,0.0,0.0,0.0,0.0
3227846,0.0,0.0,1.0,0.0,1.0,0.0,0.0
3227851,0.0,0.0,1.0,0.0,0.0,0.0,0.0
3228124,0.0,0.0,1.0,0.0,1.0,0.0,0.0
3228125,0.0,0.0,1.0,0.0,0.0,0.0,0.0
3228126,0.0,0.0,1.0,0.0,1.0,0.0,0.0
3228127,0.0,0.0,1.0,0.0,0.0,0.0,0.0
3228129,0.0,0.0,1.0,0.0,1.0,0.0,0.0
3228130,0.0,0.0,1.0,0.0,0.0,0.0,0.0
3228894,0.0,0.0,1.0,0.0,1.0,0.0,0.0
3228895,0.0,0.0,1.0,0.0,0.0,0.0,0.0
3228896,0.0,0.0,1.0,0.0,1.0,0.0,0.0
3228897,0.0,0.0,1.0,0.0,0.0,0.0,0.0
3229348,0.0,0.0,1.0,0.0,1.0,0.0,0.0
3229350,0.0,0.0,1.0,0.0,2.0,0.0,0.0
3229351,0.0,0.0,1.0,0.0,0.0,0.0,0.0
3230658,0.0,0.0,1.0,0.0,1.0,0.0,0.0
3230659,0.0,0.0,1.0,0.0,0.0,0.0,0.0
3230665,0.0,0.0,1.0,0.0,1.0,0.0,0.0
3230666,0.0,0.0,1.0,0.0,0.0,0.0,0.0
3231317,0.0,0.0,1.0,0.0,1.0,0.0,0.0
3231318,0.0,0.0,1.0,1.0,1.0,0.0,0.0
3231319,0.0,0.0,1.0,0.0,1.0,0.0,0.0
3231320,0.0,0.0,1.0,1.0,1.0,0.0,0.0
3231321,0.0,0.0,1.0,2.0,2.0,1.0,0.0
3231322,0.0,0.0,0.0,0.0,0.0,0.0,0.0
3231965,0.0,0.0,1.0,0.0,0.0,0.0,0.0
3231966,0.0,0.0,0.0,0.0,0.0,0.0,0.0
3231971,0.0,0.0,1.0,0.0,0.0,0.0,0.0
3231982,0.0,0.0,0.0,0.0,0.0,0.0,0.0
3232043,0.0,0.0,1.0,0.0,0.0,0.0,0.0
3232136,0.0,0.0,0.0,0.0,0.0,0.0,0.0
3232138,0.0,0.0,1.0,0.0,0.0,0.0,0.0
3232140,0.0,0.0,0.0,0.0,0.0,0.0,0.0
3232143,0.0,0.0,1.0,0.0,0.0,0.0,0.0
3232144,0.0,0.0,0.0,0.0,0.0,0.0,0.0
3232150,0.0,0.0,1.0,0.0,0.0,0.0,0.0
3232152,0.0,0.0,0.0,0.0,0.0,0.0,0.0
3232153,0.0,0.0,1.0,0.0,0.0,0.0,0.0
3232160,0.0,0.0,0.0,0.0,0.0,0.0,0.0
3232174,0.0,0.0,1.0,0.0,0.0,0.0,0.0
3232175,0.0,0.0,0.0,0.0,0.0,0.0,0.0
3232176,0.0,0.0,1.0,0.0,0.0,0.0,0.0
3232183,0.0,0.0,0.0,0.0,0.0,0.0,0.0
3232679,0.0,0.0,0.0,0.0,1.0,0.0,0.0
3232682,0.0,0.0,0.0,0.0,0.0,0.0,0.0
3232699,0.0,0.0,0.0,0.0,1.0,0.0,0.0
3232700,0.0,0.0,0.0,0.0,0.0,0.0,0.0
3232726,0.0,0.0,0.0,0.0,1.0,0.0,0.0
3232727,0.0,0.0,0.0,0.0,0.0,0.0,0.0
3233115,0.0,0.0,0.0,0.0,1.0,0.0,0.0
3233116,0.0,0.0,0.0,0.0,0.0,0.0,0.0
3233117,0.0,0.0,0.0,0.0,1.0,0.0,0.0
3233122,0.0,0.0,0.0,0.0,0.0,0.0,0.0
3233189,0.0,0.0,0.0,0.0,1.0,0.0,0.0
3233190,0.0,0.0,0.0,0.0,0.0,0.0,0.0
3233226,0.0,0.0,0.0,0.0,1.0,0.0,0.0
3233227,0.0,0.0,0.0,0.0,0.0,0.0,0.0
3233495,0.0,0.0,0.0,0.0,1.0,0.0,0.0
3233496,0.0,0.0,0.0,0.0,0.0,0.0,0.0
3233623,0.0,0.0,0.0,0.0,1.0,0.0,0.0
3233624,0.0,0.0,0.0,0.0,0.0,0.0,0.0
3233626,0.0,0.0,0.0,0.0,1.0,0.0,0.0
3233627,0.0,0.0,0.0,0.0,0.0,0.0,0.0
3233950,0.0,0.0,0.0,0.0,1.0,0.0,0.0
3233951,0.0,0.0,0.0,0.0,0.0,0.0,0.0
3234098,0.0,0.0,0.0,0.0,1.0,0.0,0.0
3234102,0.0,0.0,0.0,0.0,0.0,0.0,0.0
3234765,0.0,0.0,0.0,0.0,1.0,0.0,0.0
3234767,0.0,0.0,0.0,0.0,2.0,0.0,0.0
3234768,0.0,0.0,0.0,0.0,0.0,0.0,0.0
3235512,0.0,0.0,0.0,0.0,1.0,0.0,0.0
3235513,0.0,0.0,0.0,0.0,0.0,0.0,0.0
3236773,0.0,0.0,0.0,1.0,0.0,0.0,0.0
3236774,0.0,0.0,0.0,0.0,0.0,0.0,0.0
3239596,0.0,0.0,0.0,0.0,1.0,0.0,0.0
3239597,0.0,0.0,0.0,0.0,0.0,0.0,0.0
3239600,0.0,0.0,0.0,0.0,1.0,0.0,0.0
3239601,0.0,0.0,0.0,0.0,0.0,0.0,0.0
3241337,0.0,0.0,0.0,0.0,1.0,0.0,0.0
3241338,0.0,0.0,0.0,0.0,0.0,0.0,0.0
3241615,0.0,0.0,0.0,0.0,1.0,0.0,0.0
3241616,0.0,0.0,0.0,0.0,0.0,0.0,0.0
3241617,0.0,0.0,0.0,0.0,1.0,0.0,0.0
3241618,0.0,0.0,0.0,0.0,0.0,0.0,0.0
3241619,0.0,0.0,0.0,0.0,1.0,0.0,0.0
3241620,0.0,0.0,0.0,0.0,0.0,0.0,0.0
3243395,0.0,0.0,0.0,0.0,1.0,0.0,0.0
3243396,0.0,0.0,0.0,0.0,0.0,0.0,0.0
3243416,0.0,0.0,0.0,0.0,1.0,0.0,0.0
3243420,0.0,0.0,0.0,0.0,0.0,0.0,0.0
3243680,0.0,0.0,0.0,0.0,1.0,0.0,0.0
3243681,0.0,0.0,0.0,0.0,2.0,0.0,0.0
3243682,0.0,0.0,0.0,0.0,0.0,0.0,0.0
3245762,0.0,0.0,0.0,0.0,1.0,0.0,0.0
3245763,0.0,0.0,0.0,0.0,0.0,0.0,0.0
3245764,0.0,0.0,0.0,0.0,1.0,0.0,0.0
3245767,0.0,0.0,0.0,0.0,2.0,0.0,0.0
3245768,0.0,0.0,0.0,0.0,0.0,0.0,0.0
3246876,0.0,0.0,0.0,0.0,1.0,0.0,0.0
3246881,0.0,0.0,0.0,0.0,0.0,0.0,0.0
3246882,0.0,0.0,0.0,0.0,1.0,0.0,0.0
3246883,0.0,0.0,0.0,0.0,0.0,0.0,0.0
3246884,0.0,0.0,0.0,0.0,1.0,0.0,0.0
3246885,0.0,0.0,0.0,0.0,0.0,0.0,0.0
3247451,0.0,0.0,0.0,0.0,1.0,0.0,0.0
3247452,0.0,0.0,0.0,0.0,0.0,0.0,0.0
3247671,0.0,2.0,0.0,0.0,0.0,1.0,0.0
3247672,0.0,0.0,0.0,0.0,0.0,0.0,0.0
3248001,0.0,0.0,1.0,0.0,0.0,0.0,0.0
3248002,0.0,0.0,0.0,0.0,0.0,0.0,0.0
3248022,0.0,0.0,1.0,0.0,0.0,0.0,0.0
3248023,0.0,0.0,0.0,0.0,0.0,0.0,0.0
3248054,0.0,0.0,1.0,0.0,0.0,0.0,0.0
3248056,0.0,0.0,0.0,0.0,0.0,0.0,0.0
3248230,0.0,0.0,0.0,1.0,0.0,0.0,0.0
3248231,0.0,0.0,0.0,0.0,0.0,0.0,0.0
3249204,0.0,0.0,0.0,0.0,1.0,0.0,0.0
3249205,0.0,0.0,0.0,0.0,0.0,0.0,0.0
3249213,0.0,0.0,0.0,0.0,1.0,0.0,0.0
3249215,0.0,0.0,0.0,0.0,2.0,0.0,0.0
3249216,0.0,0.0,0.0,0.0,0.0,0.0,0.0
3251197,0.0,0.0,0.0,0.0,1.0,0.0,0.0
3251198,0.0,0.0,0.0,0.0,0.0,0.0,0.0
3251727,0.0,0.0,0.0,0.0,1.0,0.0,0.0
3251728,0.0,0.0,0.0,0.0,0.0,0.0,0.0
3251729,0.0,0.0,0.0,0.0,1.0,0.0,0.0
3251730,0.0,0.0,0.0,0.0,0.0,0.0,0.0
3251777,0.0,0.0,0.0,0.0,1.0,0.0,0.0
3251780,0.0,0.0,0.0,0.0,0.0,0.0,0.0
3251795,0.0,0.0,0.0,0.0,1.0,0.0,0.0
3251798,0.0,0.0,0.0,0.0,0.0,0.0,0.0
3251800,0.0,0.0,0.0,0.0,1.0,0.0,0.0
3251801,0.0,0.0,0.0,0.0,0.0,0.0,0.0
3251831,0.0,0.0,0.0,0.0,1.0,0.0,0.0
3251833,0.0,0.0,0.0,0.0,2.0,0.0,0.0
3251834,0.0,0.0,0.0,0.0,0.0,0.0,0.0
3257506,0.0,0.0,0.0,0.0,1.0,0.0,0.0
3257507,0.0,0.0,0.0,0.0,0.0,0.0,0.0
3257525,0.0,0.0,0.0,0.0,1.0,0.0,0.0
3257526,0.0,0.0,0.0,0.0,0.0,0.0,0.0
3257527,0.0,0.0,0.0,0.0,1.0,0.0,0.0
3257534,0.0,0.0,0.0,0.0,2.0,0.0,0.0
3257535,0.0,0.0,0.0,0.0,0.0,0.0,0.0
3257926,0.0,0.0,0.0,0.0,1.0,0.0,0.0
3257928,0.0,0.0,0.0,0.0,0.0,0.0,0.0
3257929,0.0,0.0,0.0,0.0,1.0,0.0,0.0
3257932,0.0,0.0,0.0,0.0,0.0,0.0,0.0
3258169,0.0,0.0,0.0,0.0,1.0,0.0,0.0
3258170,0.0,0.0,0.0,0.0,0.0,0.0,0.0
3258668,0.0,0.0,0.0,0.0,1.0,0.0,0.0
3258669,0.0,0.0,0.0,0.0,0.0,0.0,0.0
3260490,0.0,0.0,0.0,0.0,1.0,0.0,0.0
3260491,0.0,0.0,0.0,0.0,0.0,0.0,0.0
3260804,0.0,0.0,0.0,0.0,1.0,0.0,0.0
3260805,0.0,0.0,0.0,0.0,0.0,0.0,0.0
3260806,0.0,0.0,0.0,0.0,1.0,0.0,0.0
3260807,0.0,0.0,0.0,0.0,0.0,0.0,0.0
3260817,0.0,0.0,0.0,0.0,1.0,0.0,0.0
3260818,0.0,0.0,0.0,0.0,0.0,0.0,0.0
3260819,0.0,0.0,0.0,0.0,1.0,0.0,0.0
3260820,0.0,0.0,0.0,0.0,0.0,0.0,0.0
3261784,0.0,0.0,0.0,0.0,1.0,0.0,0.0
3261785,0.0,0.0,0.0,0.0,0.0,0.0,0.0
3262236,0.0,0.0,0.0,0.0,1.0,0.0,0.0
3262237,0.0,0.0,0.0,0.0,0.0,0.0,0.0
3262322,0.0,0.0,0.0,0.0,1.0,0.0,0.0
3262323,0.0,0.0,0.0,0.0,0.0,0.0,0.0
3262324,0.0,0.0,0.0,0.0,1.0,0.0,0.0
3262325,0.0,0.0,0.0,0.0,0.0,0.0,0.0
3262326,0.0,0.0,0.0,0.0,1.0,0.0,0.0
3262327,0.0,0.0,0.0,0.0,0.0,0.0,0.0
3262593,0.0,0.0,0.0,0.0,1.0,0.0,0.0
3262594,0.0,0.0,0.0,0.0,0.0,0.0,0.0
3262630,0.0,0.0,0.0,0.0,1.0,0.0,0.0
3262631,0.0,0.0,0.0,0.0,0.0,0.0,0.0
3263604,0.0,0.0,0.0,0.0,1.0,0.0,0.0
3263607,0.0,0.0,0.0,0.0,0.0,0.0,0.0
3263613,0.0,0.0,0.0,0.0,1.0,0.0,0.0
3263614,0.0,0.0,0.0,0.0,0.0,0.0,0.0
3263615,0.0,0.0,0.0,0.0,1.0,0.0,0.0
3263623,0.0,0.0,0.0,0.0,0.0,0.0,0.0
3263627,0.0,0.0,0.0,0.0,1.0,0.0,0.0
3263628,0.0,0.0,0.0,0.0,0.0,0.0,0.0
3263632,0.0,0.0,0.0,0.0,1.0,0.0,0.0
3263633,0.0,0.0,0.0,0.0,0.0,0.0,0.0
3263814,0.0,0.0,0.0,0.0,1.0,0.0,0.0
3263815,0.0,0.0,0.0,0.0,0.0,0.0,0.0
3264829,0.0,0.0,0.0,0.0,1.0,0.0,0.0
3264831,0.0,0.0,0.0,0.0,2.0,0.0,0.0
3264832,0.0,0.0,0.0,0.0,0.0,0.0,0.0
3268256,0.0,0.0,0.0,0.0,1.0,0.0,0.0
3268257,0.0,0.0,0.0,0.0,0.0,0.0,0.0
3268258,0.0,0.0,0.0,0.0,1.0,0.0,0.0
3268259,0.0,0.0,0.0,0.0,0.0,0.0,0.0
3268284,0.0,0.0,0.0,0.0,1.0,0.0,0.0
3268286,0.0,0.0,0.0,0.0,2.0,0.0,0.0
3268287,0.0,0.0,0.0,0.0,0.0,0.0,0.0
3270561,0.0,0.0,0.0,0.0,1.0,0.0,0.0
3270564,0.0,0.0,0.0,0.0,0.0,0.0,0.0
3270565,0.0,0.0,0.0,0.0,1.0,0.0,0.0
3270566,0.0,0.0,0.0,0.0,0.0,0.0,0.0
3270610,0.0,0.0,0.0,0.0,1.0,0.0,0.0
3270611,0.0,0.0,0.0,0.0,0.0,0.0,0.0
3270612,0.0,0.0,0.0,0.0,1.0,0.0,0.0
3270613,0.0,0.0,0.0,0.0,0.0,0.0,0.0
3271167,0.0,0.0,0.0,0.0,1.0,0.0,0.0
3271168,0.0,0.0,0.0,0.0,0.0,0.0,0.0
3271191,0.0,0.0,0.0,0.0,1.0,0.0,0.0
3271192,0.0,0.0,0.0,0.0,0.0,0.0,0.0
3271193,0.0,0.0,0.0,0.0,1.0,0.0,0.0
3271196,0.0,0.0,0.0,0.0,0.0,0.0,0.0
3271546,0.0,0.0,0.0,0.0,1.0,0.0,0.0
3271547,0.0,0.0,0.0,0.0,0.0,0.0,0.0
3271727,0.0,0.0,0.0,0.0,1.0,0.0,0.0
3271728,0.0,0.0,0.0,0.0,0.0,0.0,0.0
3271729,0.0,0.0,0.0,0.0,1.0,0.0,0.0
3271732,0.0,0.0,0.0,0.0,0.0,0.0,0.0
3271733,0.0,0.0,0.0,0.0,1.0,0.0,0.0
3271737,0.0,0.0,0.0,0.0,0.0,0.0,0.0
3271931,0.0,0.0,0.0,0.0,1.0,0.0,0.0
3271932,0.0,0.0,0.0,0.0,0.0,0.0,0.0
3272092,0.0,0.0,0.0,0.0,1.0,0.0,0.0
3272093,0.0,0.0,0.0,0.0,0.0,0.0,0.0
3272097,0.0,0.0,0.0,0.0,1.0,0.0,0.0
3272098,0.0,0.0,0.0,0.0,0.0,0.0,0.0
3272110,0.0,0.0,0.0,0.0,1.0,0.0,0.0
3272111,0.0,0.0,0.0,0.0,0.0,0.0,0.0
3273312,0.0,0.0,0.0,0.0,1.0,0.0,0.0
3273313,0.0,0.0,0.0,0.0,0.0,0.0,0.0
3273459,0.0,0.0,0.0,0.0,1.0,0.0,0.0
3273461,0.0,0.0,0.0,0.0,2.0,0.0,0.0
3273462,0.0,0.0,0.0,0.0,0.0,0.0,0.0
3274031,0.0,0.0,0.0,0.0,1.0,0.0,0.0
3274034,0.0,0.0,0.0,0.0,0.0,0.0,0.0
3274036,0.0,0.0,0.0,0.0,1.0,0.0,0.0
3274039,0.0,0.0,0.0,0.0,0.0,0.0,0.0
3274040,0.0,0.0,0.0,0.0,1.0,0.0,0.0
3274041,0.0,0.0,0.0,0.0,0.0,0.0,0.0
3274043,0.0,0.0,0.0,0.0,1.0,0.0,0.0
3274044,0.0,0.0,0.0,0.0,0.0,0.0,0.0
3274502,0.0,0.0,0.0,0.0,1.0,0.0,0.0
3274504,0.0,0.0,0.0,0.0,0.0,0.0,0.0
3274508,0.0,0.0,0.0,0.0,1.0,0.0,0.0
3274509,0.0,0.0,0.0,0.0,0.0,0.0,0.0
3274841,0.0,0.0,0.0,0.0,1.0,0.0,0.0
3274842,0.0,0.0,0.0,0.0,0.0,0.0,0.0
3274843,0.0,0.0,0.0,0.0,1.0,0.0,0.0
3274845,0.0,0.0,0.0,0.0,2.0,0.0,0.0
3274846,0.0,0.0,0.0,0.0,0.0,0.0,0.0
3275379,0.0,0.0,0.0,0.0,1.0,0.0,0.0
3275381,0.0,0.0,0.0,0.0,0.0,0.0,0.0
3275383,0.0,0.0,0.0,0.0,1.0,0.0,0.0
3275389,0.0,0.0,0.0,0.0,2.0,0.0,0.0
3275390,0.0,0.0,0.0,0.0,0.0,0.0,0.0
3277088,0.0,0.0,0.0,0.0,1.0,0.0,0.0
3277089,0.0,0.0,0.0,0.0,0.0,0.0,0.0
3277101,0.0,0.0,0.0,0.0,1.0,0.0,0.0
3277103,0.0,0.0,0.0,0.0,0.0,0.0,0.0
3277107,0.0,0.0,0.0,0.0,1.0,0.0,0.0
3277108,0.0,0.0,0.0,0.0,0.0,0.0,0.0
3277112,0.0,0.0,0.0,0.0,1.0,0.0,0.0
3277113,0.0,0.0,0.0,0.0,0.0,0.0,0.0
3278892,0.0,0.0,0.0,0.0,1.0,0.0,0.0
3278896,0.0,0.0,0.0,0.0,2.0,0.0,0.0
3278897,0.0,0.0,0.0,0.0,0.0,0.0,0.0
3279262,0.0,0.0,0.0,1.0,0.0,0.0,0.0
3279263,0.0,0.0,0.0,0.0,0.0,0.0,0.0
3279264,0.0,0.0,0.0,1.0,0.0,0.0,0.0
3279266,0.0,0.0,0.0,0.0,0.0,0.0,0.0
3279300,0.0,0.0,0.0,1.0,0.0,0.0,0.0
3279301,0.0,0.0,0.0,0.0,0.0,0.0,0.0
3279302,0.0,0.0,0.0,1.0,0.0,0.0,0.0
3279308,0.0,0.0,0.0,0.0,0.0,0.0,0.0
3280818,0.0,0.0,0.0,0.0,1.0,0.0,0.0
3280819,0.0,0.0,0.0,0.0,0.0,0.0,0.0
3280965,0.0,0.0,0.0,0.0,1.0,0.0,0.0
3280966,0.0,0.0,0.0,0.0,0.0,0.0,0.0
3280979,0.0,0.0,0.0,0.0,1.0,0.0,0.0
3280980,0.0,0.0,0.0,0.0,0.0,0.0,0.0
3280981,0.0,0.0,0.0,0.0,1.0,0.0,0.0
3280982,0.0,0.0,0.0,0.0,0.0,0.0,0.0
3280983,0.0,0.0,0.0,0.0,1.0,0.0,0.0
3280984,0.0,0.0,0.0,0.0,0.0,0.0,0.0
3280986,0.0,0.0,0.0,0.0,1.0,0.0,0.0
3280987,0.0,0.0,0.0,0.0,0.0,0.0,0.0
3281908,0.0,0.0,0.0,0.0,1.0,0.0,0.0
3281909,0.0,0.0,0.0,0.0,0.0,0.0,0.0
3281910,0.0,0.0,0.0,0.0,1.0,0.0,0.0
3281911,0.0,0.0,0.0,0.0,0.0,0.0,0.0
3281913,0.0,0.0,0.0,0.0,1.0,0.0,0.0
3281914,0.0,0.0,0.0,0.0,0.0,0.0,0.0
3287461,0.0,0.0,0.0,0.0,1.0,0.0,0.0
3287464,0.0,0.0,0.0,0.0,0.0,0.0,0.0
3287465,0.0,0.0,0.0,0.0,1.0,0.0,0.0
3287466,0.0,0.0,0.0,0.0,0.0,0.0,0.0
3287467,0.0,0.0,0.0,0.0,1.0,0.0,0.0
3287468,0.0,0.0,0.0,0.0,0.0,0.0,0.0
3290246,0.0,0.0,0.0,0.0,1.0,0.0,0.0
3290247,0.0,0.0,0.0,0.0,0.0,0.0,0.0
3292413,0.0,0.0,0.0,0.0,1.0,0.0,0.0
3292415,0.0,0.0,0.0,0.0,2.0,0.0,0.0
3292416,0.0,0.0,0.0,0.0,0.0,0.0,0.0
3293059,0.0,0.0,0.0,0.0,1.0,0.0,0.0
3293060,0.0,0.0,0.0,0.0,0.0,0.0,0.0
3293061,0.0,0.0,0.0,0.0,1.0,0.0,0.0
3293062,0.0,0.0,0.0,0.0,0.0,0.0,0.0
3293534,0.0,0.0,0.0,0.0,1.0,0.0,0.0
3293537,0.0,0.0,0.0,0.0,0.0,0.0,0.0
3293554,0.0,0.0,0.0,0.0,1.0,0.0,0.0
3293555,0.0,0.0,0.0,0.0,0.0,0.0,0.0
3294395,0.0,0.0,0.0,0.0,1.0,0.0,0.0
3294399,0.0,0.0,0.0,0.0,2.0,0.0,0.0
3294400,0.0,0.0,0.0,0.0,0.0,0.0,0.0
3296308,0.0,0.0,0.0,0.0,1.0,0.0,0.0
3296311,0.0,0.0,0.0,0.0,0.0,0.0,0.0
3296312,0.0,0.0,0.0,0.0,1.0,0.0,0.0
3296313,0.0,0.0,0.0,0.0,0.0,0.0,0.0
3296989,0.0,0.0,0.0,0.0,1.0,0.0,0.0
3296992,0.0,0.0,0.0,0.0,0.0,0.0,0.0
3296993,0.0,0.0,0.0,0.0,1.0,0.0,0.0
3296994,0.0,0.0,0.0,0.0,0.0,0.0,0.0
3296995,0.0,0.0,0.0,0.0,1.0,0.0,0.0
3296996,0.0,0.0,0.0,0.0,0.0,0.0,0.0
3297000,0.0,0.0,0.0,0.0,1.0,0.0,0.0
3297001,0.0,0.0,0.0,0.0,0.0,0.0,0.0
3299591,0.0,0.0,0.0,0.0,1.0,0.0,0.0
3299592,0.0,0.0,0.0,0.0,0.0,0.0,0.0
3302590,0.0,0.0,0.0,0.0,1.0,0.0,0.0
3302591,0.0,0.0,0.0,0.0,0.0,0.0,0.0
3302598,0.0,0.0,0.0,0.0,1.0,0.0,0.0
3302599,0.0,0.0,0.0,0.0,0.0,0.0,0.0
3302742,0.0,0.0,0.0,0.0,1.0,0.0,0.0
3302743,0.0,0.0,0.0,0.0,0.0,0.0,0.0
3302744,0.0,0.0,0.0,0.0,1.0,0.0,0.0
3302746,0.0,0.0,0.0,0.0,2.0,0.0,0.0
3302747,0.0,0.0,0.0,0.0,0.0,0.0,0.0
3306887,0.0,0.0,0.0,1.0,0.0,0.0,0.0
3306888,0.0,0.0,0.0,0.0,0.0,0.0,0.0
3313353,0.0,0.0,0.0,0.0,1.0,0.0,0.0
3313354,0.0,0.0,0.0,0.0,0.0,0.0,0.0
3314694,0.0,0.0,0.0,0.0,1.0,0.0,0.0
3314696,0.0,0.0,0.0,0.0,0.0,0.0,0.0
3314697,0.0,0.0,0.0,0.0,1.0,0.0,0.0
3314698,0.0,0.0,0.0,0.0,0.0,0.0,0.0
3314699,0.0,0.0,0.0,0.0,1.0,0.0,0.0
3314701,0.0,0.0,0.0,0.0,0.0,0.0,0.0
3314951,0.0,0.0,0.0,0.0,1.0,0.0,0.0
3314952,0.0,0.0,0.0,0.0,0.0,0.0,0.0
3316867,0.0,0.0,0.0,0.0,1.0,0.0,0.0
3316868,0.0,0.0,0.0,0.0,0.0,0.0,0.0
3316897,0.0,0.0,0.0,0.0,1.0,0.0,0.0
3316898,0.0,0.0,0.0,0.0,0.0,0.0,0.0
3317480,0.0,0.0,0.0,0.0,1.0,0.0,0.0
3317483,0.0,0.0,0.0,0.0,0.0,0.0,0.0
3317498,0.0,0.0,0.0,0.0,1.0,0.0,0.0
3317500,0.0,0.0,0.0,0.0,0.0,0.0,0.0
3318951,0.0,0.0,0.0,0.0,1.0,0.0,0.0
3318952,0.0,0.0,0.0,0.0,0.0,0.0,0.0
3318955,0.0,0.0,0.0,0.0,1.0,0.0,0.0
3318957,0.0,0.0,0.0,0.0,0.0,0.0,0.0
3319861,0.0,0.0,0.0,0.0,1.0,0.0,0.0
3319862,0.0,0.0,0.0,0.0,0.0,0.0,0.0
3319863,0.0,0.0,0.0,0.0,1.0,0.0,0.0
3319864,0.0,0.0,0.0,0.0,0.0,0.0,0.0
3321707,0.0,0.0,0.0,0.0,1.0,0.0,0.0
3321710,0.0,0.0,0.0,0.0,0.0,0.0,0.0
3321711,0.0,0.0,0.0,0.0,1.0,0.0,0.0
3321715,0.0,0.0,0.0,0.0,0.0,0.0,0.0
3321805,0.0,0.0,0.0,0.0,1.0,0.0,0.0
3321806,0.0,0.0,0.0,0.0,0.0,0.0,0.0
3321807,0.0,0.0,0.0,0.0,1.0,0.0,0.0
3321809,0.0,0.0,0.0,0.0,0.0,0.0,0.0
3324162,0.0,0.0,0.0,1.0,0.0,0.0,0.0
3324163,0.0,0.0,0.0,0.0,0.0,0.0,0.0
3324164,0.0,0.0,0.0,1.0,0.0,0.0,0.0
3324165,0.0,0.0,0.0,0.0,0.0,0.0,0.0
3325441,0.0,0.0,0.0,0.0,1.0,0.0,0.0
3325445,0.0,0.0,0.0,0.0,0.0,0.0,0.0
3327148,0.0,0.0,0.0,0.0,1.0,0.0,0.0
3327149,0.0,0.0,0.0,0.0,0.0,0.0,0.0
3328900,0.0,0.0,0.0,0.0,1.0,0.0,0.0
3328902,0.0,0.0,0.0,0.0,0.0,0.0,0.0
3328927,0.0,0.0,0.0,0.0,1.0,0.0,0.0
3328930,0.0,0.0,0.0,0.0,0.0,0.0,0.0
3329663,0.0,0.0,0.0,0.0,1.0,0.0,0.0
3329664,0.0,0.0,0.0,0.0,0.0,0.0,0.0
3329665,0.0,0.0,0.0,0.0,1.0,0.0,0.0
3329671,0.0,0.0,0.0,0.0,0.0,0.0,0.0
3329673,0.0,0.0,0.0,0.0,1.0,0.0,0.0
3329674,0.0,0.0,0.0,0.0,0.0,0.0,0.0
3329675,0.0,0.0,0.0,0.0,1.0,0.0,0.0
3329676,0.0,0.0,0.0,0.0,0.0,0.0,0.0
3329677,0.0,0.0,0.0,0.0,1.0,0.0,0.0
3329679,0.0,0.0,0.0,0.0,0.0,0.0,0.0
3329683,0.0,0.0,0.0,0.0,1.0,0.0,0.0
3329684,0.0,0.0,0.0,0.0,0.0,0.0,0.0
3329686,0.0,0.0,0.0,0.0,1.0,0.0,0.0
3329687,0.0,0.0,0.0,0.0,0.0,0.0,0.0
3329694,0.0,0.0,0.0,0.0,1.0,0.0,0.0
3329695,0.0,0.0,0.0,0.0,0.0,0.0,0.0
3332175,0.0,0.0,0.0,0.0,1.0,0.0,0.0
3332176,0.0,0.0,0.0,0.0,0.0,0.0,0.0
3335496,0.0,0.0,0.0,0.0,1.0,0.0,0.0
3335501,0.0,0.0,0.0,0.0,2.0,0.0,0.0
3335502,0.0,0.0,0.0,0.0,0.0,0.0,0.0
3335957,0.0,0.0,0.0,0.0,1.0,0.0,0.0
3335958,0.0,0.0,0.0,0.0,0.0,0.0,0.0
3336645,0.0,0.0,0.0,0.0,1.0,0.0,0.0
3336646,0.0,0.0,0.0,0.0,0.0,0.0,0.0
3336650,0.0,0.0,0.0,0.0,1.0,0.0,0.0
3336655,0.0,0.0,0.0,0.0,0.0,0.0,0.0
3337437,0.0,0.0,0.0,0.0,1.0,0.0,0.0
3337438,0.0,0.0,0.0,0.0,0.0,0.0,0.0
3340206,0.0,0.0,0.0,0.0,1.0,0.0,0.0
3340207,0.0,0.0,0.0,0.0,0.0,0.0,0.0
3340632,0.0,0.0,0.0,0.0,1.0,0.0,0.0
3340633,0.0,0.0,0.0,0.0,0.0,0.0,0.0
3342183,0.0,0.0,0.0,0.0,1.0,0.0,0.0
3342184,0.0,0.0,0.0,0.0,0.0,0.0,0.0
3342186,0.0,0.0,0.0,0.0,1.0,0.0,0.0
3342188,0.0,0.0,0.0,0.0,2.0,0.0,0.0
3342189,0.0,0.0,0.0,0.0,0.0,0.0,0.0
3346463,0.0,0.0,0.0,0.0,1.0,0.0,0.0
3346465,0.0,0.0,0.0,0.0,0.0,0.0,0.0
3350394,0.0,0.0,0.0,0.0,1.0,0.0,0.0
3350395,0.0,0.0,0.0,0.0,0.0,0.0,0.0
3353356,0.0,0.0,0.0,0.0,1.0,0.0,0.0
3353357,0.0,0.0,0.0,0.0,0.0,0.0,0.0
3353358,0.0,0.0,0.0,0.0,1.0,0.0,0.0
3353359,0.0,0.0,0.0,0.0,0.0,0.0,0.0
3356406,0.0,0.0,0.0,1.0,0.0,0.0,0.0
3356407,0.0,0.0,0.0,0.0,0.0,0.0,0.0
3357760,0.0,0.0,0.0,0.0,1.0,0.0,0.0
3357761,0.0,0.0,0.0,0.0,0.0,0.0,0.0
3358555,0.0,0.0,0.0,0.0,1.0,0.0,0.0
3358558,0.0,0.0,0.0,0.0,0.0,0.0,0.0
3358559,0.0,0.0,0.0,0.0,1.0,0.0,0.0
3358561,0.0,0.0,0.0,0.0,0.0,0.0,0.0
3359073,0.0,0.0,0.0,0.0,1.0,0.0,0.0
3359074,0.0,0.0,0.0,0.0,0.0,0.0,0.0
3359791,0.0,0.0,0.0,0.0,1.0,0.0,0.0
3359792,0.0,0.0,0.0,0.0,0.0,0.0,0.0
3359793,0.0,0.0,0.0,0.0,1.0,0.0,0.0
3359795,0.0,0.0,0.0,0.0,0.0,0.0,0.0
3365946,0.0,0.0,0.0,0.0,1.0,0.0,0.0
3365949,0.0,0.0,0.0,0.0,0.0,0.0,0.0
3366202,0.0,0.0,0.0,0.0,1.0,0.0,0.0
3366203,0.0,0.0,0.0,0.0,0.0,0.0,0.0
3366204,0.0,0.0,0.0,0.0,1.0,0.0,0.0
3366205,0.0,0.0,0.0,0.0,0.0,0.0,0.0
3366206,0.0,0.0,0.0,0.0,1.0,0.0,0.0
3366208,0.0,0.0,0.0,0.0,0.0,0.0,0.0
3366209,0.0,0.0,0.0,0.0,1.0,0.0,0.0
3366210,0.0,0.0,0.0,0.0,0.0,0.0,0.0
3366211,0.0,0.0,0.0,0.0,1.0,0.0,0.0
3366213,0.0,0.0,0.0,0.0,0.0,0.0,0.0
3366220,0.0,0.0,0.0,0.0,1.0,0.0,0.0
3366221,0.0,0.0,0.0,0.0,0.0,0.0,0.0
3366223,0.0,0.0,0.0,0.0,1.0,0.0,0.0
3366224,0.0,0.0,0.0,0.0,0.0,0.0,0.0
3369431,0.0,0.0,0.0,1.0,0.0,0.0,0.0
3369434,0.0,0.0,0.0,0.0,0.0,0.0,0.0
3371322,0.0,0.0,0.0,0.0,1.0,0.0,0.0
3371323,0.0,0.0,0.0,0.0,0.0,0.0,0.0
3371331,0.0,0.0,0.0,0.0,1.0,0.0,0.0
3371332,0.0,0.0,0.0,0.0,0.0,0.0,0.0
3374735,0.0,0.0,0.0,0.0,1.0,0.0,0.0
3374737,0.0,0.0,0.0,0.0,0.0,0.0,0.0
3376539,0.0,0.0,0.0,0.0,1.0,0.0,0.0
3376542,0.0,0.0,0.0,0.0,0.0,0.0,0.0
3376543,0.0,0.0,0.0,0.0,1.0,0.0,0.0
3376545,0.0,0.0,0.0,0.0,0.0,0.0,0.0
3376554,0.0,0.0,0.0,0.0,1.0,0.0,0.0
3376556,0.0,0.0,0.0,0.0,0.0,0.0,0.0
3378327,0.0,0.0,0.0,0.0,1.0,0.0,0.0
3378329,0.0,0.0,0.0,0.0,0.0,0.0,0.0
3379262,0.0,0.0,0.0,0.0,1.0,0.0,0.0
3379263,0.0,0.0,0.0,0.0,0.0,0.0,0.0
3379267,0.0,0.0,0.0,0.0,1.0,0.0,0.0
3379268,0.0,0.0,0.0,0.0,0.0,0.0,0.0
3379340,0.0,0.0,0.0,0.0,1.0,0.0,0.0
3379341,0.0,0.0,0.0,0.0,0.0,0.0,0.0
3379342,0.0,0.0,0.0,0.0,1.0,0.0,0.0
3379344,0.0,0.0,0.0,0.0,0.0,0.0,0.0
3379346,0.0,0.0,0.0,0.0,1.0,0.0,0.0
3379349,0.0,0.0,0.0,0.0,0.0,0.0,0.0
3381312,0.0,0.0,0.0,0.0,1.0,0.0,0.0
3381313,0.0,0.0,0.0,0.0,0.0,0.0,0.0
3381879,0.0,0.0,0.0,0.0,1.0,0.0,0.0
3381882,0.0,0.0,0.0,0.0,0.0,0.0,0.0
3383556,0.0,0.0,0.0,0.0,1.0,0.0,0.0
3383558,0.0,0.0,0.0,0.0,0.0,0.0,0.0
3383562,0.0,0.0,0.0,0.0,1.0,0.0,0.0
3383563,0.0,0.0,0.0,0.0,0.0,0.0,0.0
3384467,0.0,0.0,0.0,0.0,1.0,0.0,0.0
3384468,0.0,0.0,0.0,0.0,0.0,0.0,0.0
3385798,0.0,0.0,0.0,0.0,1.0,0.0,0.0
3385800,0.0,0.0,0.0,0.0,0.0,0.0,0.0
3385801,0.0,0.0,0.0,0.0,1.0,0.0,0.0
3385802,0.0,0.0,0.0,0.0,0.0,0.0,0.0
3385803,0.0,0.0,0.0,0.0,1.0,0.0,0.0
3385805,0.0,0.0,0.0,0.0,0.0,0.0,0.0
3388700,0.0,0.0,0.0,0.0,1.0,0.0,0.0
3388701,0.0,0.0,0.0,0.0,0.0,0.0,0.0
3389543,0.0,0.0,0.0,0.0,1.0,0.0,0.0
3389544,0.0,0.0,0.0,0.0,0.0,0.0,0.0
3390548,0.0,0.0,0.0,0.0,1.0,0.0,0.0
3390549,0.0,0.0,0.0,0.0,0.0,0.0,0.0
3390647,0.0,0.0,0.0,0.0,1.0,0.0,0.0
3390650,0.0,0.0,0.0,0.0,0.0,0.0,0.0
3391377,0.0,0.0,0.0,0.0,1.0,0.0,0.0
3391378,0.0,0.0,0.0,0.0,0.0,0.0,0.0
3391380,0.0,0.0,0.0,0.0,1.0,0.0,0.0
3391381,0.0,0.0,0.0,0.0,0.0,0.0,0.0
3393590,0.0,0.0,0.0,0.0,1.0,0.0,0.0
3393591,0.0,0.0,0.0,0.0,2.0,0.0,0.0
3393592,0.0,0.0,0.0,0.0,0.0,0.0,0.0
3394604,0.0,0.0,0.0,0.0,1.0,0.0,0.0
3394605,0.0,0.0,0.0,0.0,0.0,0.0,0.0
3394610,0.0,0.0,0.0,0.0,1.0,0.0,0.0
3394611,0.0,0.0,0.0,0.0,0.0,0.0,0.0
3394616,0.0,0.0,0.0,0.0,1.0,0.0,0.0
3394618,0.0,0.0,0.0,0.0,2.0,0.0,0.0
3394619,0.0,0.0,0.0,0.0,0.0,0.0,0.0
3400000,0.0,0.0,0.0,0.0,0.0,0.0,1.0
3400001,0.0,0.0,0.0,0.0,0.0,0.0,0.0
3400910,0.0,0.0,0.0,0.0,1.0,0.0,0.0
3400911,0.0,0.0,0.0,0.0,0.0,0.0,0.0
3400918,0.0,0.0,0.0,0.0,1.0,0.0,0.0
3400921,0.0,0.0,0.0,0.0,0.0,0.0,0.0
3400922,0.0,0.0,0.0,0.0,1.0,0.0,0.0
3400923,0.0,0.0,0.0,0.0,0.0,0.0,0.0
3401623,2.0,0.0,0.0,0.0,0.0,1.0,0.0
3401624,0.0,0.0,0.0,0.0,0.0,0.0,0.0
3401773,0.0,0.0,1.0,0.0,0.0,0.0,0.0
3401800,0.0,0.0,0.0,0.0,0.0,0.0,0.0
3401821,0.0,0.0,1.0,0.0,0.0,0.0,0.0
3401822,0.0,0.0,0.0,0.0,0.0,0.0,0.0
3401831,0.0,0.0,1.0,0.0,0.0,0.0,0.0
3401832,0.0,0.0,0.0,0.0,0.0,0.0,0.0
3404693,0.0,0.0,0.0,0.0,1.0,0.0,0.0
3404695,0.0,0.0,0.0,0.0,0.0,0.0,0.0
3404696,0.0,0.0,0.0,0.0,1.0,0.0,0.0
3404697,0.0,0.0,0.0,0.0,0.0,0.0,0.0
3406458,0.0,0.0,0.0,0.0,1.0,0.0,0.0
3406459,0.0,0.0,0.0,0.0,0.0,0.0,0.0
3406462,0.0,0.0,0.0,0.0,1.0,0.0,0.0
3406463,0.0,0.0,0.0,0.0,0.0,0.0,0.0
3406488,0.0,0.0,0.0,0.0,1.0,0.0,0.0
3406489,0.0,0.0,0.0,0.0,0.0,0.0,0.0
3408001,0.0,0.0,0.0,0.0,1.0,0.0,0.0
3408002,0.0,0.0,0.0,0.0,0.0,0.0,0.0
3411102,0.0,0.0,0.0,0.0,1.0,0.0,0.0
3411103,0.0,0.0,0.0,0.0,0.0,0.0,0.0
3411120,0.0,0.0,0.0,0.0,1.0,0.0,0.0
3411121,0.0,0.0,0.0,0.0,0.0,0.0,0.0
3411132,0.0,0.0,0.0,0.0,1.0,0.0,0.0
3411136,0.0,0.0,0.0,0.0,0.0,0.0,0.0
3411140,0.0,0.0,0.0,0.0,1.0,0.0,0.0
3411141,0.0,0.0,0.0,0.0,0.0,0.0,0.0
3412334,0.0,0.0,0.0,0.0,1.0,0.0,0.0
3412335,0.0,0.0,0.0,0.0,0.0,0.0,0.0
3412336,0.0,0.0,0.0,0.0,1.0,0.0,0.0
3412337,0.0,0.0,0.0,0.0,0.0,0.0,0.0
3412338,0.0,0.0,0.0,0.0,1.0,0.0,0.0
3412339,0.0,0.0,0.0,0.0,0.0,0.0,0.0
3412340,0.0,0.0,0.0,0.0,1.0,0.0,0.0
3412342,0.0,0.0,0.0,0.0,0.0,0.0,0.0
3412343,0.0,0.0,0.0,0.0,1.0,0.0,0.0
3412344,0.0,0.0,0.0,0.0,0.0,0.0,0.0
3412345,0.0,0.0,0.0,0.0,1.0,0.0,0.0
3412346,0.0,0.0,0.0,0.0,0.0,0.0,0.0
3412348,0.0,0.0,0.0,0.0,1.0,0.0,0.0
3412349,0.0,0.0,0.0,0.0,0.0,0.0,0.0
3412422,0.0,0.0,0.0,0.0,1.0,0.0,0.0
3412424,0.0,0.0,0.0,0.0,0.0,0.0,0.0
3412425,0.0,0.0,0.0,0.0,1.0,0.0,0.0
3412426,0.0,0.0,0.0,0.0,0.0,0.0,0.0
3412427,0.0,0.0,0.0,0.0,1.0,0.0,0.0
3412428,0.0,0.0,0.0,0.0,0.0,0.0,0.0
3412435,0.0,0.0,0.0,0.0,1.0,0.0,0.0
3412437,0.0,0.0,0.0,0.0,2.0,0.0,0.0
3412438,0.0,0.0,0.0,0.0,0.0,0.0,0.0
3413131,0.0,0.0,0.0,0.0,1.0,0.0,0.0
3413134,0.0,0.0,0.0,0.0,0.0,0.0,0.0
3413140,0.0,0.0,0.0,0.0,1.0,0.0,0.0
3413141,0.0,0.0,0.0,0.0,0.0,0.0,0.0
3413145,0.0,0.0,0.0,0.0,1.0,0.0,0.0
3413146,0.0,0.0,0.0,0.0,0.0,0.0,0.0
3414912,0.0,0.0,0.0,0.0,1.0,0.0,0.0
3414915,0.0,0.0,0.0,0.0,0.0,0.0,0.0
3414916,0.0,0.0,0.0,0.0,1.0,0.0,0.0
3414918,0.0,0.0,0.0,0.0,2.0,0.0,0.0
3414919,0.0,0.0,0.0,0.0,0.0,0.0,0.0
3416226,0.0,0.0,0.0,1.0,0.0,0.0,0.0
3416227,0.0,0.0,0.0,0.0,0.0,0.0,0.0
3418427,0.0,0.0,0.0,0.0,1.0,0.0,0.0
3418428,0.0,0.0,0.0,0.0,0.0,0.0,0.0
3418912,0.0,0.0,0.0,0.0,1.0,0.0,0.0
3418913,0.0,0.0,0.0,0.0,0.0,0.0,0.0
3418917,0.0,0.0,0.0,0.0,1.0,0.0,0.0
3418919,0.0,0.0,0.0,0.0,2.0,0.0,0.0
3418920,0.0,0.0,0.0,0.0,0.0,0.0,0.0
3420001,0.0,0.0,0.0,0.0,1.0,0.0,0.0
3420002,0.0,0.0,0.0,0.0,0.0,0.0,0.0
3420615,0.0,0.0,0.0,0.0,1.0,0.0,0.0
3420616,0.0,0.0,0.0,0.0,0.0,0.0,0.0
3421622,0.0,0.0,0.0,0.0,1.0,0.0,0.0
3421623,0.0,0.0,0.0,0.0,0.0,0.0,0.0
3421636,0.0,0.0,0.0,0.0,1.0,0.0,0.0
3421639,0.0,0.0,0.0,0.0,0.0,0.0,0.0
3423924,0.0,0.0,0.0,0.0,1.0,0.0,0.0
3423925,0.0,0.0,0.0,0.0,0.0,0.0,0.0
3424452,0.0,0.0,0.0,0.0,1.0,0.0,0.0
3424453,0.0,0.0,0.0,0.0,0.0,0.0,0.0
3424454,0.0,0.0,0.0,0.0,1.0,0.0,0.0
3424455,0.0,0.0,0.0,0.0,0.0,0.0,0.0
3425013,0.0,0.0,0.0,0.0,1.0,0.0,0.0
3425018,0.0,0.0,0.0,0.0,0.0,0.0,0.0
3425034,0.0,0.0,0.0,0.0,1.0,0.0,0.0
3425035,0.0,0.0,0.0,0.0,0.0,0.0,0.0
3425046,0.0,0.0,0.0,0.0,1.0,0.0,0.0
3425047,0.0,0.0,0.0,0.0,0.0,0.0,0.0
3425048,0.0,0.0,0.0,0.0,1.0,0.0,0.0
3425049,0.0,0.0,0.0,0.0,0.0,0.0,0.0
3425058,0.0,0.0,0.0,0.0,1.0,0.0,0.0
3425059,0.0,0.0,0.0,0.0,0.0,0.0,0.0
3425541,0.0,0.0,0.0,0.0,1.0,0.0,0.0
3425544,0.0,0.0,0.0,0.0,0.0,0.0,0.0
3425548,0.0,0.0,0.0,0.0,1.0,0.0,0.0
3425549,0.0,0.0,0.0,0.0,0.0,0.0,0.0
3425742,0.0,0.0,0.0,0.0,1.0,0.0,0.0
3425745,0.0,0.0,0.0,0.0,0.0,0.0,0.0
3425949,0.0,0.0,1.0,0.0,0.0,0.0,0.0
3425952,0.0,0.0,1.0,0.0,1.0,0.0,0.0
3425954,0.0,0.0,1.0,0.0,2.0,0.0,0.0
3425955,0.0,0.0,1.0,0.0,0.0,0.0,0.0
3426014,0.0,2.0,1.0,0.0,0.0,0.0,0.0
3426015,0.0,0.0,1.0,0.0,0.0,0.0,0.0
3426166,0.0,0.0,0.0,0.0,0.0,0.0,0.0
3426167,0.0,0.0,1.0,0.0,0.0,0.0,0.0
3426174,0.0,0.0,0.0,0.0,0.0,0.0,0.0
3426177,0.0,0.0,1.0,0.0,0.0,0.0,0.0
3426178,0.0,0.0,0.0,0.0,0.0,0.0,0.0
3426179,0.0,0.0,1.0,0.0,0.0,0.0,0.0
3426265,0.0,0.0,0.0,0.0,0.0,0.0,0.0
3426283,0.0,0.0,1.0,0.0,0.0,0.0,0.0
3426284,0.0,0.0,0.0,0.0,0.0,0.0,0.0
3426295,0.0,0.0,1.0,0.0,0.0,0.0,0.0
3426296,0.0,0.0,0.0,0.0,0.0,0.0,0.0
3426299,0.0,0.0,1.0,0.0,0.0,0.0,0.0
3426300,0.0,0.0,0.0,0.0,0.0,0.0,0.0
3426303,0.0,0.0,1.0,0.0,0.0,0.0,0.0
3426304,0.0,0.0,0.0,0.0,0.0,0.0,0.0
3426311,0.0,0.0,1.0,0.0,0.0,0.0,0.0
3426312,0.0,0.0,0.0,0.0,0.0,0.0,0.0
3426425,0.0,0.0,1.0,0.0,0.0,0.0,0.0
3426426,0.0,0.0,0.0,0.0,0.0,0.0,0.0
3426427,0.0,0.0,1.0,0.0,0.0,0.0,0.0
3427228,0.0,0.0,0.0,0.0,0.0,0.0,0.0
3427482,0.0,0.0,1.0,0.0,0.0,0.0,0.0
3427488,0.0,0.0,0.0,0.0,0.0,0.0,0.0
3427495,0.0,0.0,1.0,0.0,0.0,0.0,0.0
3427496,0.0,0.0,0.0,0.0,0.0,0.0,0.0
3427497,0.0,0.0,1.0,0.0,0.0,0.0,0.0
3427507,0.0,0.0,0.0,0.0,0.0,0.0,0.0
3427508,0.0,0.0,1.0,0.0,0.0,0.0,0.0
3427519,0.0,0.0,0.0,0.0,0.0,0.0,0.0
3427748,0.0,0.0,0.0,0.0,1.0,0.0,0.0
3427749,0.0,0.0,0.0,0.0,0.0,0.0,0.0
3427750,0.0,0.0,0.0,0.0,1.0,0.0,0.0
3427751,0.0,0.0,0.0,0.0,2.0,0.0,0.0
3427752,0.0,0.0,1.0,0.0,0.0,0.0,0.0
3427763,0.0,0.0,0.0,0.0,0.0,0.0,0.0
3427765,0.0,0.0,1.0,0.0,0.0,0.0,0.0
3427767,0.0,0.0,0.0,0.0,0.0,0.0,0.0
3427768,0.0,0.0,1.0,0.0,0.0,0.0,0.0
3427771,0.0,0.0,0.0,0.0,0.0,0.0,0.0
3427773,0.0,0.0,1.0,0.0,0.0,0.0,0.0
3427783,0.0,0.0,0.0,0.0,0.0,0.0,0.0
3427785,0.0,0.0,1.0,0.0,0.0,0.0,0.0
3427787,0.0,0.0,0.0,0.0,0.0,0.0,0.0
3428548,0.0,0.0,1.0,0.0,0.0,0.0,0.0
3428549,0.0,0.0,0.0,0.0,0.0,0.0,0.0
3428550,0.0,0.0,1.0,0.0,0.0,0.0,0.0
3428862,0.0,0.0,1.0,0.0,1.0,0.0,0.0
3428863,0.0,0.0,1.0,0.0,0.0,0.0,0.0
3429642,0.0,0.0,0.0,0.0,0.0,0.0,0.0
3429644,0.0,0.0,1.0,0.0,0.0,0.0,0.0
3429646,0.0,0.0,0.0,0.0,0.0,0.0,0.0
3429647,0.0,0.0,1.0,0.0,0.0,0.0,0.0
3429650,0.0,0.0,0.0,0.0,0.0,0.0,0.0
3429716,0.0,0.0,0.0,0.0,1.0,0.0,0.0
3429718,0.0,0.0,0.0,0.0,0.0,0.0,0.0
3429720,0.0,0.0,0.0,0.0,1.0,0.0,0.0
3429721,0.0,0.0,0.0,0.0,0.0,0.0,0.0
3429727,0.0,0.0,0.0,0.0,1.0,0.0,0.0
3429728,0.0,0.0,0.0,0.0,0.0,0.0,0.0
3429729,0.0,0.0,0.0,0.0,1.0,0.0,0.0
3429730,0.0,0.0,1.0,0.0,1.0,0.0,0.0
3429733,0.0,0.0,0.0,0.0,0.0,0.0,0.0
3429747,0.0,0.0,1.0,0.0,0.0,0.0,0.0
3429748,0.0,0.0,0.0,0.0,0.0,0.0,0.0
3429750,0.0,0.0,1.0,0.0,0.0,0.0,0.0
3429752,0.0,0.0,0.0,0.0,0.0,0.0,0.0
3429754,0.0,0.0,1.0,0.0,0.0,0.0,0.0
3429756,0.0,0.0,0.0,0.0,0.0,0.0,0.0
3429759,0.0,0.0,1.0,0.0,0.0,0.0,0.0
3430102,0.0,0.0,0.0,0.0,0.0,0.0,0.0
3430121,0.0,0.0,1.0,0.0,0.0,0.0,0.0
3430122,0.0,0.0,0.0,0.0,0.0,0.0,0.0
3430125,0.0,0.0,1.0,0.0,0.0,0.0,0.0
3430130,0.0,0.0,0.0,0.0,0.0,0.0,0.0
3430131,0.0,0.0,1.0,0.0,0.0,0.0,0.0
3430134,0.0,0.0,0.0,0.0,0.0,0.0,0.0
3430136,0.0,0.0,1.0,0.0,0.0,0.0,0.0
3430279,0.0,0.0,0.0,0.0,0.0,0.0,0.0
3430280,0.0,0.0,1.0,0.0,0.0,0.0,0.0
3430283,0.0,0.0,0.0,0.0,0.0,0.0,0.0
3430298,0.0,0.0,1.0,0.0,0.0,0.0,0.0
3430299,0.0,0.0,0.0,0.0,0.0,0.0,0.0
3430309,0.0,0.0,1.0,0.0,0.0,0.0,0.0
3430314,0.0,0.0,0.0,0.0,0.0,0.0,0.0
3430365,0.0,0.0,1.0,0.0,0.0,0.0,0.0
3430373,0.0,0.0,0.0,0.0,0.0,0.0,0.0
3430380,0.0,0.0,1.0,0.0,0.0,0.0,0.0
3430381,0.0,0.0,0.0,0.0,0.0,0.0,0.0
3430404,0.0,0.0,1.0,0.0,0.0,0.0,0.0
3430405,0.0,0.0,0.0,0.0,0.0,0.0,0.0
3430406,0.0,0.0,1.0,0.0,0.0,0.0,0.0
3430409,0.0,0.0,0.0,0.0,0.0,0.0,0.0
3430410,0.0,0.0,1.0,0.0,0.0,0.0,0.0
3430421,0.0,0.0,0.0,0.0,0.0,0.0,0.0
3430422,0.0,0.0,1.0,0.0,0.0,0.0,0.0
3430432,0.0,0.0,0.0,0.0,0.0,0.0,0.0
3430438,0.0,0.0,1.0,0.0,0.0,0.0,0.0
3430440,0.0,0.0,0.0,0.0,0.0,0.0,0.0
3430442,0.0,0.0,1.0,0.0,0.0,0.0,0.0
3430448,0.0,0.0,0.0,0.0,0.0,0.0,0.0
3430450,0.0,0.0,1.0,0.0,0.0,0.0,0.0
3430476,0.0,0.0,0.0,0.0,0.0,0.0,0.0
3430738,0.0,0.0,1.0,0.0,0.0,0.0,0.0
3430739,0.0,0.0,0.0,0.0,0.0,0.0,0.0
3430746,0.0,0.0,1.0,0.0,0.0,0.0,0.0
3430747,0.0,0.0,0.0,0.0,0.0,0.0,0.0
3430749,0.0,0.0,1.0,0.0,0.0,0.0,0.0
3430755,0.0,0.0,0.0,0.0,0.0,0.0,0.0
3430756,0.0,0.0,1.0,0.0,0.0,0.0,0.0
3430763,0.0,0.0,0.0,0.0,0.0,0.0,0.0
3430949,0.0,0.0,1.0,0.0,0.0,0.0,0.0
3430959,0.0,0.0,0.0,0.0,0.0,0.0,0.0
3430970,0.0,0.0,1.0,0.0,0.0,0.0,0.0
3430971,0.0,0.0,0.0,0.0,0.0,0.0,0.0
3430972,0.0,0.0,1.0,0.0,0.0,0.0,0.0
3430975,0.0,0.0,0.0,0.0,0.0,0.0,0.0
3430977,0.0,0.0,1.0,0.0,0.0,0.0,0.0
3430979,0.0,0.0,0.0,0.0,0.0,0.0,0.0
3430985,0.0,0.0,1.0,0.0,0.0,0.0,0.0
3430987,0.0,0.0,0.0,0.0,0.0,0.0,0.0
3430988,0.0,0.0,1.0,0.0,0.0,0.0,0.0
3431026,0.0,0.0,0.0,0.0,0.0,0.0,0.0
3431099,0.0,0.0,1.0,0.0,0.0,0.0,0.0
3431124,0.0,0.0,0.0,0.0,0.0,0.0,0.0
3431147,0.0,0.0,1.0,0.0,0.0,0.0,0.0
3431148,0.0,0.0,0.0,0.0,0.0,0.0,0.0
3431151,0.0,0.0,1.0,0.0,0.0,0.0,0.0
3431152,0.0,0.0,0.0,0.0,0.0,0.0,0.0
3431154,0.0,0.0,1.0,0.0,0.0,0.0,0.0
3431156,0.0,0.0,0.0,0.0,0.0,0.0,0.0
3431157,0.0,0.0,1.0,0.0,0.0,0.0,0.0
3431160,0.0,0.0,0.0,0.0,0.0,0.0,0.0
3431381,0.0,0.0,0.0,0.0,1.0,0.0,0.0
3431382,0.0,0.0,0.0,0.0,0.0,0.0,0.0
3432828,0.0,0.0,0.0,0.0,1.0,0.0,0.0
3432833,0.0,0.0,0.0,0.0,0.0,0.0,0.0
3432852,0.0,0.0,0.0,0.0,1.0,0.0,0.0
3432853,0.0,0.0,0.0,0.0,0.0,0.0,0.0
3433903,0.0,0.0,0.0,0.0,1.0,0.0,0.0
3433904,0.0,0.0,0.0,0.0,0.0,0.0,0.0
3433914,0.0,0.0,0.0,0.0,1.0,0.0,0.0
3433916,0.0,0.0,0.0,0.0,2.0,0.0,0.0
3433917,0.0,0.0,0.0,0.0,0.0,0.0,0.0
3434686,0.0,0.0,0.0,0.0,1.0,0.0,0.0
3434687,0.0,0.0,0.0,0.0,0.0,0.0,0.0
3437182,0.0,0.0,0.0,0.0,1.0,0.0,0.0
3437183,0.0,0.0,0.0,0.0,0.0,0.0,0.0
3438251,0.0,0.0,0.0,0.0,1.0,0.0,0.0
3438252,0.0,0.0,0.0,0.0,0.0,0.0,0.0
3438258,0.0,0.0,0.0,0.0,1.0,0.0,0.0
3438259,0.0,0.0,0.0,0.0,0.0,0.0,0.0
3438821,0.0,0.0,0.0,0.0,1.0,0.0,0.0
3438822,0.0,0.0,0.0,0.0,0.0,0.0,0.0
3439068,0.0,0.0,0.0,0.0,1.0,0.0,0.0
3439074,0.0,0.0,0.0,0.0,0.0,0.0,0.0
3439086,0.0,0.0,0.0,0.0,1.0,0.0,0.0
3439087,0.0,0.0,0.0,0.0,0.0,0.0,0.0
3439091,0.0,0.0,0.0,0.0,1.0,0.0,0.0
3439092,0.0,0.0,0.0,0.0,0.0,0.0,0.0
3439225,0.0,0.0,0.0,0.0,1.0,0.0,0.0
3439226,0.0,0.0,0.0,0.0,0.0,0.0,0.0
3441892,0.0,0.0,0.0,0.0,1.0,0.0,0.0
3441894,0.0,0.0,0.0,0.0,2.0,0.0,0.0
3441895,0.0,0.0,0.0,0.0,0.0,0.0,0.0
3442236,0.0,0.0,0.0,0.0,1.0,0.0,0.0
3442239,0.0,0.0,0.0,0.0,0.0,0.0,0.0
3442240,0.0,0.0,0.0,0.0,1.0,0.0,0.0
3442241,0.0,0.0,0.0,0.0,0.0,0.0,0.0
3442250,0.0,0.0,0.0,0.0,1.0,0.0,0.0
3442251,0.0,0.0,0.0,0.0,0.0,0.0,0.0
3442381,0.0,0.0,0.0,0.0,1.0,0.0,0.0
3442384,0.0,0.0,0.0,0.0,0.0,0.0,0.0
3442385,0.0,0.0,0.0,0.0,1.0,0.0,0.0
3442386,0.0,0.0,0.0,0.0,0.0,0.0,0.0
3442576,0.0,0.0,0.0,0.0,1.0,0.0,0.0
3442577,0.0,0.0,0.0,0.0,0.0,0.0,0.0
3443511,0.0,0.0,0.0,0.0,1.0,0.0,0.0
3443512,0.0,0.0,0.0,0.0,0.0,0.0,0.0
3443520,0.0,0.0,0.0,0.0,1.0,0.0,0.0
3443521,0.0,0.0,0.0,0.0,0.0,0.0,0.0
3443669,0.0,0.0,0.0,0.0,1.0,0.0,0.0
3443670,0.0,0.0,0.0,0.0,0.0,0.0,0.0
3444882,0.0,0.0,0.0,0.0,1.0,0.0,0.0
3444885,0.0,0.0,0.0,0.0,0.0,0.0,0.0
3444929,0.0,0.0,0.0,0.0,1.0,0.0,0.0
3444930,0.0,0.0,0.0,0.0,0.0,0.0,0.0
3446419,0.0,0.0,0.0,0.0,1.0,0.0,0.0
3446420,0.0,0.0,0.0,0.0,0.0,0.0,0.0
3446450,0.0,0.0,0.0,0.0,1.0,0.0,0.0
3446453,0.0,0.0,0.0,0.0,0.0,0.0,0.0
3446455,0.0,0.0,0.0,0.0,1.0,0.0,0.0
3446457,0.0,0.0,0.0,0.0,2.0,0.0,0.0
3446458,0.0,0.0,0.0,0.0,0.0,0.0,0.0
3447974,0.0,0.0,0.0,0.0,1.0,0.0,0.0
3447977,0.0,0.0,0.0,0.0,0.0,0.0,0.0
3447979,0.0,0.0,0.0,0.0,1.0,0.0,0.0
3447980,0.0,0.0,0.0,0.0,0.0,0.0,0.0
3448099,0.0,0.0,0.0,0.0,1.0,0.0,0.0
3448100,0.0,0.0,0.0,0.0,0.0,0.0,0.0
3449788,0.0,0.0,0.0,0.0,1.0,0.0,0.0
3449789,0.0,0.0,0.0,0.0,0.0,0.0,0.0
3449790,0.0,0.0,0.0,0.0,1.0,0.0,0.0
3449791,0.0,0.0,0.0,0.0,0.0,0.0,0.0
3449888,0.0,0.0,0.0,0.0,1.0,0.0,0.0
3449889,0.0,0.0,0.0,0.0,0.0,0.0,0.0
3449890,0.0,0.0,0.0,0.0,1.0,0.0,0.0
3449891,0.0,0.0,0.0,0.0,0.0,0.0,0.0
3450892,0.0,0.0,0.0,0.0,1.0,0.0,0.0
3450897,0.0,0.0,0.0,0.0,0.0,0.0,0.0
3450898,0.0,0.0,0.0,0.0,1.0,0.0,0.0
3450900,0.0,0.0,0.0,0.0,0.0,0.0,0.0
3451704,0.0,0.0,0.0,0.0,1.0,0.0,0.0
3451705,0.0,0.0,0.0,0.0,0.0,0.0,0.0
3451717,0.0,0.0,0.0,0.0,1.0,0.0,0.0
3451720,0.0,0.0,0.0,0.0,0.0,0.0,0.0
3452176,0.0,0.0,0.0,0.0,1.0,0.0,0.0
3452178,0.0,0.0,0.0,0.0,2.0,0.0,0.0
3452179,0.0,0.0,0.0,0.0,0.0,0.0,0.0
3453031,0.0,0.0,0.0,0.0,1.0,0.0,0.0
3453032,0.0,0.0,0.0,0.0,0.0,0.0,0.0
3454712,0.0,0.0,0.0,0.0,1.0,0.0,0.0
3454713,0.0,0.0,0.0,0.0,0.0,0.0,0.0
3456408,0.0,0.0,0.0,0.0,1.0,0.0,0.0
3456411,0.0,0.0,0.0,0.0,0.0,0.0,0.0
3456903,0.0,0.0,0.0,0.0,1.0,0.0,0.0
3456904,0.0,0.0,0.0,0.0,0.0,0.0,0.0
3456917,0.0,0.0,0.0,0.0,1.0,0.0,0.0
3456919,0.0,0.0,0.0,0.0,0.0,0.0,0.0
3456920,0.0,0.0,0.0,0.0,1.0,0.0,0.0
3456921,0.0,0.0,0.0,0.0,0.0,0.0,0.0
3456927,0.0,0.0,0.0,0.0,1.0,0.0,0.0
3456928,0.0,0.0,0.0,0.0,0.0,0.0,0.0
3456929,0.0,0.0,0.0,0.0,1.0,0.0,0.0
3456931,0.0,0.0,0.0,0.0,0.0,0.0,0.0
3457220,0.0,0.0,0.0,0.0,1.0,0.0,0.0
3457223,0.0,0.0,0.0,0.0,0.0,0.0,0.0
3457224,0.0,0.0,0.0,0.0,1.0,0.0,0.0
3457225,0.0,0.0,0.0,0.0,0.0,0.0,0.0
3457226,0.0,0.0,0.0,0.0,1.0,0.0,0.0
3457227,0.0,0.0,0.0,0.0,2.0,0.0,0.0
3457228,0.0,0.0,0.0,0.0,0.0,0.0,0.0
3459488,0.0,0.0,0.0,0.0,1.0,0.0,0.0
3459490,0.0,0.0,0.0,0.0,0.0,0.0,0.0
3459890,0.0,0.0,0.0,0.0,1.0,0.0,0.0
3459891,0.0,0.0,0.0,0.0,0.0,0.0,0.0
3459996,0.0,0.0,0.0,0.0,1.0,0.0,0.0
3459998,0.0,0.0,0.0,0.0,0.0,0.0,0.0
3460226,0.0,0.0,0.0,0.0,1.0,0.0,0.0
3460227,0.0,0.0,0.0,0.0,0.0,0.0,0.0
3460228,0.0,0.0,0.0,0.0,1.0,0.0,0.0
3460229,0.0,0.0,0.0,0.0,0.0,0.0,0.0
3460542,0.0,0.0,0.0,0.0,1.0,0.0,0.0
3460545,0.0,0.0,0.0,0.0,0.0,0.0,0.0
3460546,0.0,0.0,0.0,0.0,1.0,0.0,0.0
3460547,0.0,0.0,0.0,0.0,0.0,0.0,0.0
3460655,0.0,0.0,0.0,0.0,1.0,0.0,0.0
3460656,0.0,0.0,0.0,0.0,0.0,0.0,0.0
3460657,0.0,0.0,0.0,0.0,1.0,0.0,0.0
3460658,0.0,0.0,0.0,0.0,0.0,0.0,0.0
3460662,0.0,0.0,0.0,0.0,1.0,0.0,0.0
3460663,0.0,0.0,0.0,0.0,0.0,0.0,0.0
3460674,0.0,0.0,0.0,0.0,1.0,0.0,0.0
3460675,0.0,0.0,0.0,0.0,0.0,0.0,0.0
3461848,0.0,0.0,0.0,0.0,1.0,0.0,0.0
3461851,0.0,0.0,0.0,0.0,0.0,0.0,0.0
3461853,0.0,0.0,0.0,0.0,1.0,0.0,0.0
3461854,0.0,0.0,0.0,0.0,0.0,0.0,0.0
3463018,0.0,0.0,0.0,0.0,1.0,0.0,0.0
3463019,0.0,0.0,0.0,0.0,0.0,0.0,0.0
3463020,0.0,0.0,0.0,0.0,1.0,0.0,0.0
3463021,0.0,0.0,0.0,0.0,0.0,0.0,0.0
3463022,0.0,0.0,0.0,0.0,1.0,0.0,0.0
3463023,0.0,0.0,0.0,0.0,0.0,0.0,0.0
3463024,0.0,0.0,0.0,0.0,1.0,0.0,0.0
3463025,0.0,0.0,0.0,0.0,0.0,0.0,0.0
3463027,0.0,0.0,0.0,0.0,1.0,0.0,0.0
3463031,0.0,0.0,0.0,0.0,2.0,0.0,0.0
3463032,0.0,0.0,0.0,0.0,0.0,0.0,0.0
3463599,0.0,0.0,0.0,0.0,1.0,0.0,0.0
3463600,0.0,0.0,0.0,0.0,0.0,0.0,0.0
3463696,0.0,0.0,0.0,0.0,1.0,0.0,0.0
3463697,0.0,0.0,0.0,0.0,0.0,0.0,0.0
3463860,0.0,0.0,0.0,0.0,1.0,0.0,0.0
3463861,0.0,0.0,0.0,0.0,0.0,0.0,0.0
3464381,0.0,0.0,0.0,0.0,1.0,0.0,0.0
3464382,0.0,0.0,0.0,0.0,0.0,0.0,0.0
3464383,0.0,0.0,0.0,0.0,1.0,0.0,0.0
3464386,0.0,0.0,0.0,0.0,0.0,0.0,0.0
3464390,0.0,0.0,0.0,0.0,1.0,0.0,0.0
3464391,0.0,0.0,0.0,0.0,0.0,0.0,0.0
3464459,0.0,0.0,0.0,0.0,1.0,0.0,0.0
3464460,0.0,0.0,0.0,0.0,0.0,0.0,0.0
3464461,0.0,0.0,0.0,0.0,1.0,0.0,0.0
3464462,0.0,0.0,0.0,0.0,0.0,0.0,0.0
3466002,0.0,0.0,0.0,0.0,1.0,0.0,0.0
3466004,0.0,0.0,0.0,0.0,2.0,0.0,0.0
3466005,0.0,0.0,0.0,0.0,0.0,0.0,0.0
3467223,0.0,2.0,0.0,0.0,0.0,1.0,0.0
3467224,0.0,0.0,0.0,0.0,0.0,0.0,0.0
3468195,0.0,0.0,1.0,0.0,0.0,0.0,0.0
3468196,0.0,0.0,0.0,0.0,0.0,0.0,0.0
3468209,0.0,0.0,1.0,0.0,0.0,0.0,0.0
3468215,0.0,0.0,0.0,0.0,0.0,0.0,0.0
3468218,0.0,0.0,1.0,0.0,0.0,0.0,0.0
3468235,0.0,0.0,0.0,0.0,0.0,0.0,0.0
3468241,0.0,0.0,1.0,0.0,0.0,0.0,0.0
3468246,0.0,0.0,0.0,0.0,0.0,0.0,0.0
3468247,0.0,0.0,1.0,0.0,0.0,0.0,0.0
3468250,0.0,0.0,0.0,0.0,0.0,0.0,0.0
3468252,0.0,0.0,1.0,0.0,0.0,0.0,0.0
3468254,0.0,0.0,0.0,0.0,0.0,0.0,0.0
3468261,0.0,0.0,1.0,0.0,0.0,0.0,0.0
3468262,0.0,0.0,0.0,0.0,0.0,0.0,0.0
3468263,0.0,0.0,1.0,0.0,0.0,0.0,0.0
3468266,0.0,0.0,0.0,0.0,0.0,0.0,0.0
3468267,0.0,0.0,1.0,0.0,0.0,0.0,0.0
3468277,0.0,0.0,0.0,0.0,0.0,0.0,0.0
3468404,0.0,0.0,1.0,0.0,0.0,0.0,0.0
3468405,0.0,0.0,0.0,0.0,0.0,0.0,0.0
3468406,0.0,0.0,1.0,0.0,0.0,0.0,0.0
3468413,0.0,0.0,0.0,0.0,0.0,0.0,0.0
3468491,0.0,0.0,1.0,0.0,0.0,0.0,0.0
3468494,0.0,0.0,0.0,0.0,0.0,0.0,0.0
3468501,0.0,0.0,1.0,0.0,0.0,0.0,0.0
3468514,0.0,0.0,0.0,0.0,0.0,0.0,0.0
3468515,0.0,0.0,1.0,0.0,0.0,0.0,0.0
3468517,0.0,0.0,0.0,0.0,0.0,0.0,0.0
3468522,0.0,0.0,1.0,0.0,0.0,0.0,0.0
3468525,0.0,0.0,0.0,0.0,0.0,0.0,0.0
3468532,0.0,0.0,1.0,0.0,0.0,0.0,0.0
3468533,0.0,0.0,0.0,0.0,0.0,0.0,0.0
3468545,0.0,0.0,1.0,0.0,0.0,0.0,0.0
3468548,0.0,0.0,0.0,0.0,0.0,0.0,0.0
3469997,0.0,0.0,0.0,1.0,0.0,0.0,0.0
3469998,0.0,0.0,0.0,0.0,0.0,0.0,0.0
3470047,0.0,0.0,0.0,0.0,1.0,0.0,0.0
3470052,0.0,0.0,0.0,0.0,0.0,0.0,0.0
3470604,0.0,0.0,0.0,0.0,1.0,0.0,0.0
3470607,0.0,0.0,0.0,0.0,2.0,0.0,0.0
3470608,0.0,0.0,0.0,0.0,0.0,0.0,0.0
3472082,0.0,0.0,0.0,0.0,1.0,0.0,0.0
3472083,0.0,0.0,0.0,0.0,0.0,0.0,0.0
3473229,0.0,0.0,0.0,0.0,1.0,0.0,0.0
3473230,0.0,0.0,0.0,0.0,0.0,0.0,0.0
3473231,0.0,0.0,0.0,0.0,1.0,0.0,0.0
3473232,0.0,0.0,0.0,0.0,0.0,0.0,0.0
3473362,0.0,0.0,0.0,0.0,1.0,0.0,0.0
3473363,0.0,0.0,0.0,0.0,0.0,0.0,0.0
3473366,0.0,0.0,0.0,0.0,1.0,0.0,0.0
3473367,0.0,0.0,0.0,0.0,0.0,0.0,0.0
3473368,0.0,0.0,0.0,0.0,1.0,0.0,0.0
3473369,0.0,0.0,0.0,0.0,2.0,0.0,0.0
3473370,0.0,0.0,0.0,0.0,0.0,0.0,0.0
3473923,0.0,0.0,0.0,0.0,1.0,0.0,0.0
3473928,0.0,0.0,0.0,0.0,0.0,0.0,0.0
3473933,0.0,0.0,0.0,0.0,1.0,0.0,0.0
3473934,0.0,0.0,0.0,0.0,0.0,0.0,0.0
3473935,0.0,0.0,0.0,0.0,1.0,0.0,0.0
3473936,0.0,0.0,0.0,0.0,0.0,0.0,0.0
3473937,0.0,0.0,0.0,0.0,1.0,0.0,0.0
3473938,0.0,0.0,0.0,0.0,0.0,0.0,0.0
3473940,0.0,0.0,0.0,0.0,1.0,0.0,0.0
3473941,0.0,0.0,0.0,0.0,0.0,0.0,0.0
3474535,0.0,0.0,0.0,0.0,1.0,0.0,0.0
3474536,0.0,0.0,0.0,0.0,0.0,0.0,0.0
3474537,0.0,0.0,0.0,0.0,1.0,0.0,0.0
3474538,0.0,0.0,0.0,0.0,0.0,0.0,0.0
3477513,0.0,0.0,0.0,0.0,1.0,0.0,0.0
3477519,0.0,0.0,0.0,0.0,2.0,0.0,0.0
3477520,0.0,0.0,0.0,0.0,0.0,0.0,0.0
3477730,0.0,0.0,0.0,0.0,1.0,0.0,0.0
3477731,0.0,0.0,0.0,0.0,0.0,0.0,0.0
3478317,0.0,0.0,0.0,0.0,1.0,0.0,0.0
3478318,0.0,0.0,0.0,0.0,0.0,0.0,0.0
3478319,0.0,0.0,0.0,0.0,1.0,0.0,0.0
3478322,0.0,0.0,0.0,0.0,0.0,0.0,0.0
3478323,0.0,0.0,0.0,0.0,1.0,0.0,0.0
3478325,0.0,0.0,0.0,0.0,0.0,0.0,0.0
3478334,0.0,0.0,0.0,0.0,1.0,0.0,0.0
3478335,0.0,0.0,0.0,0.0,0.0,0.0,0.0
3478341,0.0,0.0,0.0,0.0,1.0,0.0,0.0
3478342,0.0,0.0,0.0,0.0,0.0,0.0,0.0
3478343,0.0,0.0,0.0,0.0,1.0,0.0,0.0
3478344,0.0,0.0,0.0,0.0,0.0,0.0,0.0
3479892,0.0,0.0,0.0,0.0,1.0,0.0,0.0
3479893,0.0,0.0,0.0,0.0,0.0,0.0,0.0
3479897,0.0,0.0,0.0,0.0,1.0,0.0,0.0
3479898,0.0,0.0,0.0,0.0,0.0,0.0,0.0
3480585,0.0,0.0,0.0,0.0,1.0,0.0,0.0
3480586,0.0,0.0,0.0,0.0,0.0,0.0,0.0
3480737,0.0,0.0,0.0,0.0,1.0,0.0,0.0
3480738,0.0,0.0,0.0,0.0,0.0,0.0,0.0
3481341,0.0,0.0,0.0,0.0,1.0,0.0,0.0
3481342,0.0,0.0,0.0,0.0,0.0,0.0,0.0
3482612,0.0,0.0,0.0,0.0,1.0,0.0,0.0
3482613,0.0,0.0,0.0,0.0,0.0,0.0,0.0
3482648,0.0,0.0,0.0,0.0,1.0,0.0,0.0
3482649,0.0,0.0,0.0,0.0,0.0,0.0,0.0
3482650,0.0,0.0,0.0,0.0,1.0,0.0,0.0
3482651,0.0,0.0,0.0,0.0,0.0,0.0,0.0
3483454,0.0,0.0,0.0,0.0,1.0,0.0,0.0
3483455,0.0,0.0,0.0,0.0,0.0,0.0,0.0
3485675,0.0,0.0,0.0,0.0,1.0,0.0,0.0
3485678,0.0,0.0,0.0,0.0,0.0,0.0,0.0
3486127,0.0,0.0,0.0,0.0,1.0,0.0,0.0
3486128,0.0,0.0,0.0,0.0,0.0,0.0,0.0
3486139,0.0,0.0,0.0,0.0,1.0,0.0,0.0
3486140,0.0,0.0,0.0,0.0,0.0,0.0,0.0
3486141,0.0,0.0,0.0,0.0,1.0,0.0,0.0
3486143,0.0,0.0,0.0,0.0,2.0,0.0,0.0
3486144,0.0,0.0,0.0,0.0,0.0,0.0,0.0
3486413,0.0,0.0,0.0,0.0,1.0,0.0,0.0
3486415,0.0,0.0,0.0,0.0,0.0,0.0,0.0
3487308,0.0,0.0,0.0,0.0,1.0,0.0,0.0
3487310,0.0,0.0,0.0,0.0,2.0,0.0,0.0
3487311,0.0,0.0,0.0,0.0,0.0,0.0,0.0
3490690,0.0,0.0,0.0,0.0,1.0,0.0,0.0
3490691,0.0,0.0,0.0,0.0,2.0,0.0,0.0
3490692,0.0,0.0,0.0,0.0,0.0,0.0,0.0
3491629,0.0,0.0,0.0,0.0,1.0,0.0,0.0
3491630,0.0,0.0,0.0,0.0,0.0,0.0,0.0
3491631,0.0,0.0,0.0,0.0,1.0,0.0,0.0
3491632,0.0,0.0,0.0,0.0,0.0,0.0,0.0
3491633,0.0,0.0,0.0,0.0,1.0,0.0,0.0
3491634,0.0,0.0,0.0,0.0,0.0,0.0,0.0
3491663,0.0,0.0,0.0,0.0,1.0,0.0,0.0
3491665,0.0,0.0,0.0,0.0,0.0,0.0,0.0
3491666,0.0,0.0,0.0,0.0,1.0,0.0,0.0
3491667,0.0,0.0,0.0,0.0,0.0,0.0,0.0
3492555,0.0,0.0,0.0,0.0,1.0,0.0,0.0
3492559,0.0,0.0,0.0,0.0,0.0,0.0,0.0
3492841,0.0,0.0,0.0,0.0,1.0,0.0,0.0
3492842,0.0,0.0,0.0,0.0,0.0,0.0,0.0
3492844,0.0,0.0,0.0,0.0,1.0,0.0,0.0
3492845,0.0,0.0,0.0,0.0,0.0,0.0,0.0
3492846,0.0,0.0,0.0,0.0,1.0,0.0,0.0
3492847,0.0,0.0,0.0,0.0,0.0,0.0,0.0
3492849,0.0,0.0,0.0,0.0,1.0,0.0,0.0
3492850,0.0,0.0,0.0,0.0,0.0,0.0,0.0
3493098,0.0,0.0,0.0,0.0,1.0,0.0,0.0
3493101,0.0,0.0,0.0,0.0,0.0,0.0,0.0
3493102,0.0,0.0,0.0,0.0,1.0,0.0,0.0
3493105,0.0,0.0,0.0,0.0,2.0,0.0,0.0
3493106,0.0,0.0,0.0,0.0,0.0,0.0,0.0
3493441,0.0,0.0,0.0,0.0,1.0,0.0,0.0
3493442,0.0,0.0,0.0,0.0,0.0,0.0,0.0
3495293,0.0,0.0,0.0,0.0,1.0,0.0,0.0
3495294,0.0,0.0,0.0,0.0,0.0,0.0,0.0
3495295,0.0,0.0,0.0,0.0,1.0,0.0,0.0
3495297,0.0,0.0,0.0,0.0,0.0,0.0,0.0
3495298,0.0,0.0,0.0,0.0,1.0,0.0,0.0
3495299,0.0,0.0,0.0,0.0,0.0,0.0,0.0
3495473,0.0,0.0,0.0,0.0,1.0,0.0,0.0
3495474,0.0,0.0,0.0,0.0,0.0,0.0,0.0
3495900,0.0,0.0,0.0,0.0,1.0,0.0,0.0
3495901,0.0,0.0,0.0,0.0,0.0,0.0,0.0
3495935,0.0,0.0,0.0,0.0,1.0,0.0,0.0
3495938,0.0,0.0,0.0,0.0,2.0,0.0,0.0
3495939,0.0,0.0,0.0,0.0,0.0,0.0,0.0
3496211,0.0,0.0,0.0,0.0,1.0,0.0,0.0
3496212,0.0,0.0,0.0,0.0,0.0,0.0,0.0
3496423,0.0,0.0,0.0,0.0,1.0,0.0,0.0
3496425,0.0,0.0,0.0,0.0,0.0,0.0,0.0
3496543,0.0,0.0,0.0,0.0,1.0,0.0,0.0
3496544,0.0,0.0,0.0,0.0,0.0,0.0,0.0
3497099,0.0,0.0,0.0,0.0,1.0,0.0,0.0
3497100,0.0,0.0,0.0,0.0,0.0,0.0,0.0
3497691,0.0,0.0,0.0,0.0,1.0,0.0,0.0
3497693,0.0,0.0,0.0,0.0,0.0,0.0,0.0
3497694,0.0,0.0,0.0,0.0,1.0,0.0,0.0
3497695,0.0,0.0,0.0,0.0,0.0,0.0,0.0
3497736,0.0,0.0,0.0,0.0,1.0,0.0,0.0
3497739,0.0,0.0,0.0,0.0,0.0,0.0,0.0
3499692,0.0,0.0,0.0,0.0,1.0,0.0,0.0
3499694,0.0,0.0,0.0,0.0,2.0,0.0,0.0
3499695,0.0,0.0,0.0,0.0,0.0,0.0,0.0
3500511,0.0,0.0,0.0,0.0,1.0,0.0,0.0
3500512,0.0,0.0,0.0,0.0,0.0,0.0,0.0
3500878,0.0,0.0,0.0,0.0,1.0,0.0,0.0
3500879,0.0,0.0,0.0,0.0,0.0,0.0,0.0
3500880,0.0,0.0,0.0,0.0,1.0,0.0,0.0
3500882,0.0,0.0,0.0,0.0,0.0,0.0,0.0
3500903,0.0,0.0,0.0,0.0,1.0,0.0,0.0
3500904,0.0,0.0,0.0,0.0,0.0,0.0,0.0
3500911,0.0,0.0,0.0,0.0,1.0,0.0,0.0
3500913,0.0,0.0,0.0,0.0,2.0,0.0,0.0
3500914,0.0,0.0,0.0,0.0,0.0,0.0,0.0
3501944,0.0,0.0,0.0,0.0,1.0,0.0,0.0
3501945,0.0,0.0,0.0,0.0,0.0,0.0,0.0
3501946,0.0,0.0,0.0,0.0,1.0,0.0,0.0
3501947,0.0,0.0,0.0,0.0,0.0,0.0,0.0
3504609,0.0,0.0,0.0,0.0,1.0,0.0,0.0
3504612,0.0,0.0,0.0,0.0,0.0,0.0,0.0
3504614,0.0,0.0,0.0,0.0,1.0,0.0,0.0
3504615,0.0,0.0,0.0,0.0,0.0,0.0,0.0
3504859,0.0,0.0,0.0,0.0,1.0,0.0,0.0
3504860,0.0,0.0,0.0,0.0,0.0,0.0,0.0
3505872,0.0,0.0,0.0,1.0,0.0,0.0,0.0
3505873,0.0,0.0,0.0,0.0,0.0,0.0,0.0
3509694,0.0,0.0,0.0,0.0,1.0,0.0,0.0
3509695,0.0,0.0,0.0,0.0,0.0,0.0,0.0
3510067,0.0,0.0,0.0,0.0,1.0,0.0,0.0
3510068,0.0,0.0,0.0,0.0,0.0,0.0,0.0
3510491,0.0,0.0,0.0,0.0,1.0,0.0,0.0
3510492,0.0,0.0,0.0,0.0,0.0,0.0,0.0
3510787,0.0,0.0,0.0,0.0,1.0,0.0,0.0
3510793,0.0,0.0,0.0,0.0,0.0,0.0,0.0
3511408,0.0,0.0,0.0,0.0,1.0,0.0,0.0
3511410,0.0,0.0,0.0,0.0,0.0,0.0,0.0
3511412,0.0,0.0,0.0,0.0,1.0,0.0,0.0
3511415,0.0,0.0,0.0,0.0,0.0,0.0,0.0
3511416,0.0,0.0,0.0,0.0,1.0,0.0,0.0
3511418,0.0,0.0,0.0,0.0,0.0,0.0,0.0
3511422,0.0,0.0,0.0,0.0,1.0,0.0,0.0
3511423,0.0,0.0,0.0,0.0,0.0,0.0,0.0
3511431,0.0,0.0,0.0,0.0,1.0,0.0,0.0
3511432,0.0,0.0,0.0,0.0,0.0,0.0,0.0
3511436,0.0,0.0,0.0,0.0,1.0,0.0,0.0
3511437,0.0,0.0,0.0,0.0,0.0,0.0,0.0
3511441,0.0,0.0,0.0,0.0,1.0,0.0,0.0
3511443,0.0,0.0,0.0,0.0,0.0,0.0,0.0
3512393,0.0,0.0,0.0,0.0,1.0,0.0,0.0
3512394,0.0,0.0,0.0,0.0,0.0,0.0,0.0
3513009,0.0,0.0,0.0,0.0,1.0,0.0,0.0
3513011,0.0,0.0,0.0,0.0,0.0,0.0,0.0
3513723,0.0,0.0,0.0,0.0,1.0,0.0,0.0
3513724,0.0,0.0,0.0,0.0,0.0,0.0,0.0
3513725,0.0,0.0,0.0,0.0,1.0,0.0,0.0
3513727,0.0,0.0,0.0,0.0,0.0,0.0,0.0
3514054,0.0,0.0,0.0,0.0,1.0,0.0,0.0
3514055,0.0,0.0,0.0,0.0,0.0,0.0,0.0
3514056,0.0,0.0,0.0,0.0,1.0,0.0,0.0
3514058,0.0,0.0,0.0,0.0,0.0,0.0,0.0
3514059,0.0,0.0,0.0,0.0,1.0,0.0,0.0
3514060,0.0,0.0,0.0,0.0,0.0,0.0,0.0
3514665,0.0,0.0,0.0,0.0,1.0,0.0,0.0
3514666,0.0,0.0,0.0,0.0,0.0,0.0,0.0
3514842,0.0,0.0,0.0,0.0,1.0,0.0,0.0
3514843,0.0,0.0,0.0,0.0,0.0,0.0,0.0
3514844,0.0,0.0,0.0,0.0,1.0,0.0,0.0
3514845,0.0,0.0,0.0,0.0,0.0,0.0,0.0
3516235,0.0,0.0,0.0,0.0,1.0,0.0,0.0
3516243,0.0,0.0,0.0,0.0,0.0,0.0,0.0
3516263,0.0,0.0,0.0,0.0,1.0,0.0,0.0
3516264,0.0,0.0,0.0,0.0,0.0,0.0,0.0
3516265,0.0,0.0,0.0,0.0,1.0,0.0,0.0
3516266,0.0,0.0,0.0,0.0,0.0,0.0,0.0
3516268,0.0,0.0,0.0,0.0,1.0,0.0,0.0
3516269,0.0,0.0,0.0,0.0,0.0,0.0,0.0
3516271,0.0,0.0,0.0,0.0,1.0,0.0,0.0
3516274,0.0,0.0,0.0,0.0,0.0,0.0,0.0
3516626,0.0,0.0,0.0,0.0,1.0,0.0,0.0
3516628,0.0,0.0,0.0,0.0,0.0,0.0,0.0
3516740,0.0,0.0,0.0,0.0,1.0,0.0,0.0
3516741,0.0,0.0,0.0,0.0,0.0,0.0,0.0
3516742,0.0,0.0,0.0,0.0,1.0,0.0,0.0
3516743,0.0,0.0,0.0,0.0,0.0,0.0,0.0
3516747,0.0,0.0,0.0,0.0,1.0,0.0,0.0
3516749,0.0,0.0,0.0,0.0,0.0,0.0,0.0
3517017,0.0,0.0,0.0,0.0,1.0,0.0,0.0
3517019,0.0,0.0,0.0,0.0,0.0,0.0,0.0
3517020,0.0,0.0,0.0,0.0,1.0,0.0,0.0
3517021,0.0,0.0,0.0,0.0,0.0,0.0,0.0
3517022,0.0,0.0,0.0,0.0,1.0,0.0,0.0
3517029,0.0,0.0,0.0,0.0,0.0,0.0,0.0
3518252,0.0,0.0,0.0,0.0,1.0,0.0,0.0
3518255,0.0,0.0,0.0,0.0,0.0,0.0,0.0
3519444,0.0,0.0,0.0,0.0,1.0,0.0,0.0
3519446,0.0,0.0,0.0,0.0,0.0,0.0,0.0
3520136,0.0,0.0,0.0,0.0,1.0,0.0,0.0
3520137,0.0,0.0,0.0,0.0,0.0,0.0,0.0
3520138,0.0,0.0,0.0,0.0,1.0,0.0,0.0
3520139,0.0,0.0,0.0,0.0,0.0,0.0,0.0
3520140,0.0,0.0,0.0,0.0,1.0,0.0,0.0
3520142,0.0,0.0,0.0,0.0,0.0,0.0,0.0
3520277,0.0,0.0,0.0,0.0,1.0,0.0,0.0
3520278,0.0,0.0,0.0,0.0,0.0,0.0,0.0
3522684,0.0,0.0,0.0,1.0,0.0,0.0,0.0
3522685,0.0,0.0,0.0,0.0,0.0,0.0,0.0
3523257,0.0,0.0,0.0,0.0,1.0,0.0,0.0
3523258,0.0,0.0,0.0,0.0,0.0,0.0,0.0
3525180,0.0,0.0,0.0,1.0,0.0,0.0,0.0
3525181,0.0,0.0,0.0,1.0,1.0,0.0,0.0
3525182,0.0,0.0,0.0,2.0,1.0,1.0,0.0
3525183,0.0,0.0,0.0,0.0,0.0,0.0,0.0
3525648,0.0,0.0,1.0,0.0,0.0,0.0,0.0
3525649,0.0,0.0,0.0,0.0,0.0,0.0,0.0
3525651,0.0,0.0,1.0,0.0,0.0,0.0,0.0
3525663,0.0,0.0,0.0,0.0,0.0,0.0,0.0
3526278,0.0,0.0,1.0,0.0,0.0,0.0,0.0
3526306,0.0,0.0,0.0,0.0,0.0,0.0,0.0
3526324,0.0,0.0,1.0,0.0,0.0,0.0,0.0
3526325,0.0,0.0,0.0,0.0,0.0,0.0,0.0
3526331,0.0,0.0,1.0,0.0,0.0,0.0,0.0
3526340,0.0,0.0,0.0,0.0,0.0,0.0,0.0
3526342,0.0,0.0,1.0,0.0,0.0,0.0,0.0
3526345,0.0,0.0,0.0,0.0,0.0,0.0,0.0
3526346,0.0,0.0,1.0,0.0,0.0,0.0,0.0
3526389,0.0,0.0,0.0,0.0,0.0,0.0,0.0
3526633,0.0,0.0,1.0,0.0,0.0,0.0,0.0
3526636,0.0,0.0,0.0,0.0,0.0,0.0,0.0
3526638,0.0,0.0,1.0,0.0,0.0,0.0,0.0
3526641,0.0,0.0,0.0,0.0,0.0,0.0,0.0
3526645,0.0,0.0,1.0,0.0,0.0,0.0,0.0
3526665,0.0,0.0,0.0,0.0,0.0,0.0,0.0
3526666,0.0,0.0,1.0,0.0,0.0,0.0,0.0
3526680,0.0,0.0,0.0,0.0,0.0,0.0,0.0
3526682,0.0,0.0,1.0,0.0,0.0,0.0,0.0
3526685,0.0,0.0,0.0,0.0,0.0,0.0,0.0
3526693,0.0,0.0,1.0,0.0,0.0,0.0,0.0
3526695,0.0,0.0,0.0,0.0,0.0,0.0,0.0
3526703,0.0,0.0,1.0,0.0,0.0,0.0,0.0
3526705,0.0,0.0,0.0,0.0,0.0,0.0,0.0
3526713,0.0,0.0,1.0,0.0,0.0,0.0,0.0
3526714,0.0,0.0,0.0,0.0,0.0,0.0,0.0
3527255,0.0,0.0,1.0,0.0,0.0,0.0,0.0
3527264,0.0,0.0,0.0,0.0,0.0,0.0,0.0
3527306,0.0,0.0,1.0,0.0,0.0,0.0,0.0
3527308,0.0,0.0,0.0,0.0,0.0,0.0,0.0
3527311,0.0,0.0,1.0,0.0,0.0,0.0,0.0
3527313,0.0,0.0,0.0,0.0,0.0,0.0,0.0
3527314,0.0,0.0,1.0,0.0,0.0,0.0,0.0
3527318,0.0,0.0,0.0,0.0,0.0,0.0,0.0
3527320,0.0,0.0,1.0,0.0,0.0,0.0,0.0
3527332,0.0,0.0,0.0,0.0,0.0,0.0,0.0
3527339,0.0,0.0,1.0,0.0,0.0,0.0,0.0
3527347,0.0,0.0,0.0,0.0,0.0,0.0,0.0
3527366,0.0,0.0,1.0,0.0,0.0,0.0,0.0
3527367,0.0,0.0,0.0,0.0,0.0,0.0,0.0
3527369,0.0,0.0,1.0,0.0,0.0,0.0,0.0
3527372,0.0,0.0,0.0,0.0,0.0,0.0,0.0
3527431,0.0,0.0,1.0,0.0,0.0,0.0,0.0
3527435,0.0,0.0,0.0,0.0,0.0,0.0,0.0
3527448,0.0,0.0,1.0,0.0,0.0,0.0,0.0
3527450,0.0,0.0,0.0,0.0,0.0,0.0,0.0
3527454,0.0,0.0,1.0,0.0,0.0,0.0,0.0
3527455,0.0,0.0,0.0,0.0,0.0,0.0,0.0
3527576,0.0,0.0,1.0,0.0,0.0,0.0,0.0
3527577,0.0,0.0,0.0,0.0,0.0,0.0,0.0
3527579,0.0,0.0,1.0,0.0,0.0,0.0,0.0
3527592,0.0,0.0,0.0,0.0,0.0,0.0,0.0
3527596,0.0,0.0,1.0,0.0,0.0,0.0,0.0
3527597,0.0,0.0,0.0,0.0,0.0,0.0,0.0
3527656,0.0,0.0,1.0,0.0,0.0,0.0,0.0
3527675,0.0,0.0,0.0,0.0,0.0,0.0,0.0
3527708,0.0,0.0,1.0,0.0,0.0,0.0,0.0
3527709,0.0,0.0,0.0,0.0,0.0,0.0,0.0
3527723,0.0,0.0,1.0,0.0,0.0,0.0,0.0
3527724,0.0,0.0,0.0,0.0,0.0,0.0,0.0
3527740,0.0,0.0,1.0,0.0,0.0,0.0,0.0
3527763,0.0,0.0,0.0,0.0,0.0,0.0,0.0
3527766,0.0,0.0,1.0,0.0,0.0,0.0,0.0
3527768,0.0,0.0,0.0,0.0,0.0,0.0,0.0
3527772,0.0,0.0,1.0,0.0,0.0,0.0,0.0
3527773,0.0,0.0,0.0,0.0,0.0,0.0,0.0
3527774,0.0,0.0,1.0,0.0,0.0,0.0,0.0
3527777,0.0,0.0,0.0,0.0,0.0,0.0,0.0
3527793,0.0,0.0,1.0,0.0,0.0,0.0,0.0
3527797,0.0,0.0,0.0,0.0,0.0,0.0,0.0
3527799,0.0,0.0,1.0,0.0,0.0,0.0,0.0
3527812,0.0,0.0,0.0,0.0,0.0,0.0,0.0
3527828,0.0,0.0,1.0,0.0,0.0,0.0,0.0
3527831,0.0,0.0,0.0,0.0,0.0,0.0,0.0
3527844,0.0,0.0,1.0,0.0,0.0,0.0,0.0
3527913,0.0,0.0,1.0,0.0,1.0,0.0,0.0
3527916,0.0,0.0,1.0,0.0,0.0,0.0,0.0
3528144,0.0,0.0,0.0,0.0,0.0,0.0,0.0
3528145,0.0,0.0,1.0,0.0,0.0,0.0,0.0
3528227,0.0,0.0,0.0,0.0,0.0,0.0,0.0
3528231,0.0,0.0,1.0,0.0,0.0,0.0,0.0
3528232,0.0,0.0,0.0,0.0,0.0,0.0,0.0
3528233,0.0,0.0,1.0,0.0,0.0,0.0,0.0
3528300,0.0,0.0,0.0,0.0,0.0,0.0,0.0
3528301,0.0,0.0,1.0,0.0,0.0,0.0,0.0
3528324,0.0,0.0,0.0,0.0,0.0,0.0,0.0
3528332,0.0,0.0,1.0,0.0,0.0,0.0,0.0
3528349,0.0,0.0,0.0,0.0,0.0,0.0,0.0
3532546,0.0,0.0,0.0,0.0,1.0,0.0,0.0
3532549,0.0,0.0,0.0,0.0,0.0,0.0,0.0
3533195,0.0,0.0,0.0,0.0,1.0,0.0,0.0
3533198,0.0,0.0,0.0,0.0,0.0,0.0,0.0
3533213,0.0,0.0,0.0,0.0,1.0,0.0,0.0
3533215,0.0,0.0,0.0,0.0,0.0,0.0,0.0
3533219,0.0,0.0,0.0,0.0,1.0,0.0,0.0
3533222,0.0,0.0,0.0,0.0,0.0,0.0,0.0
3533223,0.0,0.0,0.0,0.0,1.0,0.0,0.0
3533225,0.0,0.0,0.0,0.0,0.0,0.0,0.0
3535507,0.0,0.0,0.0,0.0,1.0,0.0,0.0
3535508,0.0,0.0,0.0,0.0,0.0,0.0,0.0
3535509,0.0,0.0,0.0,0.0,1.0,0.0,0.0
3535511,0.0,0.0,0.0,0.0,0.0,0.0,0.0
3536680,0.0,0.0,0.0,0.0,1.0,0.0,0.0
3536681,0.0,0.0,0.0,0.0,0.0,0.0,0.0
3539702,0.0,0.0,0.0,0.0,1.0,0.0,0.0
3539703,0.0,0.0,0.0,0.0,0.0,0.0,0.0
3539704,0.0,0.0,0.0,0.0,1.0,0.0,0.0
3539711,0.0,0.0,0.0,0.0,0.0,0.0,0.0
3539712,0.0,0.0,0.0,0.0,1.0,0.0,0.0
3539714,0.0,0.0,0.0,0.0,0.0,0.0,0.0
3539868,0.0,0.0,0.0,0.0,1.0,0.0,0.0
3539870,0.0,0.0,0.0,0.0,2.0,0.0,0.0
3539871,0.0,0.0,0.0,0.0,0.0,0.0,0.0
3542670,0.0,0.0,0.0,0.0,1.0,0.0,0.0
3542671,0.0,0.0,0.0,0.0,0.0,0.0,0.0
3542672,0.0,0.0,0.0,0.0,1.0,0.0,0.0
3542673,0.0,0.0,0.0,0.0,0.0,0.0,0.0
3544542,0.0,0.0,0.0,0.0,1.0,0.0,0.0
3544544,0.0,0.0,0.0,0.0,0.0,0.0,0.0
3549553,0.0,0.0,0.0,0.0,1.0,0.0,0.0
3549554,0.0,0.0,0.0,0.0,0.0,0.0,0.0
3549653,0.0,0.0,0.0,0.0,1.0,0.0,0.0
3549655,0.0,0.0,0.0,0.0,2.0,0.0,0.0
3549656,0.0,0.0,0.0,0.0,0.0,0.0,0.0
3550733,0.0,0.0,0.0,0.0,1.0,0.0,0.0
3550734,0.0,0.0,0.0,0.0,0.0,0.0,0.0
3550956,0.0,0.0,0.0,0.0,1.0,0.0,0.0
3550960,0.0,0.0,0.0,0.0,2.0,0.0,0.0
3550961,0.0,0.0,0.0,0.0,0.0,0.0,0.0
3552762,0.0,0.0,0.0,0.0,1.0,0.0,0.0
3552763,0.0,0.0,0.0,0.0,0.0,0.0,0.0
3552764,0.0,0.0,0.0,0.0,1.0,0.0,0.0
3552765,0.0,0.0,0.0,0.0,0.0,0.0,0.0
3552766,0.0,0.0,0.0,0.0,1.0,0.0,0.0
3552771,0.0,0.0,0.0,0.0,2.0,0.0,0.0
3552772,0.0,0.0,0.0,0.0,0.0,0.0,0.0
3556439,0.0,0.0,0.0,0.0,1.0,0.0,0.0
3556440,0.0,0.0,0.0,0.0,2.0,0.0,0.0
3556441,0.0,0.0,0.0,0.0,0.0,0.0,0.0
3563584,0.0,0.0,0.0,0.0,1.0,0.0,0.0
3563585,0.0,0.0,0.0,0.0,0.0,0.0,0.0
3563586,0.0,0.0,0.0,0.0,1.0,0.0,0.0
3563587,0.0,0.0,0.0,0.0,0.0,0.0,0.0
3566680,0.0,0.0,0.0,0.0,1.0,0.0,0.0
3566683,0.0,0.0,0.0,0.0,0.0,0.0,0.0
3571453,0.0,0.0,0.0,0.0,1.0,0.0,0.0
3571454,0.0,0.0,0.0,0.0,0.0,0.0,0.0
3571455,0.0,0.0,0.0,0.0,1.0,0.0,0.0
3571456,0.0,0.0,0.0,0.0,0.0,0.0,0.0
3574365,0.0,0.0,0.0,0.0,1.0,0.0,0.0
3574367,0.0,0.0,0.0,0.0,2.0,0.0,0.0
3574368,0.0,0.0,0.0,0.0,0.0,0.0,0.0
3584742,0.0,0.0,0.0,0.0,1.0,0.0,0.0
3584743,0.0,0.0,0.0,0.0,0.0,0.0,0.0
3584744,0.0,0.0,0.0,0.0,1.0,0.0,0.0
3584745,0.0,0.0,0.0,0.0,0.0,0.0,0.0
3588438,0.0,0.0,0.0,0.0,1.0,0.0,0.0
3588440,0.0,0.0,0.0,0.0,0.0,0.0,0.0
3591715,0.0,0.0,0.0,0.0,1.0,0.0,0.0
3591716,0.0,0.0,0.0,0.0,0.0,0.0,0.0
3591717,0.0,0.0,0.0,0.0,1.0,0.0,0.0
3591718,0.0,0.0,0.0,0.0,0.0,0.0,0.0
3592127,0.0,0.0,0.0,0.0,1.0,0.0,0.0
3592128,0.0,0.0,0.0,0.0,0.0,0.0,0.0
3593676,0.0,0.0,0.0,0.0,1.0,0.0,0.0
3593680,0.0,0.0,0.0,0.0,0.0,0.0,0.0
3593687,0.0,0.0,0.0,0.0,1.0,0.0,0.0
3593690,0.0,0.0,0.0,0.0,0.0,0.0,0.0
3594107,0.0,0.0,0.0,0.0,1.0,0.0,0.0
3594108,0.0,0.0,0.0,0.0,0.0,0.0,0.0
3594110,0.0,0.0,0.0,0.0,1.0,0.0,0.0
3594112,0.0,0.0,0.0,0.0,2.0,0.0,0.0
3594113,0.0,0.0,0.0,0.0,0.0,0.0,0.0
3599716,0.0,0.0,0.0,0.0,1.0,0.0,0.0
3599717,0.0,0.0,0.0,0.0,0.0,0.0,0.0
3599870,0.0,0.0,0.0,0.0,1.0,0.0,0.0
3599871,0.0,0.0,0.0,0.0,0.0,0.0,0.0
3600000,0.0,0.0,0.0,0.0,0.0,0.0,1.0
3600001,0.0,0.0,0.0,0.0,0.0,0.0,0.0
3600090,0.0,0.0,0.0,0.0,1.0,0.0,0.0
3600091,0.0,0.0,0.0,0.0,0.0,0.0,0.0
3600092,0.0,0.0,0.0,0.0,1.0,0.0,0.0
3600095,0.0,0.0,0.0,0.0,0.0,0.0,0.0
3600096,0.0,0.0,0.0,0.0,1.0,0.0,0.0
3600098,0.0,0.0,0.0,0.0,0.0,0.0,0.0
3600190,0.0,0.0,0.0,0.0,1.0,0.0,0.0
3600191,0.0,0.0,0.0,0.0,0.0,0.0,0.0
3600192,0.0,0.0,0.0,0.0,1.0,0.0,0.0
3600193,0.0,0.0,0.0,0.0,0.0,0.0,0.0
3600319,0.0,2.0,0.0,0.0,0.0,1.0,0.0
3600320,0.0,0.0,0.0,0.0,0.0,0.0,0.0
3600407,0.0,0.0,1.0,0.0,0.0,0.0,0.0
3600417,0.0,0.0,0.0,0.0,0.0,0.0,0.0
3601492,0.0,0.0,0.0,1.0,0.0,0.0,0.0
3601493,0.0,0.0,0.0,0.0,0.0,0.0,0.0
3601915,0.0,0.0,0.0,1.0,0.0,0.0,0.0
3601916,0.0,0.0,0.0,0.0,0.0,0.0,0.0
3601921,0.0,0.0,0.0,1.0,1.0,0.0,0.0
3601923,0.0,0.0,0.0,2.0,2.0,1.0,0.0
3601924,0.0,0.0,0.0,0.0,0.0,0.0,0.0
3601979,0.0,0.0,1.0,0.0,0.0,0.0,0.0
3601982,0.0,0.0,0.0,0.0,0.0,0.0,0.0
3601983,0.0,0.0,1.0,0.0,0.0,0.0,0.0
3601994,0.0,0.0,0.0,0.0,0.0,0.0,0.0
3601996,0.0,0.0,1.0,0.0,0.0,0.0,0.0
3601999,0.0,0.0,0.0,0.0,0.0,0.0,0.0
3602001,0.0,0.0,1.0,0.0,0.0,0.0,0.0
3602005,0.0,0.0,0.0,0.0,0.0,0.0,0.0
3602006,0.0,0.0,1.0,0.0,0.0,0.0,0.0
3602012,0.0,0.0,2.0,0.0,0.0,0.0,0.0
3602013,0.0,0.0,0.0,0.0,0.0,0.0,0.0
3602170,0.0,0.0,1.0,0.0,0.0,0.0,0.0
3602180,0.0,0.0,1.0,0.0,1.0,0.0,0.0
3602181,0.0,0.0,1.0,0.0,0.0,0.0,0.0
3602182,0.0,0.0,2.0,0.0,1.0,0.0,0.0
3602183,0.0,0.0,0.0,0.0,1.0,0.0,0.0
3602184,0.0,0.0,0.0,0.0,0.0,0.0,0.0
3602185,0.0,0.0,0.0,0.0,1.0,0.0,0.0
3602186,0.0,0.0,0.0,0.0,0.0,0.0,0.0
3602187,0.0,0.0,0.0,0.0,1.0,0.0,0.0
3602188,0.0,0.0,0.0,0.0,0.0,0.0,0.0
3602286,0.0,0.0,1.0,0.0,0.0,0.0,0.0
3602287,0.0,0.0,0.0,0.0,0.0,0.0,0.0
3602289,0.0,0.0,1.0,0.0,0.0,0.0,0.0
3602309,0.0,0.0,0.0,0.0,0.0,0.0,0.0
3602312,0.0,0.0,1.0,0.0,0.0,0.0,0.0
3602313,0.0,0.0,0.0,0.0,0.0,0.0,0.0
3602353,0.0,0.0,1.0,0.0,0.0,0.0,0.0
3602354,0.0,0.0,0.0,0.0,0.0,0.0,0.0
3602355,0.0,0.0,1.0,0.0,0.0,0.0,0.0
3602357,0.0,0.0,0.0,0.0,0.0,0.0,0.0
3602389,0.0,0.0,1.0,0.0,0.0,0.0,0.0
3602390,0.0,0.0,0.0,0.0,0.0,0.0,0.0
3602433,0.0,0.0,1.0,0.0,0.0,0.0,0.0
3602437,0.0,0.0,0.0,0.0,0.0,0.0,0.0
3602439,0.0,0.0,1.0,0.0,0.0,0.0,0.0
3602470,0.0,0.0,0.0,0.0,0.0,0.0,0.0
3602479,0.0,0.0,1.0,0.0,0.0,0.0,0.0
3602545,0.0,0.0,0.0,0.0,0.0,0.0,0.0
3602547,0.0,0.0,1.0,0.0,0.0,0.0,0.0
3602549,0.0,0.0,0.0,0.0,0.0,0.0,0.0
3602558,0.0,0.0,1.0,0.0,0.0,0.0,0.0
3602560,0.0,0.0,0.0,0.0,0.0,0.0,0.0
3602573,0.0,0.0,1.0,0.0,0.0,0.0,0.0
3602574,0.0,0.0,0.0,0.0,0.0,0.0,0.0
3602598,0.0,0.0,1.0,0.0,0.0,0.0,0.0
3602599,0.0,0.0,0.0,0.0,0.0,0.0,0.0
3602615,0.0,0.0,1.0,0.0,0.0,0.0,0.0
3602617,0.0,0.0,0.0,0.0,0.0,0.0,0.0
3602622,0.0,0.0,1.0,0.0,0.0,0.0,0.0
3602624,0.0,0.0,0.0,0.0,0.0,0.0,0.0
3602625,0.0,0.0,1.0,0.0,0.0,0.0,0.0
3602633,0.0,0.0,1.0,0.0,1.0,0.0,0.0
3602636,0.0,0.0,1.0,0.0,0.0,0.0,0.0
3602637,0.0,0.0,1.0,0.0,1.0,0.0,0.0
3602640,0.0,0.0,1.0,0.0,0.0,0.0,0.0
3602646,0.0,0.0,1.0,0.0,1.0,0.0,0.0
3602647,0.0,0.0,1.0,0.0,0.0,0.0,0.0
3602753,0.0,0.0,0.0,0.0,0.0,0.0,0.0
3602759,0.0,0.0,1.0,0.0,0.0,0.0,0.0
3602760,0.0,0.0,0.0,0.0,0.0,0.0,0.0
3602825,0.0,0.0,1.0,0.0,0.0,0.0,0.0
3602838,0.0,0.0,0.0,0.0,0.0,0.0,0.0
3602839,0.0,0.0,1.0,0.0,0.0,0.0,0.0
3602841,0.0,0.0,0.0,0.0,0.0,0.0,0.0
3602844,0.0,0.0,1.0,0.0,0.0,0.0,0.0
3602845,0.0,0.0,0.0,0.0,0.0,0.0,0.0
3602851,0.0,0.0,1.0,0.0,0.0,0.0,0.0
3602852,0.0,0.0,0.0,0.0,0.0,0.0,0.0
3602854,0.0,0.0,1.0,0.0,0.0,0.0,0.0
3602859,0.0,0.0,0.0,0.0,0.0,0.0,0.0
3602862,0.0,0.0,1.0,0.0,0.0,0.0,0.0
3602863,0.0,0.0,0.0,0.0,0.0,0.0,0.0
3602960,0.0,0.0,1.0,0.0,0.0,0.0,0.0
3602979,0.0,0.0,1.0,0.0,1.0,0.0,0.0
3602984,0.0,0.0,1.0,0.0,0.0,0.0,0.0
3603040,0.0,0.0,0.0,0.0,0.0,0.0,0.0
3603480,0.0,0.0,0.0,0.0,1.0,0.0,0.0
3603483,0.0,0.0,0.0,0.0,0.0,0.0,0.0
3603970,0.0,0.0,0.0,0.0,1.0,0.0,0.0
3603972,0.0,0.0,0.0,0.0,2.0,0.0,0.0
3603973,0.0,0.0,0.0,0.0,0.0,0.0,0.0
3604566,0.0,0.0,0.0,1.0,0.0,0.0,0.0
3604567,0.0,0.0,0.0,0.0,0.0,0.0,0.0
3604644,0.0,0.0,0.0,0.0,1.0,0.0,0.0
3604647,0.0,0.0,0.0,0.0,0.0,0.0,0.0
3604648,0.0,0.0,0.0,0.0,1.0,0.0,0.0
3604653,0.0,0.0,0.0,0.0,0.0,0.0,0.0
3604836,0.0,0.0,0.0,0.0,1.0,0.0,0.0
3604838,0.0,0.0,0.0,0.0,2.0,0.0,0.0
3604839,0.0,0.0,0.0,0.0,0.0,0.0,0.0
3605617,0.0,0.0,0.0,0.0,1.0,0.0,0.0
3605621,0.0,0.0,0.0,0.0,0.0,0.0,0.0
3605626,0.0,0.0,0.0,0.0,1.0,0.0,0.0
3605628,0.0,0.0,0.0,0.0,0.0,0.0,0.0
3605629,0.0,0.0,0.0,0.0,1.0,0.0,0.0
3605632,0.0,0.0,0.0,0.0,0.0,0.0,0.0
3605715,0.0,0.0,0.0,0.0,1.0,0.0,0.0
3605716,0.0,0.0,0.0,0.0,0.0,0.0,0.0
3605717,0.0,0.0,0.0,0.0,1.0,0.0,0.0
3605719,0.0,0.0,0.0,0.0,0.0,0.0,0.0
3605720,0.0,0.0,0.0,0.0,1.0,0.0,0.0
3605721,0.0,0.0,0.0,0.0,0.0,0.0,0.0
3605724,0.0,0.0,0.0,0.0,1.0,0.0,0.0
3605725,0.0,0.0,0.0,0.0,0.0,0.0,0.0
3606586,0.0,0.0,0.0,0.0,1.0,0.0,0.0
3606587,0.0,0.0,0.0,0.0,0.0,0.0,0.0
3606590,0.0,0.0,0.0,0.0,1.0,0.0,0.0
3606591,0.0,0.0,0.0,0.0,0.0,0.0,0.0
3606592,0.0,0.0,0.0,0.0,1.0,0.0,0.0
3606594,0.0,0.0,0.0,0.0,0.0,0.0,0.0
3606847,0.0,0.0,0.0,0.0,1.0,0.0,0.0
3606850,0.0,0.0,0.0,0.0,0.0,0.0,0.0
3607948,0.0,0.0,0.0,0.0,1.0,0.0,0.0
3607949,0.0,0.0,0.0,0.0,0.0,0.0,0.0
3607950,0.0,0.0,0.0,0.0,1.0,0.0,0.0
3607951,0.0,0.0,0.0,0.0,0.0,0.0,0.0
3607973,0.0,0.0,0.0,0.0,1.0,0.0,0.0
3607974,0.0,0.0,0.0,0.0,0.0,0.0,0.0
3607976,0.0,0.0,0.0,0.0,1.0,0.0,0.0
3607977,0.0,0.0,0.0,0.0,0.0,0.0,0.0
3608659,0.0,0.0,0.0,0.0,1.0,0.0,0.0
3608660,0.0,0.0,0.0,0.0,0.0,0.0,0.0
3608661,0.0,0.0,0.0,0.0,1.0,0.0,0.0
3608662,0.0,0.0,0.0,0.0,0.0,0.0,0.0
3608905,0.0,0.0,0.0,0.0,1.0,0.0,0.0
3608906,0.0,0.0,0.0,0.0,0.0,0.0,0.0
3610433,0.0,0.0,0.0,0.0,1.0,0.0,0.0
3610434,0.0,0.0,0.0,0.0,0.0,0.0,0.0
3613259,0.0,0.0,0.0,0.0,1.0,0.0,0.0
3613260,0.0,0.0,0.0,0.0,0.0,0.0,0.0
3613261,0.0,0.0,0.0,0.0,1.0,0.0,0.0
3613266,0.0,0.0,0.0,0.0,0.0,0.0,0.0
3617424,0.0,0.0,0.0,0.0,1.0,0.0,0.0
3617425,0.0,0.0,0.0,0.0,0.0,0.0,0.0
3617926,0.0,0.0,0.0,0.0,1.0,0.0,0.0
3617927,0.0,0.0,0.0,0.0,0.0,0.0,0.0
3618620,0.0,0.0,0.0,0.0,1.0,0.0,0.0
3618621,0.0,0.0,0.0,0.0,0.0,0.0,0.0
3618781,0.0,0.0,0.0,0.0,1.0,0.0,0.0
3618782,0.0,0.0,0.0,0.0,0.0,0.0,0.0
3618783,0.0,0.0,0.0,0.0,1.0,0.0,0.0
3618784,0.0,0.0,0.0,0.0,0.0,0.0,0.0
3618787,0.0,0.0,0.0,0.0,1.0,0.0,0.0
3618789,0.0,0.0,0.0,0.0,0.0,0.0,0.0
3618908,0.0,0.0,0.0,0.0,1.0,0.0,0.0
3618910,0.0,0.0,0.0,0.0,0.0,0.0,0.0
3620699,0.0,0.0,0.0,0.0,1.0,0.0,0.0
3620701,0.0,0.0,0.0,0.0,2.0,0.0,0.0
3620702,0.0,0.0,0.0,0.0,0.0,0.0,0.0
3622355,0.0,0.0,0.0,0.0,1.0,0.0,0.0
3622356,0.0,0.0,0.0,0.0,0.0,0.0,0.0
3622357,0.0,0.0,0.0,0.0,1.0,0.0,0.0
3622359,0.0,0.0,0.0,0.0,0.0,0.0,0.0
3623952,0.0,0.0,0.0,0.0,1.0,0.0,0.0
3623953,0.0,0.0,0.0,0.0,0.0,0.0,0.0
3623955,0.0,0.0,0.0,0.0,1.0,0.0,0.0
3623956,0.0,0.0,0.0,0.0,0.0,0.0,0.0
3623957,0.0,0.0,0.0,0.0,1.0,0.0,0.0
3623958,0.0,0.0,0.0,0.0,0.0,0.0,0.0
3623959,0.0,0.0,0.0,0.0,1.0,0.0,0.0
3623960,0.0,0.0,0.0,0.0,0.0,0.0,0.0
3624311,0.0,0.0,0.0,0.0,1.0,0.0,0.0
3624312,0.0,0.0,0.0,0.0,0.0,0.0,0.0
3624820,0.0,0.0,0.0,0.0,1.0,0.0,0.0
3624821,0.0,0.0,0.0,0.0,0.0,0.0,0.0
3624822,0.0,0.0,0.0,0.0,1.0,0.0,0.0
3624825,0.0,0.0,0.0,0.0,0.0,0.0,0.0
3625381,0.0,0.0,0.0,0.0,1.0,0.0,0.0
3625382,0.0,0.0,0.0,0.0,0.0,0.0,0.0
3625388,0.0,0.0,0.0,0.0,1.0,0.0,0.0
3625391,0.0,0.0,0.0,0.0,0.0,0.0,0.0
3625395,0.0,0.0,0.0,0.0,1.0,0.0,0.0
3625398,0.0,0.0,0.0,0.0,0.0,0.0,0.0
3625401,0.0,0.0,0.0,0.0,1.0,0.0,0.0
3625403,0.0,0.0,0.0,0.0,2.0,0.0,0.0
3625404,0.0,0.0,0.0,0.0,0.0,0.0,0.0
3625594,0.0,0.0,0.0,0.0,1.0,0.0,0.0
3625597,0.0,0.0,0.0,0.0,0.0,0.0,0.0
3626441,0.0,0.0,0.0,0.0,1.0,0.0,0.0
3626442,0.0,0.0,0.0,0.0,0.0,0.0,0.0
3626837,0.0,0.0,0.0,0.0,1.0,0.0,0.0
3626838,0.0,0.0,0.0,0.0,0.0,0.0,0.0
3626839,0.0,0.0,0.0,0.0,1.0,0.0,0.0
3626841,0.0,0.0,0.0,0.0,2.0,0.0,0.0
3626842,0.0,0.0,0.0,0.0,0.0,0.0,0.0
3629550,0.0,0.0,0.0,0.0,1.0,0.0,0.0
3629551,0.0,0.0,0.0,0.0,0.0,0.0,0.0
3631226,0.0,0.0,0.0,0.0,1.0,0.0,0.0
3631229,0.0,0.0,0.0,0.0,0.0,0.0,0.0
3631377,0.0,0.0,0.0,0.0,1.0,0.0,0.0
3631380,0.0,0.0,0.0,0.0,0.0,0.0,0.0
3631505,0.0,0.0,0.0,0.0,1.0,0.0,0.0
3631513,0.0,0.0,0.0,0.0,0.0,0.0,0.0
3631516,0.0,0.0,0.0,0.0,1.0,0.0,0.0
3631518,0.0,0.0,0.0,0.0,0.0,0.0,0.0
3631678,0.0,0.0,0.0,0.0,1.0,0.0,0.0
3631679,0.0,0.0,0.0,0.0,0.0,0.0,0.0
3631680,0.0,0.0,0.0,0.0,1.0,0.0,0.0
3631682,0.0,0.0,0.0,0.0,0.0,0.0,0.0
3632931,0.0,0.0,0.0,0.0,1.0,0.0,0.0
3632932,0.0,0.0,0.0,0.0,0.0,0.0,0.0
3632933,0.0,0.0,0.0,0.0,1.0,0.0,0.0
3632934,0.0,0.0,0.0,0.0,0.0,0.0,0.0
3633160,0.0,0.0,0.0,0.0,1.0,0.0,0.0
3633161,0.0,0.0,0.0,0.0,0.0,0.0,0.0
3633162,0.0,0.0,0.0,0.0,1.0,0.0,0.0
3633166,0.0,0.0,0.0,0.0,0.0,0.0,0.0
3633287,0.0,0.0,0.0,0.0,1.0,0.0,0.0
3633288,0.0,0.0,0.0,0.0,0.0,0.0,0.0
3633334,0.0,0.0,0.0,0.0,1.0,0.0,0.0
3633337,0.0,0.0,0.0,0.0,0.0,0.0,0.0
3633342,0.0,0.0,0.0,0.0,1.0,0.0,0.0
3633344,0.0,0.0,0.0,0.0,2.0,0.0,0.0
3633345,0.0,0.0,0.0,0.0,0.0,0.0,0.0
3634228,0.0,0.0,0.0,0.0,1.0,0.0,0.0
3634229,0.0,0.0,0.0,0.0,0.0,0.0,0.0
3634286,0.0,0.0,0.0,0.0,1.0,0.0,0.0
3634289,0.0,0.0,0.0,0.0,0.0,0.0,0.0
3634493,0.0,0.0,0.0,0.0,1.0,0.0,0.0
3634494,0.0,0.0,0.0,0.0,0.0,0.0,0.0
3634495,0.0,0.0,0.0,0.0,1.0,0.0,0.0
3634496,0.0,0.0,0.0,0.0,0.0,0.0,0.0
3634523,0.0,0.0,0.0,0.0,1.0,0.0,0.0
3634524,0.0,0.0,0.0,0.0,0.0,0.0,0.0
3634527,0.0,0.0,0.0,0.0,1.0,0.0,0.0
3634528,0.0,0.0,0.0,0.0,0.0,0.0,0.0
3634698,0.0,0.0,0.0,0.0,1.0,0.0,0.0
3634699,0.0,0.0,0.0,0.0,0.0,0.0,0.0
3634930,0.0,0.0,0.0,0.0,1.0,0.0,0.0
3634931,0.0,0.0,0.0,0.0,0.0,0.0,0.0
3634932,0.0,0.0,0.0,0.0,1.0,0.0,0.0
3634933,0.0,0.0,0.0,0.0,0.0,0.0,0.0
3635077,0.0,0.0,0.0,0.0,1.0,0.0,0.0
3635078,0.0,0.0,0.0,0.0,0.0,0.0,0.0
3635079,0.0,0.0,0.0,0.0,1.0,0.0,0.0
3635080,0.0,0.0,0.0,0.0,0.0,0.0,0.0
3635219,0.0,0.0,0.0,0.0,1.0,0.0,0.0
3635220,0.0,0.0,0.0,0.0,0.0,0.0,0.0
3636070,0.0,0.0,0.0,0.0,1.0,0.0,0.0
3636071,0.0,0.0,0.0,0.0,0.0,0.0,0.0
3636623,0.0,0.0,0.0,0.0,1.0,0.0,0.0
3636627,0.0,0.0,0.0,0.0,0.0,0.0,0.0
3636628,0.0,0.0,0.0,0.0,1.0,0.0,0.0
3636629,0.0,0.0,0.0,0.0,0.0,0.0,0.0
3636717,0.0,0.0,0.0,0.0,1.0,0.0,0.0
3636718,0.0,0.0,0.0,0.0,0.0,0.0,0.0
3636764,0.0,0.0,0.0,0.0,1.0,0.0,0.0
3636766,0.0,0.0,0.0,0.0,0.0,0.0,0.0
3637021,0.0,0.0,0.0,0.0,1.0,0.0,0.0
3637024,0.0,0.0,0.0,0.0,0.0,0.0,0.0
3637025,0.0,0.0,0.0,0.0,1.0,0.0,0.0
3637026,0.0,0.0,0.0,0.0,0.0,0.0,0.0
3637077,0.0,0.0,0.0,0.0,1.0,0.0,0.0
3637080,0.0,0.0,0.0,0.0,2.0,0.0,0.0
3637081,0.0,0.0,0.0,0.0,0.0,0.0,0.0
3638398,0.0,0.0,0.0,0.0,1.0,0.0,0.0
3638399,0.0,0.0,0.0,0.0,0.0,0.0,0.0
3638400,0.0,0.0,0.0,0.0,1.0,0.0,0.0
3638401,0.0,0.0,0.0,0.0,0.0,0.0,0.0
3639574,0.0,0.0,0.0,0.0,1.0,0.0,0.0
3639575,0.0,0.0,0.0,0.0,0.0,0.0,0.0
3639579,0.0,0.0,0.0,0.0,1.0,0.0,0.0
3639580,0.0,0.0,0.0,0.0,0.0,0.0,0.0
3639581,0.0,0.0,0.0,0.0,1.0,0.0,0.0
3639582,0.0,0.0,0.0,0.0,0.0,0.0,0.0
3639586,0.0,0.0,0.0,0.0,1.0,0.0,0.0
3639587,0.0,0.0,0.0,0.0,0.0,0.0,0.0
3639588,0.0,0.0,0.0,0.0,1.0,0.0,0.0
3639589,0.0,0.0,0.0,0.0,0.0,0.0,0.0
3640771,0.0,0.0,0.0,0.0,1.0,0.0,0.0
3640772,0.0,0.0,0.0,0.0,0.0,0.0,0.0
3641158,0.0,0.0,0.0,0.0,1.0,0.0,0.0
3641159,0.0,0.0,0.0,0.0,0.0,0.0,0.0
3641160,0.0,0.0,0.0,0.0,1.0,0.0,0.0
3641161,0.0,0.0,0.0,0.0,0.0,0.0,0.0
3642189,0.0,0.0,0.0,0.0,1.0,0.0,0.0
3642190,0.0,0.0,0.0,0.0,0.0,0.0,0.0
3642191,0.0,0.0,0.0,0.0,1.0,0.0,0.0
3642192,0.0,0.0,0.0,0.0,0.0,0.0,0.0
3642533,0.0,0.0,0.0,0.0,1.0,0.0,0.0
3642534,0.0,0.0,0.0,0.0,0.0,0.0,0.0
3642611,0.0,0.0,0.0,0.0,1.0,0.0,0.0
3642612,0.0,0.0,0.0,0.0,0.0,0.0,0.0
3642613,0.0,0.0,0.0,0.0,1.0,0.0,0.0
3642619,0.0,0.0,0.0,0.0,0.0,0.0,0.0
3642719,0.0,0.0,0.0,0.0,1.0,0.0,0.0
3642720,0.0,0.0,0.0,0.0,0.0,0.0,0.0
3642795,0.0,0.0,0.0,0.0,1.0,0.0,0.0
3642796,0.0,0.0,0.0,0.0,0.0,0.0,0.0
3642797,0.0,0.0,0.0,0.0,1.0,0.0,0.0
3642798,0.0,0.0,0.0,0.0,0.0,0.0,0.0
3644052,0.0,0.0,0.0,0.0,1.0,0.0,0.0
3644053,0.0,0.0,0.0,0.0,0.0,0.0,0.0
3644260,0.0,0.0,0.0,0.0,1.0,0.0,0.0
3644261,0.0,0.0,0.0,0.0,0.0,0.0,0.0
3645464,0.0,0.0,0.0,0.0,1.0,0.0,0.0
3645465,0.0,0.0,0.0,0.0,0.0,0.0,0.0
3646089,0.0,0.0,0.0,0.0,1.0,0.0,0.0
3646090,0.0,0.0,0.0,0.0,0.0,0.0,0.0
3646130,0.0,0.0,0.0,0.0,1.0,0.0,0.0
3646131,0.0,0.0,0.0,0.0,0.0,0.0,0.0
3646141,0.0,0.0,0.0,0.0,1.0,0.0,0.0
3646143,0.0,0.0,0.0,0.0,2.0,0.0,0.0
3646144,0.0,0.0,0.0,0.0,0.0,0.0,0.0
3650505,0.0,0.0,0.0,0.0,1.0,0.0,0.0
3650506,0.0,0.0,0.0,0.0,0.0,0.0,0.0
3650526,0.0,0.0,0.0,0.0,1.0,0.0,0.0
3650527,0.0,0.0,0.0,0.0,0.0,0.0,0.0
3650615,0.0,0.0,0.0,0.0,1.0,0.0,0.0
3650616,0.0,0.0,0.0,0.0,0.0,0.0,0.0
3650878,0.0,0.0,0.0,0.0,1.0,0.0,0.0
3650879,0.0,0.0,0.0,0.0,0.0,0.0,0.0
3650880,0.0,0.0,0.0,0.0,1.0,0.0,0.0
3650881,0.0,0.0,0.0,0.0,0.0,0.0,0.0
3650900,0.0,0.0,0.0,0.0,1.0,0.0,0.0
3650901,0.0,0.0,0.0,0.0,0.0,0.0,0.0
3655078,0.0,0.0,0.0,0.0,1.0,0.0,0.0
3655079,0.0,0.0,0.0,0.0,0.0,0.0,0.0
3655099,0.0,0.0,0.0,0.0,1.0,0.0,0.0
3655100,0.0,0.0,0.0,0.0,0.0,0.0,0.0
3655588,0.0,0.0,0.0,0.0,1.0,0.0,0.0
3655589,0.0,0.0,0.0,0.0,0.0,0.0,0.0
3655679,0.0,0.0,0.0,0.0,1.0,0.0,0.0
3655680,0.0,0.0,0.0,0.0,0.0,0.0,0.0
3655681,0.0,0.0,0.0,0.0,1.0,0.0,0.0
3655682,0.0,0.0,0.0,0.0,2.0,0.0,0.0
3655683,0.0,0.0,0.0,0.0,0.0,0.0,0.0
3656099,0.0,0.0,0.0,0.0,1.0,0.0,0.0
3656101,0.0,0.0,0.0,0.0,0.0,0.0,0.0
3656430,0.0,0.0,0.0,0.0,1.0,0.0,0.0
3656431,0.0,0.0,0.0,0.0,0.0,0.0,0.0
3656799,0.0,0.0,0.0,0.0,1.0,0.0,0.0
3656800,0.0,0.0,0.0,0.0,0.0,0.0,0.0
3656801,0.0,0.0,0.0,0.0,1.0,0.0,0.0
3656802,0.0,0.0,0.0,0.0,0.0,0.0,0.0
3656805,0.0,0.0,0.0,0.0,1.0,0.0,0.0
3656807,0.0,0.0,0.0,1.0,1.0,0.0,0.0
3656808,0.0,0.0,0.0,1.0,2.0,0.0,0.0
3656809,0.0,0.0,0.0,2.0,0.0,1.0,0.0
3656810,0.0,0.0,0.0,0.0,0.0,0.0,0.0
3657216,0.0,0.0,0.0,1.0,0.0,0.0,0.0
3657217,0.0,0.0,0.0,0.0,0.0,0.0,0.0
3657218,0.0,0.0,0.0,1.0,0.0,0.0,0.0
3657219,0.0,0.0,0.0,0.0,0.0,0.0,0.0
3657220,0.0,0.0,0.0,1.0,0.0,0.0,0.0
3657221,0.0,0.0,0.0,0.0,0.0,0.0,0.0
3657230,0.0,0.0,1.0,0.0,0.0,0.0,0.0
3657232,0.0,0.0,1.0,1.0,0.0,0.0,0.0
3657234,0.0,0.0,1.0,2.0,1.0,1.0,0.0
3657235,0.0,0.0,0.0,0.0,0.0,0.0,0.0
3658579,0.0,0.0,0.0,0.0,1.0,0.0,0.0
3658582,0.0,0.0,0.0,0.0,0.0,0.0,0.0
3658708,0.0,0.0,0.0,0.0,1.0,0.0,0.0
3658709,0.0,0.0,0.0,0.0,0.0,0.0,0.0
3658713,0.0,0.0,0.0,0.0,1.0,0.0,0.0
3658718,0.0,0.0,0.0,0.0,0.0,0.0,0.0
3658719,0.0,0.0,0.0,0.0,1.0,0.0,0.0
3658720,0.0,0.0,0.0,0.0,0.0,0.0,0.0
3658722,0.0,0.0,0.0,0.0,1.0,0.0,0.0
3658723,0.0,0.0,0.0,0.0,0.0,0.0,0.0
3658732,0.0,0.0,0.0,0.0,1.0,0.0,0.0
3658734,0.0,0.0,0.0,0.0,2.0,0.0,0.0
3658735,0.0,0.0,0.0,0.0,0.0,0.0,0.0
3659288,0.0,0.0,0.0,0.0,1.0,0.0,0.0
3659289,0.0,0.0,0.0,0.0,0.0,0.0,0.0
3659295,0.0,0.0,0.0,0.0,1.0,0.0,0.0
3659296,0.0,0.0,0.0,0.0,0.0,0.0,0.0
3659300,0.0,0.0,0.0,0.0,1.0,0.0,0.0
3659301,0.0,0.0,0.0,0.0,0.0,0.0,0.0
3659568,0.0,0.0,0.0,0.0,1.0,0.0,0.0
3659569,0.0,0.0,0.0,1.0,1.0,0.0,0.0
3659570,0.0,0.0,0.0,0.0,1.0,0.0,0.0
3659571,0.0,0.0,0.0,0.0,0.0,0.0,0.0
3659572,0.0,0.0,0.0,0.0,1.0,0.0,0.0
3659573,0.0,0.0,0.0,0.0,0.0,0.0,0.0
3659574,0.0,0.0,0.0,1.0,1.0,0.0,0.0
3659575,0.0,0.0,0.0,0.0,0.0,0.0,0.0
3659577,0.0,0.0,0.0,0.0,1.0,0.0,0.0
3659578,0.0,0.0,0.0,0.0,0.0,0.0,0.0
3659581,0.0,0.0,0.0,1.0,1.0,0.0,0.0
3659582,0.0,0.0,0.0,0.0,0.0,0.0,0.0
3659586,0.0,0.0,0.0,1.0,1.0,0.0,0.0
3659587,0.0,0.0,0.0,0.0,0.0,0.0,0.0
3660463,0.0,0.0,0.0,0.0,1.0,0.0,0.0
3660464,0.0,0.0,0.0,0.0,0.0,0.0,0.0
3660895,0.0,0.0,1.0,0.0,0.0,0.0,0.0
3660896,0.0,0.0,0.0,0.0,0.0,0.0,0.0
3660897,0.0,0.0,1.0,0.0,0.0,0.0,0.0
3660900,0.0,0.0,0.0,0.0,0.0,0.0,0.0
3660901,0.0,0.0,1.0,0.0,0.0,0.0,0.0
3660919,0.0,0.0,0.0,0.0,0.0,0.0,0.0
3660921,0.0,0.0,1.0,0.0,0.0,0.0,0.0
3660923,0.0,0.0,0.0,0.0,0.0,0.0,0.0
3660937,0.0,0.0,1.0,0.0,0.0,0.0,0.0
3660938,0.0,0.0,0.0,0.0,0.0,0.0,0.0
3660948,0.0,0.0,1.0,0.0,0.0,0.0,0.0
3660949,0.0,0.0,0.0,0.0,0.0,0.0,0.0
3660951,0.0,0.0,1.0,0.0,0.0,0.0,0.0
3660957,0.0,0.0,0.0,0.0,0.0,0.0,0.0
3660971,0.0,0.0,1.0,0.0,0.0,0.0,0.0
3660972,0.0,0.0,0.0,0.0,0.0,0.0,0.0
3660996,0.0,0.0,1.0,0.0,0.0,0.0,0.0
3660998,0.0,0.0,0.0,0.0,0.0,0.0,0.0
3661028,0.0,0.0,1.0,0.0,0.0,0.0,0.0
3661029,0.0,0.0,0.0,0.0,0.0,0.0,0.0
3661038,0.0,0.0,1.0,0.0,0.0,0.0,0.0
3661093,0.0,0.0,0.0,0.0,0.0,0.0,0.0
3661096,0.0,0.0,1.0,0.0,0.0,0.0,0.0
3661097,0.0,0.0,0.0,0.0,0.0,0.0,0.0
3661098,0.0,0.0,1.0,0.0,0.0,0.0,0.0
3661101,0.0,0.0,0.0,0.0,0.0,0.0,0.0
3661138,0.0,0.0,1.0,0.0,0.0,0.0,0.0
3661143,0.0,0.0,0.0,0.0,0.0,0.0,0.0
3661144,0.0,0.0,1.0,0.0,0.0,0.0,0.0
3661147,0.0,0.0,0.0,0.0,0.0,0.0,0.0
3661170,0.0,0.0,1.0,0.0,0.0,0.0,0.0
3661173,0.0,0.0,0.0,0.0,0.0,0.0,0.0
3661179,0.0,0.0,1.0,0.0,0.0,0.0,0.0
3661192,0.0,0.0,0.0,0.0,0.0,0.0,0.0
3661198,0.0,0.0,1.0,0.0,0.0,0.0,0.0
3661207,0.0,0.0,0.0,0.0,0.0,0.0,0.0
3661217,0.0,0.0,1.0,0.0,0.0,0.0,0.0
3661219,0.0,0.0,0.0,0.0,0.0,0.0,0.0
3661236,0.0,0.0,1.0,0.0,0.0,0.0,0.0
3661238,0.0,0.0,0.0,0.0,0.0,0.0,0.0
3661239,0.0,0.0,1.0,0.0,0.0,0.0,0.0
3661241,0.0,0.0,0.0,0.0,0.0,0.0,0.0
3661265,0.0,0.0,1.0,0.0,0.0,0.0,0.0
3661295,0.0,0.0,0.0,0.0,0.0,0.0,0.0
3661297,0.0,0.0,1.0,0.0,0.0,0.0,0.0
3661310,0.0,0.0,0.0,0.0,0.0,0.0,0.0
3661312,0.0,0.0,1.0,0.0,0.0,0.0,0.0
3661314,0.0,0.0,0.0,0.0,0.0,0.0,0.0
3661315,0.0,0.0,1.0,0.0,0.0,0.0,0.0
3661317,0.0,0.0,0.0,0.0,0.0,0.0,0.0
3661574,0.0,0.0,1.0,0.0,0.0,0.0,0.0
3661579,0.0,0.0,0.0,0.0,0.0,0.0,0.0
3661586,0.0,0.0,1.0,0.0,0.0,0.0,0.0
3661587,0.0,0.0,0.0,0.0,0.0,0.0,0.0
3662273,0.0,0.0,0.0,0.0,1.0,0.0,0.0
3662277,0.0,0.0,0.0,0.0,0.0,0.0,0.0
3662278,0.0,0.0,0.0,0.0,1.0,0.0,0.0
3662279,0.0,0.0,0.0,0.0,0.0,0.0,0.0
3662280,0.0,0.0,0.0,0.0,1.0,0.0,0.0
3662283,0.0,0.0,0.0,0.0,0.0,0.0,0.0
3665630,0.0,0.0,0.0,0.0,1.0,0.0,0.0
3665631,0.0,0.0,0.0,0.0,0.0,0.0,0.0
3665635,0.0,0.0,0.0,0.0,1.0,0.0,0.0
3665638,0.0,0.0,0.0,0.0,0.0,0.0,0.0
3667269,0.0,0.0,0.0,0.0,1.0,0.0,0.0
3667270,0.0,0.0,0.0,0.0,0.0,0.0,0.0
3667292,0.0,0.0,0.0,0.0,1.0,0.0,0.0
3667296,0.0,0.0,0.0,0.0,0.0,0.0,0.0
3667785,0.0,0.0,0.0,0.0,1.0,0.0,0.0
3667790,0.0,0.0,0.0,0.0,0.0,0.0,0.0
3667791,0.0,0.0,0.0,0.0,1.0,0.0,0.0
3667792,0.0,0.0,0.0,0.0,0.0,0.0,0.0
3669147,0.0,0.0,0.0,0.0,1.0,0.0,0.0
3669148,0.0,0.0,0.0,0.0,0.0,0.0,0.0
3669527,0.0,0.0,0.0,0.0,1.0,0.0,0.0
3669528,0.0,0.0,0.0,0.0,0.0,0.0,0.0
3669629,0.0,0.0,0.0,0.0,1.0,0.0,0.0
3669630,0.0,0.0,0.0,0.0,0.0,0.0,0.0
3669667,0.0,0.0,0.0,0.0,1.0,0.0,0.0
3669668,0.0,0.0,0.0,0.0,0.0,0.0,0.0
3669672,0.0,0.0,0.0,0.0,1.0,0.0,0.0
3669677,0.0,0.0,0.0,0.0,0.0,0.0,0.0
3669923,0.0,0.0,0.0,0.0,1.0,0.0,0.0
3669924,0.0,0.0,0.0,0.0,0.0,0.0,0.0
3671940,0.0,0.0,0.0,0.0,1.0,0.0,0.0
3671941,0.0,0.0,0.0,0.0,0.0,0.0,0.0
3672067,0.0,0.0,0.0,0.0,1.0,0.0,0.0
3672072,0.0,0.0,0.0,0.0,0.0,0.0,0.0
3672073,0.0,0.0,0.0,0.0,1.0,0.0,0.0
3672077,0.0,0.0,0.0,0.0,0.0,0.0,0.0
3672466,0.0,0.0,0.0,0.0,1.0,0.0,0.0
3672467,0.0,0.0,0.0,0.0,0.0,0.0,0.0
3673603,0.0,0.0,0.0,0.0,1.0,0.0,0.0
3673604,0.0,0.0,0.0,0.0,0.0,0.0,0.0
3673605,0.0,0.0,0.0,0.0,1.0,0.0,0.0
3673606,0.0,0.0,0.0,0.0,0.0,0.0,0.0
3675312,0.0,0.0,0.0,1.0,0.0,0.0,0.0
3675313,0.0,0.0,0.0,0.0,0.0,0.0,0.0
3677777,0.0,0.0,0.0,0.0,1.0,0.0,0.0
3677780,0.0,0.0,0.0,0.0,0.0,0.0,0.0
3678948,0.0,0.0,0.0,0.0,1.0,0.0,0.0
3678949,0.0,0.0,0.0,0.0,0.0,0.0,0.0
3679484,0.0,0.0,0.0,0.0,1.0,0.0,0.0
3679485,0.0,0.0,0.0,0.0,0.0,0.0,0.0
3680551,0.0,0.0,0.0,0.0,1.0,0.0,0.0
3680552,0.0,0.0,0.0,0.0,0.0,0.0,0.0
3683374,0.0,0.0,0.0,0.0,1.0,0.0,0.0
3683375,0.0,0.0,0.0,0.0,0.0,0.0,0.0
3683376,0.0,0.0,0.0,0.0,1.0,0.0,0.0
3683378,0.0,0.0,0.0,0.0,2.0,0.0,0.0
3683379,0.0,0.0,0.0,0.0,0.0,0.0,0.0
3684482,0.0,0.0,0.0,0.0,1.0,0.0,0.0
3684483,0.0,0.0,0.0,0.0,0.0,0.0,0.0
3684571,0.0,0.0,0.0,0.0,1.0,0.0,0.0
3684572,0.0,0.0,0.0,0.0,0.0,0.0,0.0
3684617,0.0,0.0,0.0,0.0,1.0,0.0,0.0
3684618,0.0,0.0,0.0,0.0,0.0,0.0,0.0
3684667,0.0,0.0,0.0,0.0,1.0,0.0,0.0
3684669,0.0,0.0,0.0,0.0,0.0,0.0,0.0
3684675,0.0,0.0,0.0,0.0,1.0,0.0,0.0
3684677,0.0,0.0,0.0,0.0,2.0,0.0,0.0
3684678,0.0,0.0,0.0,0.0,0.0,0.0,0.0
3684986,0.0,0.0,0.0,0.0,1.0,0.0,0.0
3684987,0.0,0.0,0.0,0.0,0.0,0.0,0.0
3685465,0.0,0.0,0.0,0.0,1.0,0.0,0.0
3685466,0.0,0.0,0.0,0.0,0.0,0.0,0.0
3685471,0.0,0.0,0.0,0.0,1.0,0.0,0.0
3685475,0.0,0.0,0.0,0.0,0.0,0.0,0.0
3685902,0.0,0.0,0.0,0.0,1.0,0.0,0.0
3685903,0.0,0.0,0.0,0.0,0.0,0.0,0.0
3686350,0.0,0.0,0.0,0.0,1.0,0.0,0.0
3686354,0.0,0.0,0.0,0.0,0.0,0.0,0.0
3686355,0.0,0.0,0.0,0.0,1.0,0.0,0.0
3686356,0.0,0.0,0.0,0.0,0.0,0.0,0.0
3686375,0.0,0.0,0.0,0.0,1.0,0.0,0.0
3686377,0.0,0.0,0.0,0.0,2.0,0.0,0.0
3686378,0.0,0.0,0.0,0.0,0.0,0.0,0.0
3687334,0.0,0.0,0.0,0.0,1.0,0.0,0.0
3687337,0.0,0.0,0.0,0.0,0.0,0.0,0.0
3687339,0.0,0.0,0.0,0.0,1.0,0.0,0.0
3687340,0.0,0.0,0.0,0.0,0.0,0.0,0.0
3687341,0.0,0.0,0.0,0.0,1.0,0.0,0.0
3687342,0.0,0.0,0.0,0.0,0.0,0.0,0.0
3687350,0.0,0.0,0.0,0.0,1.0,0.0,0.0
3687351,0.0,0.0,0.0,0.0,0.0,0.0,0.0
3687357,0.0,0.0,0.0,0.0,1.0,0.0,0.0
3687358,0.0,0.0,0.0,0.0,0.0,0.0,0.0
3687361,0.0,0.0,0.0,0.0,1.0,0.0,0.0
3687362,0.0,0.0,0.0,0.0,0.0,0.0,0.0
3688841,0.0,0.0,0.0,0.0,1.0,0.0,0.0
3688842,0.0,0.0,0.0,0.0,0.0,0.0,0.0
3688948,0.0,0.0,0.0,0.0,1.0,0.0,0.0
3688951,0.0,0.0,0.0,0.0,0.0,0.0,0.0
3688958,0.0,0.0,0.0,0.0,1.0,0.0,0.0
3688959,0.0,0.0,0.0,0.0,0.0,0.0,0.0
3688987,0.0,0.0,0.0,0.0,1.0,0.0,0.0
3688988,0.0,0.0,0.0,0.0,0.0,0.0,0.0
3688989,0.0,0.0,0.0,0.0,1.0,0.0,0.0
3689001,0.0,0.0,0.0,0.0,2.0,0.0,0.0
3689002,0.0,0.0,0.0,0.0,0.0,0.0,0.0
3689833,0.0,0.0,0.0,0.0,1.0,0.0,0.0
3689836,0.0,0.0,0.0,0.0,0.0,0.0,0.0
3689846,0.0,0.0,0.0,0.0,1.0,0.0,0.0
3689847,0.0,0.0,0.0,0.0,0.0,0.0,0.0
3689849,0.0,0.0,0.0,0.0,1.0,0.0,0.0
3689852,0.0,0.0,0.0,0.0,0.0,0.0,0.0
3689853,0.0,0.0,0.0,0.0,1.0,0.0,0.0
3689854,0.0,0.0,0.0,0.0,0.0,0.0,0.0
3691680,0.0,0.0,0.0,0.0,1.0,0.0,0.0
3691683,0.0,0.0,0.0,0.0,0.0,0.0,0.0
3691684,0.0,0.0,0.0,0.0,1.0,0.0,0.0
3691685,0.0,0.0,0.0,0.0,0.0,0.0,0.0
3691689,0.0,0.0,0.0,0.0,1.0,0.0,0.0
3691690,0.0,0.0,0.0,0.0,0.0,0.0,0.0
3691746,0.0,0.0,0.0,0.0,1.0,0.0,0.0
3691749,0.0,0.0,0.0,0.0,0.0,0.0,0.0
3691757,0.0,0.0,0.0,0.0,1.0,0.0,0.0
3691759,0.0,0.0,0.0,0.0,0.0,0.0,0.0
3691762,0.0,0.0,0.0,0.0,1.0,0.0,0.0
3691763,0.0,0.0,0.0,0.0,0.0,0.0,0.0
3691917,0.0,0.0,0.0,0.0,1.0,0.0,0.0
3691922,0.0,0.0,0.0,0.0,2.0,0.0,0.0
3691923,0.0,0.0,0.0,0.0,0.0,0.0,0.0
3692922,0.0,0.0,0.0,0.0,1.0,0.0,0.0
3692923,0.0,0.0,0.0,0.0,0.0,0.0,0.0
3693682,0.0,0.0,0.0,0.0,1.0,0.0,0.0
3693685,0.0,0.0,0.0,0.0,0.0,0.0,0.0
3693686,0.0,0.0,0.0,0.0,1.0,0.0,0.0
3693691,0.0,0.0,0.0,0.0,0.0,0.0,0.0
3693692,0.0,0.0,0.0,0.0,1.0,0.0,0.0
3693693,0.0,0.0,0.0,0.0,0.0,0.0,0.0
3694641,0.0,0.0,0.0,0.0,1.0,0.0,0.0
3694642,0.0,0.0,0.0,0.0,0.0,0.0,0.0
3694732,0.0,0.0,0.0,0.0,1.0,0.0,0.0
3694733,0.0,0.0,0.0,0.0,0.0,0.0,0.0
3696952,0.0,0.0,0.0,0.0,1.0,0.0,0.0
3696953,0.0,0.0,0.0,0.0,0.0,0.0,0.0
3696960,0.0,0.0,0.0,0.0,1.0,0.0,0.0
3696961,0.0,0.0,0.0,0.0,0.0,0.0,0.0
3697503,0.0,0.0,0.0,0.0,1.0,0.0,0.0
3697504,0.0,0.0,0.0,0.0,0.0,0.0,0.0
3697804,0.0,0.0,0.0,0.0,1.0,0.0,0.0
3697805,0.0,0.0,0.0,0.0,0.0,0.0,0.0
3697950,0.0,0.0,0.0,0.0,1.0,0.0,0.0
3697956,0.0,0.0,0.0,0.0,0.0,0.0,0.0
3697965,0.0,0.0,0.0,0.0,1.0,0.0,0.0
3697968,0.0,0.0,0.0,0.0,0.0,0.0,0.0
3698655,0.0,0.0,0.0,0.0,1.0,0.0,0.0
3698656,0.0,0.0,0.0,0.0,0.0,0.0,0.0
3698710,0.0,0.0,0.0,0.0,1.0,0.0,0.0
3698711,0.0,0.0,0.0,0.0,0.0,0.0,0.0
3699276,0.0,0.0,0.0,0.0,1.0,0.0,0.0
3699281,0.0,0.0,0.0,0.0,0.0,0.0,0.0
3699295,0.0,0.0,0.0,0.0,1.0,0.0,0.0
3699296,0.0,0.0,0.0,0.0,0.0,0.0,0.0
3700050,0.0,0.0,0.0,0.0,1.0,0.0,0.0
3700051,0.0,0.0,0.0,0.0,0.0,0.0,0.0
3700052,0.0,0.0,0.0,0.0,1.0,0.0,0.0
3700053,0.0,0.0,0.0,0.0,0.0,0.0,0.0
3703392,0.0,0.0,0.0,0.0,1.0,0.0,0.0
3703393,0.0,0.0,0.0,0.0,0.0,0.0,0.0
3703405,0.0,0.0,0.0,0.0,1.0,0.0,0.0
3703406,0.0,0.0,0.0,0.0,0.0,0.0,0.0
3703407,0.0,0.0,0.0,0.0,1.0,0.0,0.0
3703408,0.0,0.0,0.0,0.0,0.0,0.0,0.0
3704706,0.0,0.0,0.0,0.0,1.0,0.0,0.0
3704707,0.0,0.0,0.0,0.0,0.0,0.0,0.0
3705620,0.0,0.0,0.0,1.0,0.0,0.0,0.0
3705621,0.0,0.0,0.0,0.0,0.0,0.0,0.0
3706136,0.0,0.0,0.0,0.0,1.0,0.0,0.0
3706137,0.0,0.0,0.0,0.0,0.0,0.0,0.0
3706807,0.0,0.0,0.0,0.0,1.0,0.0,0.0
3706808,0.0,0.0,0.0,0.0,0.0,0.0,0.0
3709676,0.0,0.0,0.0,0.0,1.0,0.0,0.0
3709677,0.0,0.0,0.0,0.0,0.0,0.0,0.0
3709794,0.0,0.0,0.0,0.0,1.0,0.0,0.0
3709795,0.0,0.0,0.0,0.0,0.0,0.0,0.0
3709808,0.0,0.0,0.0,0.0,1.0,0.0,0.0
3709809,0.0,0.0,0.0,0.0,0.0,0.0,0.0
3709810,0.0,0.0,0.0,0.0,1.0,0.0,0.0
3709811,0.0,0.0,0.0,0.0,0.0,0.0,0.0
3709812,0.0,0.0,0.0,0.0,1.0,0.0,0.0
3709814,0.0,0.0,0.0,0.0,0.0,0.0,0.0
3711305,0.0,0.0,0.0,0.0,1.0,0.0,0.0
3711306,0.0,0.0,0.0,0.0,0.0,0.0,0.0
3711308,0.0,0.0,0.0,0.0,1.0,0.0,0.0
3711309,0.0,0.0,0.0,0.0,0.0,0.0,0.0
3712095,0.0,0.0,0.0,0.0,1.0,0.0,0.0
3712096,0.0,0.0,0.0,0.0,0.0,0.0,0.0
3712383,0.0,0.0,0.0,0.0,1.0,0.0,0.0
3712384,0.0,0.0,0.0,0.0,0.0,0.0,0.0
3714132,0.0,0.0,0.0,0.0,1.0,0.0,0.0
3714133,0.0,0.0,0.0,0.0,0.0,0.0,0.0
3714199,0.0,0.0,0.0,0.0,1.0,0.0,0.0
3714201,0.0,0.0,0.0,0.0,0.0,0.0,0.0
3714202,0.0,0.0,0.0,0.0,1.0,0.0,0.0
3714203,0.0,0.0,0.0,0.0,0.0,0.0,0.0
3716875,0.0,0.0,0.0,0.0,1.0,0.0,0.0
3716876,0.0,0.0,0.0,0.0,0.0,0.0,0.0
3717386,0.0,0.0,0.0,0.0,1.0,0.0,0.0
3717388,0.0,0.0,0.0,0.0,0.0,0.0,0.0
3717392,0.0,0.0,0.0,0.0,1.0,0.0,0.0
3717393,0.0,0.0,0.0,0.0,0.0,0.0,0.0
3717412,0.0,0.0,0.0,0.0,1.0,0.0,0.0
3717413,0.0,0.0,0.0,0.0,0.0,0.0,0.0
3717417,0.0,0.0,0.0,0.0,1.0,0.0,0.0
3717418,0.0,0.0,0.0,0.0,0.0,0.0,0.0
3718093,0.0,0.0,0.0,0.0,1.0,0.0,0.0
3718103,0.0,0.0,0.0,0.0,0.0,0.0,0.0
3718104,0.0,0.0,0.0,0.0,1.0,0.0,0.0
3718110,0.0,0.0,0.0,0.0,0.0,0.0,0.0
3718913,0.0,0.0,0.0,0.0,1.0,0.0,0.0
3718914,0.0,0.0,0.0,0.0,2.0,0.0,0.0
3718915,0.0,0.0,0.0,0.0,0.0,0.0,0.0
3720499,0.0,0.0,0.0,0.0,1.0,0.0,0.0
3720500,0.0,0.0,0.0,0.0,0.0,0.0,0.0
3727191,0.0,0.0,0.0,0.0,1.0,0.0,0.0
3727192,0.0,0.0,0.0,0.0,0.0,0.0,0.0
3727549,0.0,0.0,0.0,0.0,1.0,0.0,0.0
3727550,0.0,0.0,0.0,0.0,0.0,0.0,0.0
3727566,0.0,0.0,0.0,0.0,1.0,0.0,0.0
3727567,0.0,0.0,0.0,0.0,0.0,0.0,0.0
3727568,0.0,0.0,0.0,0.0,1.0,0.0,0.0
3727569,0.0,0.0,0.0,0.0,0.0,0.0,0.0
3727570,0.0,0.0,0.0,0.0,1.0,0.0,0.0
3727575,0.0,0.0,0.0,0.0,0.0,0.0,0.0
3728524,0.0,0.0,0.0,0.0,1.0,0.0,0.0
3728525,0.0,0.0,0.0,0.0,0.0,0.0,0.0
3731535,0.0,0.0,0.0,0.0,1.0,0.0,0.0
3731539,0.0,0.0,0.0,0.0,2.0,0.0,0.0
3731540,0.0,0.0,0.0,0.0,0.0,0.0,0.0
3732407,0.0,0.0,0.0,0.0,1.0,0.0,0.0
3732409,0.0,0.0,0.0,0.0,2.0,0.0,0.0
3732410,0.0,0.0,0.0,0.0,0.0,0.0,0.0
3733955,0.0,0.0,0.0,0.0,1.0,0.0,0.0
3733956,0.0,0.0,0.0,0.0,0.0,0.0,0.0
3739804,0.0,0.0,0.0,0.0,1.0,0.0,0.0
3739805,0.0,0.0,0.0,0.0,0.0,0.0,0.0
3745200,0.0,0.0,0.0,0.0,1.0,0.0,0.0
3745201,0.0,0.0,0.0,0.0,0.0,0.0,0.0
3750153,0.0,0.0,0.0,0.0,1.0,0.0,0.0
3750154,0.0,0.0,0.0,0.0,0.0,0.0,0.0
3752049,0.0,0.0,0.0,0.0,1.0,0.0,0.0
3752055,0.0,0.0,0.0,0.0,0.0,0.0,0.0
3752056,0.0,0.0,0.0,0.0,1.0,0.0,0.0
3752057,0.0,0.0,0.0,0.0,0.0,0.0,0.0
3753100,0.0,0.0,0.0,0.0,1.0,0.0,0.0
3753102,0.0,0.0,0.0,0.0,2.0,0.0,0.0
3753103,0.0,0.0,0.0,0.0,0.0,0.0,0.0
3754867,0.0,0.0,0.0,0.0,1.0,0.0,0.0
3754869,0.0,0.0,0.0,0.0,0.0,0.0,0.0
3754882,0.0,0.0,0.0,0.0,1.0,0.0,0.0
3754883,0.0,0.0,0.0,0.0,0.0,0.0,0.0
3757026,0.0,0.0,0.0,1.0,0.0,0.0,0.0
3757027,0.0,0.0,0.0,0.0,0.0,0.0,0.0
3757828,0.0,0.0,0.0,0.0,1.0,0.0,0.0
3757829,0.0,0.0,0.0,0.0,0.0,0.0,0.0
3757830,0.0,0.0,0.0,0.0,1.0,0.0,0.0
3757831,0.0,0.0,0.0,0.0,0.0,0.0,0.0
3757832,0.0,0.0,0.0,0.0,1.0,0.0,0.0
3757838,0.0,0.0,0.0,0.0,0.0,0.0,0.0
3757846,0.0,0.0,0.0,0.0,1.0,0.0,0.0
3757847,0.0,0.0,0.0,0.0,0.0,0.0,0.0
3757848,0.0,0.0,0.0,0.0,1.0,0.0,0.0
3757849,0.0,0.0,0.0,0.0,0.0,0.0,0.0
3757854,0.0,0.0,0.0,0.0,1.0,0.0,0.0
3757855,0.0,0.0,0.0,0.0,0.0,0.0,0.0
3757862,0.0,0.0,0.0,0.0,1.0,0.0,0.0
3757863,0.0,0.0,0.0,0.0,0.0,0.0,0.0
3757870,0.0,0.0,0.0,0.0,1.0,0.0,0.0
3757871,0.0,0.0,0.0,0.0,0.0,0.0,0.0
3758047,0.0,0.0,0.0,0.0,1.0,0.0,0.0
3758048,0.0,0.0,0.0,0.0,0.0,0.0,0.0
3759665,0.0,0.0,0.0,0.0,1.0,0.0,0.0
3759666,0.0,0.0,0.0,0.0,0.0,0.0,0.0
3759670,0.0,0.0,0.0,0.0,1.0,0.0,0.0
3759672,0.0,0.0,0.0,0.0,2.0,0.0,0.0
3759673,0.0,0.0,0.0,0.0,0.0,0.0,0.0
3760856,0.0,0.0,0.0,0.0,1.0,0.0,0.0
3760858,0.0,0.0,0.0,0.0,2.0,0.0,0.0
3760859,0.0,0.0,0.0,0.0,0.0,0.0,0.0
3765816,0.0,0.0,0.0,1.0,0.0,0.0,0.0
3765817,0.0,0.0,0.0,0.0,0.0,0.0,0.0
3766917,0.0,0.0,0.0,0.0,1.0,0.0,0.0
3766920,0.0,0.0,0.0,0.0,2.0,0.0,0.0
3766921,0.0,0.0,0.0,0.0,0.0,0.0,0.0
3769308,0.0,0.0,0.0,0.0,1.0,0.0,0.0
3769311,0.0,0.0,0.0,0.0,0.0,0.0,0.0
3769727,0.0,0.0,0.0,0.0,1.0,0.0,0.0
3769728,0.0,0.0,0.0,0.0,0.0,0.0,0.0
3770309,0.0,0.0,0.0,0.0,1.0,0.0,0.0
3770310,0.0,0.0,0.0,0.0,0.0,0.0,0.0
3771473,0.0,0.0,0.0,0.0,1.0,0.0,0.0
3771474,0.0,0.0,0.0,0.0,0.0,0.0,0.0
3771481,0.0,0.0,0.0,0.0,1.0,0.0,0.0
3771484,0.0,0.0,0.0,0.0,0.0,0.0,0.0
3771983,0.0,0.0,0.0,0.0,1.0,0.0,0.0
3771984,0.0,0.0,0.0,0.0,0.0,0.0,0.0
3772378,0.0,0.0,0.0,0.0,1.0,0.0,0.0
3772380,0.0,0.0,0.0,0.0,0.0,0.0,0.0
3778492,0.0,0.0,0.0,0.0,1.0,0.0,0.0
3778494,0.0,0.0,0.0,0.0,0.0,0.0,0.0
3778667,0.0,0.0,0.0,0.0,1.0,0.0,0.0
3778668,0.0,0.0,0.0,0.0,0.0,0.0,0.0
3780414,0.0,0.0,0.0,0.0,1.0,0.0,0.0
3780417,0.0,0.0,0.0,0.0,0.0,0.0,0.0
3780725,0.0,0.0,0.0,0.0,1.0,0.0,0.0
3780726,0.0,0.0,0.0,0.0,0.0,0.0,0.0
3780910,0.0,0.0,0.0,0.0,1.0,0.0,0.0
3780911,0.0,0.0,0.0,0.0,0.0,0.0,0.0
3781713,0.0,0.0,0.0,0.0,1.0,0.0,0.0
3781715,0.0,0.0,0.0,0.0,0.0,0.0,0.0
3782452,0.0,0.0,0.0,0.0,1.0,0.0,0.0
3782453,0.0,0.0,0.0,0.0,0.0,0.0,0.0
3783237,0.0,0.0,0.0,0.0,1.0,0.0,0.0
3783238,0.0,0.0,0.0,0.0,0.0,0.0,0.0
3784831,0.0,0.0,0.0,0.0,1.0,0.0,0.0
3784832,0.0,0.0,0.0,0.0,0.0,0.0,0.0
3784833,0.0,0.0,0.0,0.0,1.0,0.0,0.0
3784834,0.0,0.0,0.0,0.0,0.0,0.0,0.0
3788525,0.0,0.0,0.0,0.0,1.0,0.0,0.0
3788526,0.0,0.0,0.0,0.0,0.0,0.0,0.0
3788530,0.0,0.0,0.0,0.0,1.0,0.0,0.0
3788531,0.0,0.0,0.0,0.0,0.0,0.0,0.0
3798031,0.0,0.0,0.0,0.0,1.0,0.0,0.0
3798032,0.0,0.0,0.0,0.0,0.0,0.0,0.0
3798414,0.0,0.0,0.0,0.0,1.0,0.0,0.0
3798415,0.0,0.0,0.0,0.0,0.0,0.0,0.0
3799571,0.0,0.0,0.0,0.0,1.0,0.0,0.0
3799572,0.0,0.0,0.0,0.0,0.0,0.0,0.0
3799574,0.0,0.0,0.0,0.0,1.0,0.0,0.0
3799575,0.0,0.0,0.0,0.0,0.0,0.0,0.0
3800000,0.0,0.0,0.0,0.0,0.0,0.0,1.0
3800001,0.0,0.0,0.0,0.0,0.0,0.0,0.0
3800136,0.0,0.0,0.0,0.0,1.0,0.0,0.0
3800137,0.0,0.0,0.0,0.0,0.0,0.0,0.0
3800139,0.0,0.0,0.0,0.0,1.0,0.0,0.0
3800141,0.0,0.0,0.0,0.0,2.0,0.0,0.0
3800142,0.0,0.0,0.0,0.0,0.0,0.0,0.0
3800353,0.0,0.0,0.0,0.0,1.0,0.0,0.0
3800354,0.0,0.0,0.0,0.0,0.0,0.0,0.0
3801455,0.0,0.0,0.0,1.0,0.0,0.0,0.0
3801457,0.0,0.0,0.0,0.0,0.0,0.0,0.0
3801514,0.0,0.0,0.0,1.0,0.0,0.0,0.0
3801515,0.0,0.0,0.0,0.0,0.0,0.0,0.0
3801529,0.0,0.0,0.0,1.0,0.0,0.0,0.0
3801533,0.0,0.0,0.0,0.0,0.0,0.0,0.0
3801554,0.0,0.0,0.0,1.0,0.0,0.0,0.0
3801564,0.0,0.0,0.0,0.0,0.0,0.0,0.0
3801630,0.0,0.0,0.0,1.0,0.0,0.0,0.0
3801631,0.0,0.0,0.0,0.0,0.0,0.0,0.0
3801633,0.0,0.0,0.0,1.0,0.0,0.0,0.0
3801636,0.0,0.0,0.0,0.0,0.0,0.0,0.0
3801657,0.0,0.0,0.0,1.0,0.0,0.0,0.0
3801658,0.0,0.0,0.0,0.0,0.0,0.0,0.0
3801660,0.0,0.0,0.0,1.0,0.0,0.0,0.0
3801663,0.0,0.0,0.0,0.0,0.0,0.0,0.0
3801665,0.0,0.0,0.0,1.0,0.0,0.0,0.0
3801667,0.0,0.0,0.0,0.0,0.0,0.0,0.0
3801671,0.0,0.0,0.0,1.0,0.0,0.0,0.0
3801672,0.0,0.0,0.0,0.0,0.0,0.0,0.0
3801706,0.0,0.0,0.0,1.0,0.0,0.0,0.0
3801708,0.0,0.0,0.0,0.0,0.0,0.0,0.0
3801710,0.0,0.0,0.0,1.0,0.0,0.0,0.0
3801712,0.0,0.0,0.0,0.0,0.0,0.0,0.0
3801720,0.0,0.0,0.0,1.0,0.0,0.0,0.0
3801906,2.0,0.0,0.0,2.0,0.0,1.0,0.0
3801907,0.0,0.0,0.0,0.0,0.0,0.0,0.0
3801957,0.0,0.0,1.0,0.0,0.0,0.0,0.0
3801962,0.0,0.0,0.0,0.0,0.0,0.0,0.0
3801963,0.0,0.0,1.0,0.0,0.0,0.0,0.0
3801965,0.0,0.0,0.0,0.0,0.0,0.0,0.0
3802130,0.0,0.0,1.0,0.0,0.0,0.0,0.0
3802131,0.0,0.0,0.0,0.0,0.0,0.0,0.0
3802165,0.0,0.0,0.0,1.0,0.0,0.0,0.0
3802166,0.0,0.0,0.0,0.0,0.0,0.0,0.0
3802195,0.0,0.0,1.0,0.0,0.0,0.0,0.0
3802196,0.0,0.0,0.0,0.0,0.0,0.0,0.0
3802266,0.0,0.0,0.0,1.0,0.0,0.0,0.0
3802267,0.0,0.0,0.0,0.0,0.0,0.0,0.0
3803042,0.0,0.0,0.0,0.0,1.0,0.0,0.0
3803043,0.0,0.0,0.0,0.0,0.0,0.0,0.0
3803189,0.0,0.0,0.0,0.0,1.0,0.0,0.0
3803191,0.0,0.0,0.0,0.0,0.0,0.0,0.0
3803192,0.0,0.0,0.0,0.0,1.0,0.0,0.0
3803193,0.0,0.0,0.0,0.0,0.0,0.0,0.0
3803195,0.0,0.0,0.0,0.0,1.0,0.0,0.0
3803198,0.0,0.0,0.0,0.0,0.0,0.0,0.0
3803605,0.0,0.0,0.0,0.0,1.0,0.0,0.0
3803606,0.0,0.0,0.0,0.0,0.0,0.0,0.0
3803785,0.0,0.0,0.0,0.0,1.0,0.0,0.0
3803786,0.0,0.0,0.0,0.0,0.0,0.0,0.0
3804482,0.0,0.0,0.0,0.0,1.0,0.0,0.0
3804483,0.0,0.0,0.0,0.0,0.0,0.0,0.0
3804577,0.0,0.0,0.0,0.0,1.0,0.0,0.0
3804580,0.0,0.0,0.0,0.0,2.0,0.0,0.0
3804581,0.0,0.0,0.0,0.0,0.0,0.0,0.0
3805113,0.0,0.0,0.0,0.0,1.0,0.0,0.0
3805114,0.0,0.0,0.0,0.0,0.0,0.0,0.0
3805115,0.0,0.0,0.0,0.0,1.0,0.0,0.0
3805117,0.0,0.0,0.0,0.0,0.0,0.0,0.0
3805448,0.0,0.0,0.0,0.0,1.0,0.0,0.0
3805449,0.0,0.0,0.0,0.0,0.0,0.0,0.0
3805452,0.0,0.0,0.0,0.0,1.0,0.0,0.0
3805455,0.0,0.0,0.0,0.0,2.0,0.0,0.0
3805456,0.0,0.0,0.0,0.0,0.0,0.0,0.0
3806351,0.0,0.0,0.0,0.0,1.0,0.0,0.0
3806352,0.0,0.0,0.0,0.0,0.0,0.0,0.0
3806353,0.0,0.0,0.0,0.0,1.0,0.0,0.0
3806354,0.0,0.0,0.0,0.0,0.0,0.0,0.0
3806358,0.0,0.0,0.0,0.0,1.0,0.0,0.0
3806359,0.0,0.0,0.0,0.0,0.0,0.0,0.0
3806496,0.0,0.0,0.0,0.0,1.0,0.0,0.0
3806501,0.0,0.0,0.0,0.0,0.0,0.0,0.0
3806502,0.0,0.0,0.0,0.0,1.0,0.0,0.0
3806506,0.0,0.0,0.0,0.0,0.0,0.0,0.0
3807147,0.0,0.0,0.0,0.0,1.0,0.0,0.0
3807148,0.0,0.0,0.0,0.0,0.0,0.0,0.0
3807523,0.0,0.0,0.0,0.0,1.0,0.0,0.0
3807524,0.0,0.0,0.0,0.0,0.0,0.0,0.0
3807526,0.0,0.0,0.0,0.0,1.0,0.0,0.0
3807533,0.0,0.0,0.0,0.0,0.0,0.0,0.0
3809262,0.0,0.0,0.0,0.0,1.0,0.0,0.0
3809263,0.0,0.0,0.0,0.0,0.0,0.0,0.0
3809286,0.0,0.0,0.0,0.0,1.0,0.0,0.0
3809287,0.0,0.0,0.0,0.0,0.0,0.0,0.0
3811567,0.0,0.0,0.0,0.0,1.0,0.0,0.0
3811573,0.0,0.0,0.0,0.0,0.0,0.0,0.0
3812429,0.0,0.0,0.0,0.0,1.0,0.0,0.0
3812430,0.0,0.0,0.0,0.0,0.0,0.0,0.0
3813130,0.0,0.0,0.0,0.0,1.0,0.0,0.0
3813131,0.0,0.0,0.0,0.0,0.0,0.0,0.0
3813133,0.0,0.0,0.0,0.0,1.0,0.0,0.0
3813134,0.0,0.0,0.0,0.0,0.0,0.0,0.0
3814490,0.0,0.0,0.0,0.0,1.0,0.0,0.0
3814491,0.0,0.0,0.0,0.0,0.0,0.0,0.0
3814648,0.0,0.0,0.0,0.0,1.0,0.0,0.0
3814651,0.0,0.0,0.0,0.0,0.0,0.0,0.0
3815004,0.0,0.0,0.0,0.0,1.0,0.0,0.0
3815005,0.0,0.0,0.0,0.0,0.0,0.0,0.0
3815006,0.0,0.0,0.0,0.0,1.0,0.0,0.0
3815007,0.0,0.0,0.0,0.0,0.0,0.0,0.0
3815009,0.0,0.0,0.0,0.0,1.0,0.0,0.0
3815012,0.0,0.0,0.0,0.0,0.0,0.0,0.0
3815013,0.0,0.0,0.0,0.0,1.0,0.0,0.0
3815014,0.0,0.0,0.0,0.0,0.0,0.0,0.0
3815016,0.0,0.0,0.0,0.0,1.0,0.0,0.0
3815017,0.0,0.0,0.0,0.0,0.0,0.0,0.0
3815022,0.0,0.0,0.0,0.0,1.0,0.0,0.0
3815023,0.0,0.0,0.0,0.0,2.0,0.0,0.0
3815024,0.0,0.0,0.0,0.0,0.0,0.0,0.0
3815500,0.0,0.0,0.0,0.0,1.0,0.0,0.0
3815503,0.0,0.0,0.0,0.0,2.0,0.0,0.0
3815504,0.0,0.0,0.0,0.0,0.0,0.0,0.0
3817331,0.0,0.0,0.0,0.0,1.0,0.0,0.0
3817332,0.0,0.0,0.0,0.0,0.0,0.0,0.0
3821563,0.0,0.0,0.0,0.0,1.0,0.0,0.0
3821564,0.0,0.0,0.0,0.0,0.0,0.0,0.0
3823745,0.0,0.0,0.0,0.0,1.0,0.0,0.0
3823746,0.0,0.0,0.0,0.0,0.0,0.0,0.0
3824114,0.0,0.0,0.0,0.0,1.0,0.0,0.0
3824115,0.0,0.0,0.0,0.0,0.0,0.0,0.0
3826324,0.0,0.0,0.0,0.0,1.0,0.0,0.0
3826325,0.0,0.0,0.0,0.0,0.0,0.0,0.0
3826961,0.0,0.0,0.0,0.0,1.0,0.0,0.0
3826962,0.0,0.0,0.0,0.0,0.0,0.0,0.0
3827175,0.0,0.0,0.0,0.0,1.0,0.0,0.0
3827176,0.0,0.0,0.0,0.0,0.0,0.0,0.0
3827177,0.0,0.0,0.0,0.0,1.0,0.0,0.0
3827179,0.0,0.0,0.0,0.0,0.0,0.0,0.0
3827180,0.0,0.0,0.0,0.0,1.0,0.0,0.0
3827183,0.0,0.0,0.0,0.0,0.0,0.0,0.0
3827265,0.0,0.0,0.0,0.0,1.0,0.0,0.0
3827268,0.0,0.0,0.0,0.0,0.0,0.0,0.0
3827269,0.0,0.0,0.0,0.0,1.0,0.0,0.0
3827271,0.0,0.0,0.0,0.0,0.0,0.0,0.0
3827629,0.0,0.0,0.0,0.0,1.0,0.0,0.0
3827630,0.0,0.0,0.0,0.0,0.0,0.0,0.0
3827897,0.0,0.0,0.0,0.0,1.0,0.0,0.0
3827898,0.0,0.0,0.0,0.0,0.0,0.0,0.0
3828090,0.0,0.0,0.0,0.0,1.0,0.0,0.0
3828094,0.0,0.0,0.0,0.0,0.0,0.0,0.0
3828173,0.0,0.0,0.0,0.0,1.0,0.0,0.0
3828174,0.0,0.0,0.0,0.0,0.0,0.0,0.0
3828175,0.0,0.0,0.0,0.0,1.0,0.0,0.0
3828177,0.0,0.0,0.0,0.0,0.0,0.0,0.0
3828181,0.0,0.0,0.0,0.0,1.0,0.0,0.0
3828183,0.0,0.0,0.0,0.0,2.0,0.0,0.0
3828184,0.0,0.0,0.0,0.0,0.0,0.0,0.0
3828752,0.0,0.0,0.0,0.0,1.0,0.0,0.0
3828754,0.0,0.0,0.0,0.0,2.0,0.0,0.0
3828755,0.0,0.0,0.0,0.0,0.0,0.0,0.0
3829364,0.0,0.0,0.0,0.0,1.0,0.0,0.0
3829368,0.0,0.0,0.0,0.0,0.0,0.0,0.0
3829376,0.0,0.0,0.0,0.0,1.0,0.0,0.0
3829377,0.0,0.0,0.0,0.0,0.0,0.0,0.0
3829378,0.0,0.0,0.0,0.0,1.0,0.0,0.0
3829379,0.0,0.0,0.0,0.0,0.0,0.0,0.0
3830092,0.0,0.0,0.0,0.0,1.0,0.0,0.0
3830093,0.0,0.0,0.0,0.0,0.0,0.0,0.0
3830094,0.0,0.0,0.0,0.0,1.0,0.0,0.0
3830095,0.0,0.0,0.0,0.0,0.0,0.0,0.0
3830199,0.0,0.0,0.0,0.0,1.0,0.0,0.0
3830200,0.0,0.0,0.0,0.0,0.0,0.0,0.0
3830201,0.0,0.0,0.0,0.0,1.0,0.0,0.0
3830202,0.0,0.0,0.0,0.0,0.0,0.0,0.0
3830203,0.0,0.0,0.0,0.0,1.0,0.0,0.0
3830205,0.0,0.0,0.0,0.0,2.0,0.0,0.0
3830206,0.0,0.0,0.0,0.0,0.0,0.0,0.0
3830235,0.0,0.0,0.0,1.0,0.0,0.0,0.0
3830255,0.0,0.0,0.0,0.0,0.0,0.0,0.0
3830264,0.0,0.0,0.0,1.0,0.0,0.0,0.0
3830265,0.0,0.0,0.0,0.0,0.0,0.0,0.0
3830281,0.0,0.0,0.0,1.0,0.0,0.0,0.0
3830289,0.0,0.0,0.0,0.0,0.0,0.0,0.0
3834873,0.0,0.0,0.0,0.0,1.0,0.0,0.0
3834876,0.0,0.0,0.0,0.0,0.0,0.0,0.0
3836012,0.0,0.0,0.0,0.0,1.0,0.0,0.0
3836013,0.0,0.0,0.0,0.0,0.0,0.0,0.0
3836017,0.0,0.0,0.0,0.0,1.0,0.0,0.0
3836018,0.0,0.0,0.0,0.0,0.0,0.0,0.0
3836019,0.0,0.0,0.0,0.0,1.0,0.0,0.0
3836021,0.0,0.0,0.0,0.0,2.0,0.0,0.0
3836022,0.0,0.0,0.0,0.0,0.0,0.0,0.0
3836887,0.0,0.0,0.0,0.0,1.0,0.0,0.0
3836888,0.0,0.0,0.0,0.0,0.0,0.0,0.0
3836899,0.0,0.0,0.0,0.0,1.0,0.0,0.0
3836901,0.0,0.0,0.0,0.0,0.0,0.0,0.0
3836902,0.0,0.0,0.0,0.0,1.0,0.0,0.0
3836903,0.0,0.0,0.0,0.0,0.0,0.0,0.0
3837173,0.0,0.0,0.0,0.0,1.0,0.0,0.0
3837174,0.0,0.0,0.0,0.0,0.0,0.0,0.0
3839007,0.0,0.0,0.0,0.0,1.0,0.0,0.0
3839008,0.0,0.0,0.0,0.0,0.0,0.0,0.0
3839092,0.0,0.0,0.0,0.0,1.0,0.0,0.0
3839093,0.0,0.0,0.0,0.0,0.0,0.0,0.0
3839878,0.0,0.0,0.0,0.0,1.0,0.0,0.0
3839879,0.0,0.0,0.0,0.0,0.0,0.0,0.0
3840261,0.0,0.0,0.0,0.0,1.0,0.0,0.0
3840262,0.0,0.0,0.0,0.0,0.0,0.0,0.0
3840631,0.0,0.0,0.0,0.0,1.0,0.0,0.0
3840633,0.0,0.0,0.0,0.0,0.0,0.0,0.0
3840925,0.0,0.0,0.0,0.0,1.0,0.0,0.0
3840929,0.0,0.0,0.0,0.0,0.0,0.0,0.0
3840930,0.0,0.0,0.0,0.0,1.0,0.0,0.0
3840931,0.0,0.0,0.0,0.0,0.0,0.0,0.0
3840932,0.0,0.0,0.0,0.0,1.0,0.0,0.0
3840933,0.0,0.0,0.0,0.0,0.0,0.0,0.0
3841809,0.0,0.0,0.0,0.0,1.0,0.0,0.0
3841812,0.0,0.0,0.0,0.0,0.0,0.0,0.0
3841813,0.0,0.0,0.0,0.0,1.0,0.0,0.0
3841814,0.0,0.0,0.0,0.0,0.0,0.0,0.0
3841985,0.0,0.0,0.0,0.0,1.0,0.0,0.0
3841989,0.0,0.0,0.0,0.0,0.0,0.0,0.0
3841990,0.0,0.0,0.0,0.0,1.0,0.0,0.0
3841993,0.0,0.0,0.0,0.0,0.0,0.0,0.0
3842226,0.0,0.0,0.0,0.0,1.0,0.0,0.0
3842227,0.0,0.0,0.0,0.0,0.0,0.0,0.0
3842498,0.0,0.0,0.0,0.0,1.0,0.0,0.0
3842501,0.0,0.0,0.0,0.0,0.0,0.0,0.0
3842583,0.0,0.0,0.0,0.0,1.0,0.0,0.0
3842584,0.0,0.0,0.0,0.0,0.0,0.0,0.0
3842585,0.0,0.0,0.0,0.0,1.0,0.0,0.0
3842586,0.0,0.0,0.0,0.0,0.0,0.0,0.0
3842588,0.0,0.0,0.0,0.0,1.0,0.0,0.0
3842589,0.0,0.0,0.0,0.0,0.0,0.0,0.0
3842592,0.0,0.0,0.0,0.0,1.0,0.0,0.0
3842594,0.0,0.0,0.0,0.0,0.0,0.0,0.0
3842597,0.0,0.0,0.0,0.0,1.0,0.0,0.0
3842599,0.0,0.0,0.0,0.0,2.0,0.0,0.0
3842600,0.0,0.0,0.0,0.0,0.0,0.0,0.0
3842707,0.0,0.0,0.0,0.0,1.0,0.0,0.0
3842708,0.0,0.0,0.0,0.0,0.0,0.0,0.0
3842709,0.0,0.0,0.0,0.0,1.0,0.0,0.0
3842711,0.0,0.0,0.0,0.0,0.0,0.0,0.0
3842712,0.0,0.0,0.0,0.0,1.0,0.0,0.0
3842715,0.0,0.0,0.0,0.0,0.0,0.0,0.0
3842716,0.0,0.0,0.0,0.0,1.0,0.0,0.0
3842718,0.0,0.0,0.0,0.0,0.0,0.0,0.0
3842726,0.0,0.0,0.0,0.0,1.0,0.0,0.0
3842727,0.0,0.0,0.0,0.0,0.0,0.0,0.0
3843198,0.0,0.0,0.0,0.0,1.0,0.0,0.0
3843199,0.0,0.0,0.0,0.0,0.0,0.0,0.0
3843200,0.0,0.0,0.0,0.0,1.0,0.0,0.0
3843201,0.0,0.0,0.0,0.0,0.0,0.0,0.0
3843204,0.0,0.0,0.0,0.0,1.0,0.0,0.0
3843205,0.0,0.0,0.0,0.0,0.0,0.0,0.0
3843684,0.0,0.0,0.0,0.0,1.0,0.0,0.0
3843685,0.0,0.0,0.0,0.0,0.0,0.0,0.0
3845445,0.0,0.0,0.0,0.0,1.0,0.0,0.0
3845446,0.0,0.0,0.0,0.0,0.0,0.0,0.0
3845973,0.0,0.0,0.0,0.0,1.0,0.0,0.0
3845976,0.0,0.0,0.0,0.0,0.0,0.0,0.0
3846265,0.0,0.0,0.0,0.0,1.0,0.0,0.0
3846269,0.0,0.0,0.0,0.0,2.0,0.0,0.0
3846270,0.0,0.0,0.0,0.0,0.0,0.0,0.0
3847429,0.0,0.0,0.0,0.0,1.0,0.0,0.0
3847432,0.0,0.0,0.0,0.0,0.0,0.0,0.0
3847968,0.0,0.0,0.0,0.0,1.0,0.0,0.0
3847969,0.0,0.0,0.0,0.0,0.0,0.0,0.0
3847971,0.0,0.0,0.0,0.0,1.0,0.0,0.0
3847972,0.0,0.0,0.0,0.0,0.0,0.0,0.0
3847976,0.0,0.0,0.0,0.0,1.0,0.0,0.0
3847977,0.0,0.0,0.0,0.0,0.0,0.0,0.0
3848279,0.0,0.0,0.0,0.0,1.0,0.0,0.0
3848280,0.0,0.0,0.0,0.0,2.0,0.0,0.0
3848281,0.0,0.0,0.0,0.0,0.0,0.0,0.0
3849232,0.0,0.0,0.0,0.0,1.0,0.0,0.0
3849235,0.0,0.0,0.0,0.0,0.0,0.0,0.0
3849236,0.0,0.0,0.0,0.0,1.0,0.0,0.0
3849237,0.0,0.0,0.0,0.0,0.0,0.0,0.0
3849489,0.0,0.0,0.0,0.0,1.0,0.0,0.0
3849490,0.0,0.0,0.0,0.0,0.0,0.0,0.0
3849624,0.0,0.0,0.0,0.0,1.0,0.0,0.0
3849632,0.0,0.0,0.0,0.0,0.0,0.0,0.0
3849634,0.0,0.0,0.0,0.0,1.0,0.0,0.0
3849637,0.0,0.0,0.0,0.0,0.0,0.0,0.0
3849719,0.0,0.0,0.0,0.0,1.0,0.0,0.0
3849722,0.0,0.0,0.0,0.0,0.0,0.0,0.0
3849751,0.0,0.0,0.0,0.0,1.0,0.0,0.0
3849752,0.0,0.0,0.0,0.0,0.0,0.0,0.0
3849761,0.0,0.0,0.0,0.0,1.0,0.0,0.0
3849762,0.0,0.0,0.0,0.0,0.0,0.0,0.0
3849763,0.0,0.0,0.0,0.0,1.0,0.0,0.0
3849764,0.0,0.0,0.0,0.0,0.0,0.0,0.0
3849765,0.0,0.0,0.0,0.0,1.0,0.0,0.0
3849767,0.0,0.0,0.0,0.0,0.0,0.0,0.0
3849768,0.0,0.0,0.0,0.0,1.0,0.0,0.0
3849769,0.0,0.0,0.0,0.0,0.0,0.0,0.0
3849770,0.0,0.0,0.0,0.0,1.0,0.0,0.0
3849771,0.0,0.0,0.0,0.0,0.0,0.0,0.0
3850185,0.0,0.0,0.0,0.0,1.0,0.0,0.0
3850186,0.0,0.0,0.0,0.0,0.0,0.0,0.0
3850190,0.0,0.0,0.0,0.0,1.0,0.0,0.0
3850191,0.0,0.0,0.0,0.0,0.0,0.0,0.0
3850693,0.0,0.0,0.0,0.0,1.0,0.0,0.0
3850694,0.0,0.0,0.0,0.0,0.0,0.0,0.0
3850744,0.0,0.0,0.0,0.0,1.0,0.0,0.0
3850748,0.0,0.0,0.0,0.0,2.0,0.0,0.0
3850749,0.0,0.0,0.0,0.0,0.0,0.0,0.0
3852204,0.0,0.0,0.0,0.0,1.0,0.0,0.0
3852205,0.0,0.0,0.0,0.0,0.0,0.0,0.0
3852211,0.0,0.0,0.0,0.0,1.0,0.0,0.0
3852212,0.0,0.0,0.0,0.0,0.0,0.0,0.0
3852213,0.0,0.0,0.0,0.0,1.0,0.0,0.0
3852214,0.0,0.0,0.0,0.0,0.0,0.0,0.0
3852218,0.0,0.0,0.0,0.0,1.0,0.0,0.0
3852219,0.0,0.0,0.0,0.0,0.0,0.0,0.0
3852233,0.0,0.0,0.0,0.0,1.0,0.0,0.0
3852234,0.0,0.0,0.0,0.0,0.0,0.0,0.0
3852237,0.0,0.0,0.0,0.0,1.0,0.0,0.0
3852241,0.0,0.0,0.0,0.0,0.0,0.0,0.0
3852242,0.0,0.0,0.0,0.0,1.0,0.0,0.0
3852243,0.0,0.0,0.0,0.0,0.0,0.0,0.0
3852386,0.0,2.0,0.0,0.0,0.0,1.0,0.0
3852387,0.0,0.0,0.0,0.0,0.0,0.0,0.0
3852417,0.0,0.0,1.0,0.0,0.0,0.0,0.0
3852425,0.0,0.0,0.0,0.0,0.0,0.0,0.0
3852429,0.0,0.0,1.0,0.0,0.0,0.0,0.0
3852430,0.0,0.0,0.0,0.0,0.0,0.0,0.0
3852432,0.0,0.0,1.0,0.0,0.0,0.0,0.0
3852441,0.0,0.0,0.0,0.0,0.0,0.0,0.0
3852442,0.0,0.0,1.0,0.0,0.0,0.0,0.0
3852446,0.0,0.0,0.0,0.0,0.0,0.0,0.0
3852447,0.0,0.0,1.0,0.0,0.0,0.0,0.0
3852451,0.0,0.0,0.0,0.0,0.0,0.0,0.0
3852452,0.0,0.0,1.0,0.0,0.0,0.0,0.0
3852487,0.0,0.0,0.0,0.0,0.0,0.0,0.0
3852489,0.0,0.0,1.0,0.0,0.0,0.0,0.0
3852498,0.0,0.0,0.0,0.0,0.0,0.0,0.0
3852499,0.0,0.0,1.0,0.0,0.0,0.0,0.0
3852687,0.0,0.0,2.0,0.0,0.0,0.0,0.0
3852688,0.0,0.0,0.0,0.0,0.0,0.0,0.0
3852870,0.0,0.0,1.0,0.0,1.0,0.0,0.0
3852875,0.0,0.0,1.0,0.0,0.0,0.0,0.0
3852876,0.0,0.0,1.0,0.0,1.0,0.0,0.0
3852878,0.0,0.0,1.0,0.0,0.0,0.0,0.0
3852881,0.0,0.0,0.0,0.0,0.0,0.0,0.0
3852883,0.0,0.0,1.0,0.0,0.0,0.0,0.0
3852891,0.0,0.0,0.0,0.0,0.0,0.0,0.0
3852955,0.0,0.0,1.0,0.0,0.0,0.0,0.0
3852993,0.0,0.0,0.0,0.0,0.0,0.0,0.0
3854627,0.0,0.0,0.0,0.0,1.0,0.0,0.0
3854628,0.0,0.0,0.0,0.0,0.0,0.0,0.0
3855696,0.0,0.0,0.0,0.0,1.0,0.0,0.0
3855697,0.0,0.0,0.0,0.0,0.0,0.0,0.0
3855847,0.0,0.0,0.0,0.0,1.0,0.0,0.0
3855848,0.0,0.0,0.0,0.0,0.0,0.0,0.0
3855849,0.0,0.0,0.0,0.0,1.0,0.0,0.0
3855852,0.0,0.0,0.0,0.0,0.0,0.0,0.0
3855853,0.0,0.0,0.0,0.0,1.0,0.0,0.0
3855854,0.0,0.0,0.0,0.0,0.0,0.0,0.0
3855855,0.0,0.0,0.0,0.0,1.0,0.0,0.0
3855857,0.0,0.0,0.0,0.0,0.0,0.0,0.0
3855860,0.0,0.0,0.0,0.0,1.0,0.0,0.0
3855861,0.0,0.0,0.0,0.0,0.0,0.0,0.0
3855862,0.0,0.0,0.0,0.0,1.0,0.0,0.0
3855863,0.0,0.0,0.0,0.0,0.0,0.0,0.0
3857443,0.0,0.0,0.0,0.0,1.0,0.0,0.0
3857444,0.0,0.0,0.0,0.0,0.0,0.0,0.0
3858470,0.0,0.0,0.0,0.0,1.0,0.0,0.0
3858473,0.0,0.0,0.0,0.0,0.0,0.0,0.0
3861511,0.0,0.0,0.0,0.0,1.0,0.0,0.0
3861512,0.0,0.0,0.0,0.0,0.0,0.0,0.0
3861547,0.0,0.0,0.0,0.0,1.0,0.0,0.0
3861548,0.0,0.0,0.0,0.0,0.0,0.0,0.0
3861559,0.0,0.0,0.0,0.0,1.0,0.0,0.0
3861560,0.0,0.0,0.0,0.0,0.0,0.0,0.0
3861561,0.0,0.0,0.0,0.0,1.0,0.0,0.0
3861562,0.0,0.0,0.0,0.0,0.0,0.0,0.0
3862340,0.0,0.0,0.0,0.0,1.0,0.0,0.0
3862342,0.0,0.0,0.0,0.0,0.0,0.0,0.0
3862343,0.0,0.0,0.0,0.0,1.0,0.0,0.0
3862350,0.0,0.0,0.0,0.0,0.0,0.0,0.0
3862488,0.0,0.0,0.0,0.0,1.0,0.0,0.0
3862489,0.0,0.0,0.0,0.0,0.0,0.0,0.0
3862493,0.0,0.0,0.0,0.0,1.0,0.0,0.0
3862494,0.0,0.0,0.0,0.0,0.0,0.0,0.0
3863537,0.0,0.0,0.0,0.0,1.0,0.0,0.0
3863538,0.0,0.0,0.0,0.0,0.0,0.0,0.0
3863631,0.0,0.0,0.0,0.0,1.0,0.0,0.0
3863632,0.0,0.0,0.0,0.0,0.0,0.0,0.0
3863672,0.0,0.0,0.0,0.0,1.0,0.0,0.0
3863675,0.0,0.0,0.0,0.0,0.0,0.0,0.0
3863864,0.0,0.0,0.0,0.0,1.0,0.0,0.0
3863866,0.0,0.0,0.0,0.0,0.0,0.0,0.0
3864430,0.0,0.0,0.0,0.0,1.0,0.0,0.0
3864433,0.0,0.0,0.0,0.0,0.0,0.0,0.0
3866149,0.0,0.0,0.0,0.0,1.0,0.0,0.0
3866154,0.0,0.0,0.0,0.0,0.0,0.0,0.0
3866161,0.0,0.0,0.0,0.0,1.0,0.0,0.0
3866162,0.0,0.0,0.0,0.0,0.0,0.0,0.0
3867138,0.0,0.0,0.0,0.0,1.0,0.0,0.0
3867139,0.0,0.0,0.0,0.0,0.0,0.0,0.0
3867140,0.0,0.0,0.0,0.0,1.0,0.0,0.0
3867143,0.0,0.0,0.0,0.0,0.0,0.0,0.0
3867616,0.0,0.0,0.0,0.0,1.0,0.0,0.0
3867617,0.0,0.0,0.0,0.0,2.0,0.0,0.0
3867618,0.0,0.0,0.0,0.0,0.0,0.0,0.0
3868943,0.0,0.0,0.0,0.0,1.0,0.0,0.0
3868944,0.0,0.0,0.0,0.0,0.0,0.0,0.0
3871783,0.0,0.0,0.0,0.0,1.0,0.0,0.0
3871784,0.0,0.0,0.0,0.0,0.0,0.0,0.0
3871785,0.0,0.0,0.0,0.0,1.0,0.0,0.0
3871786,0.0,0.0,0.0,0.0,0.0,0.0,0.0
3871787,0.0,0.0,0.0,0.0,1.0,0.0,0.0
3871788,0.0,0.0,0.0,0.0,0.0,0.0,0.0
3871790,0.0,0.0,0.0,0.0,1.0,0.0,0.0
3871793,0.0,0.0,0.0,0.0,0.0,0.0,0.0
3871794,0.0,0.0,0.0,0.0,1.0,0.0,0.0
3871795,0.0,0.0,0.0,0.0,0.0,0.0,0.0
3871810,0.0,0.0,0.0,0.0,1.0,0.0,0.0
3871811,0.0,0.0,0.0,0.0,0.0,0.0,0.0
3871812,0.0,0.0,0.0,0.0,1.0,0.0,0.0
3871813,0.0,0.0,0.0,0.0,0.0,0.0,0.0
3871815,0.0,0.0,0.0,0.0,1.0,0.0,0.0
3871816,0.0,0.0,0.0,0.0,0.0,0.0,0.0
3871817,0.0,0.0,0.0,0.0,1.0,0.0,0.0
3871818,0.0,0.0,0.0,0.0,0.0,0.0,0.0
3871819,0.0,0.0,0.0,0.0,1.0,0.0,0.0
3871820,0.0,0.0,0.0,0.0,0.0,0.0,0.0
3871822,0.0,0.0,0.0,0.0,1.0,0.0,0.0
3871823,0.0,0.0,0.0,0.0,0.0,0.0,0.0
3871832,0.0,0.0,0.0,0.0,1.0,0.0,0.0
3871833,0.0,0.0,0.0,0.0,0.0,0.0,0.0
3872884,0.0,0.0,0.0,0.0,1.0,0.0,0.0
3872887,0.0,0.0,0.0,0.0,0.0,0.0,0.0
3873179,0.0,0.0,0.0,0.0,1.0,0.0,0.0
3873180,0.0,0.0,0.0,0.0,0.0,0.0,0.0
3874643,0.0,0.0,0.0,0.0,1.0,0.0,0.0
3874644,0.0,0.0,0.0,0.0,0.0,0.0,0.0
3875418,0.0,0.0,0.0,0.0,1.0,0.0,0.0
3875422,0.0,0.0,0.0,0.0,0.0,0.0,0.0
3875714,0.0,0.0,0.0,1.0,0.0,0.0,0.0
3875715,0.0,0.0,0.0,0.0,0.0,0.0,0.0
3878092,0.0,0.0,0.0,0.0,1.0,0.0,0.0
3878095,0.0,0.0,0.0,0.0,0.0,0.0,0.0
3878927,0.0,0.0,0.0,1.0,0.0,0.0,0.0
3878928,0.0,0.0,0.0,0.0,0.0,0.0,0.0
3879075,0.0,0.0,0.0,0.0,1.0,0.0,0.0
3879077,0.0,0.0,0.0,0.0,2.0,0.0,0.0
3879078,0.0,0.0,0.0,0.0,0.0,0.0,0.0
3879424,0.0,0.0,0.0,0.0,1.0,0.0,0.0
3879426,0.0,0.0,0.0,0.0,2.0,0.0,0.0
3879427,0.0,0.0,0.0,0.0,0.0,0.0,0.0
3879700,0.0,0.0,0.0,0.0,1.0,0.0,0.0
3879701,0.0,0.0,0.0,0.0,0.0,0.0,0.0
3882850,0.0,0.0,0.0,0.0,1.0,0.0,0.0
3882853,0.0,0.0,0.0,0.0,0.0,0.0,0.0
3883554,0.0,0.0,0.0,0.0,1.0,0.0,0.0
3883555,0.0,0.0,0.0,0.0,0.0,0.0,0.0
3883766,0.0,0.0,0.0,0.0,1.0,0.0,0.0
3883768,0.0,0.0,0.0,0.0,2.0,0.0,0.0
3883769,0.0,0.0,0.0,0.0,0.0,0.0,0.0
3885497,0.0,0.0,0.0,0.0,1.0,0.0,0.0
3885498,0.0,0.0,0.0,0.0,0.0,0.0,0.0
3885499,0.0,0.0,0.0,0.0,1.0,0.0,0.0
3885500,0.0,0.0,0.0,0.0,0.0,0.0,0.0
3885764,0.0,0.0,0.0,0.0,1.0,0.0,0.0
3885765,0.0,0.0,0.0,0.0,0.0,0.0,0.0
3885774,0.0,0.0,0.0,0.0,1.0,0.0,0.0
3885775,0.0,0.0,0.0,0.0,0.0,0.0,0.0
3885776,0.0,0.0,0.0,0.0,1.0,0.0,0.0
3885778,0.0,0.0,0.0,0.0,0.0,0.0,0.0
3886305,0.0,0.0,0.0,0.0,1.0,0.0,0.0
3886306,0.0,0.0,0.0,0.0,0.0,0.0,0.0
3886783,0.0,0.0,0.0,0.0,1.0,0.0,0.0
3886784,0.0,0.0,0.0,0.0,0.0,0.0,0.0
3886785,0.0,0.0,0.0,0.0,1.0,0.0,0.0
3886786,0.0,0.0,0.0,0.0,0.0,0.0,0.0
3887157,0.0,0.0,0.0,0.0,1.0,0.0,0.0
3887159,0.0,0.0,0.0,0.0,2.0,0.0,0.0
3887160,0.0,0.0,0.0,0.0,0.0,0.0,0.0
3887162,0.0,0.0,0.0,1.0,0.0,0.0,0.0
3887163,0.0,0.0,0.0,0.0,0.0,0.0,0.0
3888520,0.0,0.0,0.0,0.0,1.0,0.0,0.0
3888524,0.0,0.0,0.0,0.0,0.0,0.0,0.0
3888525,0.0,0.0,0.0,0.0,1.0,0.0,0.0
3888527,0.0,0.0,0.0,0.0,2.0,0.0,0.0
3888528,0.0,0.0,0.0,0.0,0.0,0.0,0.0
3891076,0.0,0.0,0.0,0.0,1.0,0.0,0.0
3891077,0.0,0.0,0.0,0.0,0.0,0.0,0.0
3891080,0.0,0.0,0.0,0.0,1.0,0.0,0.0
3891081,0.0,0.0,0.0,0.0,0.0,0.0,0.0
3891604,0.0,0.0,0.0,0.0,1.0,0.0,0.0
3891606,0.0,0.0,0.0,0.0,2.0,0.0,0.0
3891607,0.0,0.0,0.0,0.0,0.0,0.0,0.0
3895954,0.0,0.0,0.0,0.0,1.0,0.0,0.0
3895956,0.0,0.0,0.0,0.0,2.0,0.0,0.0
3895957,0.0,0.0,0.0,0.0,0.0,0.0,0.0
3896963,0.0,0.0,0.0,0.0,1.0,0.0,0.0
3896967,0.0,0.0,0.0,0.0,2.0,0.0,0.0
3896968,0.0,0.0,0.0,0.0,0.0,0.0,0.0
3900047,0.0,0.0,0.0,0.0,1.0,0.0,0.0
3900048,0.0,0.0,0.0,0.0,0.0,0.0,0.0
3904331,0.0,0.0,0.0,0.0,1.0,0.0,0.0
3904332,0.0,0.0,0.0,0.0,0.0,0.0,0.0
3910956,0.0,0.0,0.0,0.0,1.0,0.0,0.0
3910958,0.0,0.0,0.0,0.0,2.0,0.0,0.0
3910959,0.0,0.0,0.0,0.0,0.0,0.0,0.0
3917168,0.0,0.0,0.0,0.0,1.0,0.0,0.0
3917169,0.0,0.0,0.0,0.0,0.0,0.0,0.0
3918892,0.0,0.0,0.0,0.0,1.0,0.0,0.0
3918894,0.0,0.0,0.0,0.0,0.0,0.0,0.0
3918896,0.0,0.0,0.0,0.0,1.0,0.0,0.0
3918897,0.0,0.0,0.0,0.0,0.0,0.0,0.0
3920915,0.0,0.0,0.0,0.0,1.0,0.0,0.0
3920916,0.0,0.0,0.0,0.0,0.0,0.0,0.0
3920917,0.0,0.0,0.0,0.0,1.0,0.0,0.0
3920918,0.0,0.0,0.0,0.0,0.0,0.0,0.0
3920920,0.0,0.0,0.0,0.0,1.0,0.0,0.0
3920922,0.0,0.0,0.0,0.0,2.0,0.0,0.0
3920923,0.0,0.0,0.0,0.0,0.0,0.0,0.0
3926644,0.0,0.0,0.0,0.0,1.0,0.0,0.0
3926645,0.0,0.0,0.0,0.0,0.0,0.0,0.0
3926917,0.0,0.0,0.0,0.0,1.0,0.0,0.0
3926919,0.0,0.0,0.0,0.0,0.0,0.0,0.0
3927111,0.0,0.0,0.0,0.0,1.0,0.0,0.0
3927112,0.0,0.0,0.0,0.0,0.0,0.0,0.0
3927132,0.0,0.0,0.0,0.0,1.0,0.0,0.0
3927133,0.0,0.0,0.0,0.0,0.0,0.0,0.0
3928621,0.0,0.0,0.0,0.0,1.0,0.0,0.0
3928624,0.0,0.0,0.0,0.0,0.0,0.0,0.0
3930890,0.0,0.0,0.0,0.0,1.0,0.0,0.0
3930891,0.0,0.0,0.0,0.0,0.0,0.0,0.0
3930892,0.0,0.0,0.0,0.0,1.0,0.0,0.0
3930894,0.0,0.0,0.0,0.0,0.0,0.0,0.0
3930901,0.0,0.0,0.0,0.0,1.0,0.0,0.0
3930902,0.0,0.0,0.0,0.0,0.0,0.0,0.0
3930904,0.0,0.0,0.0,0.0,1.0,0.0,0.0
3930905,0.0,0.0,0.0,0.0,0.0,0.0,0.0
3930906,0.0,0.0,0.0,0.0,1.0,0.0,0.0
3930909,0.0,0.0,0.0,0.0,0.0,0.0,0.0
3930911,0.0,0.0,0.0,0.0,1.0,0.0,0.0
3930914,0.0,0.0,0.0,0.0,0.0,0.0,0.0
3931811,0.0,0.0,0.0,0.0,1.0,0.0,0.0
3931812,0.0,0.0,0.0,0.0,0.0,0.0,0.0
3932562,0.0,0.0,0.0,0.0,1.0,0.0,0.0
3932564,0.0,0.0,0.0,0.0,0.0,0.0,0.0
3933065,0.0,0.0,0.0,0.0,1.0,0.0,0.0
3933066,0.0,0.0,0.0,0.0,0.0,0.0,0.0
3933067,0.0,0.0,0.0,0.0,1.0,0.0,0.0
3933068,0.0,0.0,0.0,0.0,0.0,0.0,0.0
3933069,0.0,0.0,0.0,0.0,1.0,0.0,0.0
3933071,0.0,0.0,0.0,0.0,0.0,0.0,0.0
3933072,0.0,0.0,0.0,0.0,1.0,0.0,0.0
3933073,0.0,0.0,0.0,0.0,0.0,0.0,0.0
3933677,0.0,0.0,0.0,0.0,1.0,0.0,0.0
3933680,0.0,0.0,0.0,0.0,0.0,0.0,0.0
3933681,0.0,0.0,0.0,0.0,1.0,0.0,0.0
3933683,0.0,0.0,0.0,0.0,0.0,0.0,0.0
3935953,0.0,0.0,0.0,0.0,1.0,0.0,0.0
3935954,0.0,0.0,0.0,0.0,0.0,0.0,0.0
3935956,0.0,0.0,0.0,0.0,1.0,0.0,0.0
3935957,0.0,0.0,0.0,0.0,0.0,0.0,0.0
3936762,0.0,0.0,0.0,0.0,1.0,0.0,0.0
3936766,0.0,0.0,0.0,0.0,0.0,0.0,0.0
3937721,0.0,0.0,0.0,0.0,1.0,0.0,0.0
3937722,0.0,0.0,0.0,0.0,0.0,0.0,0.0
3937723,0.0,0.0,0.0,0.0,1.0,0.0,0.0
3937724,0.0,0.0,0.0,0.0,0.0,0.0,0.0
3937725,0.0,0.0,0.0,0.0,1.0,0.0,0.0
3937726,0.0,0.0,0.0,0.0,2.0,0.0,0.0
3937727,0.0,0.0,0.0,0.0,0.0,0.0,0.0
3942961,0.0,0.0,0.0,0.0,1.0,0.0,0.0
3942965,0.0,0.0,0.0,0.0,0.0,0.0,0.0
3945496,0.0,0.0,0.0,0.0,1.0,0.0,0.0
3945499,0.0,0.0,0.0,0.0,0.0,0.0,0.0
3945500,0.0,0.0,0.0,0.0,1.0,0.0,0.0
3945504,0.0,0.0,0.0,0.0,0.0,0.0,0.0
3947802,0.0,0.0,0.0,0.0,1.0,0.0,0.0
3947804,0.0,0.0,0.0,0.0,2.0,0.0,0.0
3947805,0.0,0.0,0.0,0.0,0.0,0.0,0.0
3948528,0.0,0.0,0.0,0.0,1.0,0.0,0.0
3948529,0.0,0.0,0.0,0.0,0.0,0.0,0.0
3948533,0.0,0.0,0.0,0.0,1.0,0.0,0.0
3948534,0.0,0.0,0.0,0.0,0.0,0.0,0.0
3949610,0.0,0.0,0.0,0.0,1.0,0.0,0.0
3949613,0.0,0.0,0.0,0.0,0.0,0.0,0.0
3955170,0.0,0.0,0.0,0.0,1.0,0.0,0.0
3955171,0.0,0.0,0.0,0.0,0.0,0.0,0.0
3955172,0.0,0.0,0.0,0.0,1.0,0.0,0.0
3955174,0.0,0.0,0.0,0.0,0.0,0.0,0.0
3955175,0.0,0.0,0.0,0.0,1.0,0.0,0.0
3955176,0.0,0.0,0.0,0.0,0.0,0.0,0.0
3955180,0.0,0.0,0.0,0.0,1.0,0.0,0.0
3955181,0.0,0.0,0.0,0.0,0.0,0.0,0.0
3955182,0.0,0.0,0.0,0.0,1.0,0.0,0.0
3955183,0.0,0.0,0.0,0.0,2.0,0.0,0.0
3955184,0.0,0.0,0.0,0.0,0.0,0.0,0.0
3958711,0.0,0.0,0.0,0.0,1.0,0.0,0.0
3958712,0.0,0.0,0.0,0.0,0.0,0.0,0.0
3958713,0.0,0.0,0.0,0.0,1.0,0.0,0.0
3958719,0.0,0.0,0.0,0.0,0.0,0.0,0.0
3958723,0.0,0.0,0.0,0.0,1.0,0.0,0.0
3958724,0.0,0.0,0.0,0.0,0.0,0.0,0.0
3959534,0.0,0.0,0.0,0.0,1.0,0.0,0.0
3959535,0.0,0.0,0.0,0.0,0.0,0.0,0.0
3959539,0.0,0.0,0.0,0.0,1.0,0.0,0.0
3959540,0.0,0.0,0.0,0.0,0.0,0.0,0.0
3959541,0.0,0.0,0.0,0.0,1.0,0.0,0.0
3959544,0.0,0.0,0.0,0.0,0.0,0.0,0.0
3960258,0.0,0.0,0.0,0.0,1.0,0.0,0.0
3960259,0.0,0.0,0.0,0.0,0.0,0.0,0.0
3960278,0.0,0.0,0.0,0.0,1.0,0.0,0.0
3960279,0.0,0.0,0.0,0.0,0.0,0.0,0.0
3961120,0.0,0.0,0.0,0.0,1.0,0.0,0.0
3961123,0.0,0.0,0.0,0.0,0.0,0.0,0.0
3961125,0.0,0.0,0.0,0.0,1.0,0.0,0.0
3961126,0.0,0.0,0.0,0.0,0.0,0.0,0.0
3961870,0.0,0.0,0.0,0.0,1.0,0.0,0.0
3961871,0.0,0.0,0.0,0.0,0.0,0.0,0.0
3969714,0.0,0.0,0.0,0.0,1.0,0.0,0.0
3969715,0.0,0.0,0.0,0.0,0.0,0.0,0.0
3973396,0.0,0.0,0.0,0.0,1.0,0.0,0.0
3973397,0.0,0.0,0.0,0.0,0.0,0.0,0.0
3973411,0.0,0.0,0.0,0.0,1.0,0.0,0.0
3973413,0.0,0.0,0.0,0.0,2.0,0.0,0.0
3973414,0.0,0.0,0.0,1.0,0.0,0.0,0.0
3973419,0.0,0.0,0.0,0.0,0.0,0.0,0.0
3974179,0.0,0.0,0.0,0.0,1.0,0.0,0.0
3974180,0.0,0.0,0.0,0.0,0.0,0.0,0.0
3974659,0.0,0.0,0.0,0.0,1.0,0.0,0.0
3974665,0.0,0.0,0.0,0.0,0.0,0.0,0.0
3974725,0.0,0.0,0.0,0.0,1.0,0.0,0.0
3974726,0.0,0.0,0.0,0.0,0.0,0.0,0.0
3976609,0.0,0.0,0.0,0.0,1.0,0.0,0.0
3976612,0.0,0.0,0.0,0.0,0.0,0.0,0.0
3983469,0.0,0.0,0.0,0.0,1.0,0.0,0.0
3983470,0.0,0.0,0.0,0.0,0.0,0.0,0.0
3984299,0.0,0.0,0.0,0.0,1.0,0.0,0.0
3984300,0.0,0.0,0.0,0.0,0.0,0.0,0.0
3984310,0.0,0.0,0.0,0.0,1.0,0.0,0.0
3984311,0.0,0.0,0.0,0.0,0.0,0.0,0.0
3988345,0.0,0.0,0.0,0.0,1.0,0.0,0.0
3988346,0.0,0.0,0.0,0.0,0.0,0.0,0.0
3988347,0.0,0.0,0.0,0.0,1.0,0.0,0.0
3988348,0.0,0.0,0.0,0.0,0.0,0.0,0.0
3988350,0.0,0.0,0.0,0.0,1.0,0.0,0.0
3988351,0.0,0.0,0.0,0.0,0.0,0.0,0.0
3991359,0.0,0.0,0.0,0.0,1.0,0.0,0.0
3991360,0.0,0.0,0.0,0.0,0.0,0.0,0.0
3991378,0.0,0.0,0.0,0.0,1.0,0.0,0.0
3991379,0.0,0.0,0.0,0.0,0.0,0.0,0.0
3991380,0.0,0.0,0.0,0.0,1.0,0.0,0.0
3991381,0.0,0.0,0.0,0.0,0.0,0.0,0.0
3991383,0.0,0.0,0.0,0.0,1.0,0.0,0.0
3991384,0.0,0.0,0.0,0.0,0.0,0.0,0.0
3991388,0.0,0.0,0.0,0.0,1.0,0.0,0.0
3991389,0.0,0.0,0.0,0.0,0.0,0.0,0.0
3991468,0.0,0.0,0.0,0.0,1.0,0.0,0.0
3991469,0.0,0.0,0.0,0.0,0.0,0.0,0.0
3991470,0.0,0.0,0.0,0.0,1.0,0.0,0.0
3991476,0.0,0.0,0.0,0.0,0.0,0.0,0.0
3991480,0.0,0.0,0.0,0.0,1.0,0.0,0.0
3991481,0.0,0.0,0.0,0.0,0.0,0.0,0.0
3991482,0.0,0.0,0.0,0.0,1.0,0.0,0.0
3991483,0.0,0.0,0.0,0.0,0.0,0.0,0.0
3991588,0.0,0.0,0.0,1.0,0.0,0.0,0.0
3991590,0.0,0.0,0.0,1.0,1.0,0.0,0.0
3991591,0.0,0.0,0.0,1.0,0.0,0.0,0.0
3991592,0.0,0.0,0.0,1.0,1.0,0.0,0.0
3991593,0.0,0.0,0.0,1.0,0.0,0.0,0.0
3991594,0.0,0.0,0.0,1.0,1.0,0.0,0.0
3991596,0.0,0.0,0.0,1.0,0.0,0.0,0.0
3991611,0.0,0.0,0.0,0.0,0.0,0.0,0.0
3991613,0.0,0.0,0.0,1.0,0.0,0.0,0.0
3991615,0.0,0.0,0.0,0.0,0.0,0.0,0.0
3991623,0.0,0.0,0.0,1.0,0.0,0.0,0.0
3991624,0.0,0.0,0.0,0.0,0.0,0.0,0.0
3991626,0.0,0.0,0.0,1.0,0.0,0.0,0.0
3991628,0.0,0.0,0.0,0.0,0.0,0.0,0.0
3991631,0.0,0.0,0.0,1.0,0.0,0.0,0.0
3991632,0.0,0.0,0.0,0.0,0.0,0.0,0.0
3991637,0.0,0.0,0.0,1.0,0.0,0.0,0.0
3991640,0.0,0.0,0.0,0.0,0.0,0.0,0.0
3995102,0.0,0.0,0.0,0.0,1.0,0.0,0.0
3995103,0.0,0.0,0.0,0.0,0.0,0.0,0.0
3998777,0.0,0.0,0.0,0.0,1.0,0.0,0.0
3998778,0.0,0.0,0.0,0.0,0.0,0.0,0.0
3998793,0.0,0.0,0.0,0.0,1.0,0.0,0.0
3998794,0.0,0.0,0.0,0.0,0.0,0.0,0.0
4000000,0.0,0.0,0.0,0.0,0.0,0.0,1.0
4000001,0.0,0.0,0.0,0.0,0.0,0.0,0.0
