,ADWIN,CUSUM,DDM,HDDMAverage,HDDMWeighted,Prediction,Ground-Truth
161,0.0,0.0,1.0,0.0,0.0,0.0,0.0
180,0.0,0.0,0.0,0.0,0.0,0.0,0.0
183,0.0,0.0,1.0,0.0,0.0,0.0,0.0
184,0.0,0.0,0.0,0.0,0.0,0.0,0.0
186,0.0,0.0,1.0,0.0,0.0,0.0,0.0
187,0.0,0.0,0.0,0.0,0.0,0.0,0.0
188,0.0,0.0,1.0,0.0,0.0,0.0,0.0
190,0.0,0.0,0.0,0.0,0.0,0.0,0.0
191,0.0,0.0,1.0,0.0,0.0,0.0,0.0
193,0.0,0.0,0.0,0.0,0.0,0.0,0.0
195,0.0,0.0,1.0,0.0,0.0,0.0,0.0
224,0.0,0.0,0.0,0.0,0.0,0.0,0.0
253,0.0,0.0,1.0,0.0,0.0,0.0,0.0
267,2.0,0.0,1.0,0.0,0.0,0.0,0.0
268,0.0,0.0,1.0,0.0,0.0,0.0,0.0
339,0.0,0.0,0.0,0.0,0.0,0.0,0.0
350,0.0,0.0,1.0,0.0,0.0,0.0,0.0
364,0.0,0.0,0.0,0.0,0.0,0.0,0.0
366,0.0,0.0,1.0,0.0,0.0,0.0,0.0
367,0.0,0.0,0.0,0.0,0.0,0.0,0.0
368,0.0,0.0,1.0,0.0,0.0,0.0,0.0
370,0.0,0.0,0.0,0.0,0.0,0.0,0.0
371,0.0,0.0,1.0,0.0,0.0,0.0,0.0
382,0.0,0.0,0.0,0.0,0.0,0.0,0.0
384,0.0,0.0,1.0,0.0,0.0,0.0,0.0
385,0.0,0.0,0.0,0.0,0.0,0.0,0.0
386,0.0,0.0,1.0,0.0,0.0,0.0,0.0
392,0.0,0.0,0.0,0.0,0.0,0.0,0.0
399,0.0,0.0,1.0,0.0,0.0,0.0,0.0
404,0.0,0.0,0.0,0.0,0.0,0.0,0.0
406,0.0,0.0,1.0,0.0,0.0,0.0,0.0
407,0.0,0.0,0.0,0.0,0.0,0.0,0.0
409,0.0,0.0,1.0,0.0,0.0,0.0,0.0
410,0.0,0.0,0.0,0.0,0.0,0.0,0.0
415,0.0,0.0,1.0,0.0,0.0,0.0,0.0
416,0.0,0.0,0.0,0.0,0.0,0.0,0.0
431,0.0,0.0,1.0,0.0,0.0,0.0,0.0
502,0.0,0.0,1.0,1.0,0.0,1.0,0.0
503,0.0,0.0,0.0,0.0,0.0,0.0,0.0
701,0.0,0.0,1.0,0.0,0.0,0.0,0.0
702,0.0,0.0,1.0,0.0,1.0,0.0,0.0
703,0.0,0.0,1.0,0.0,0.0,0.0,0.0
707,0.0,0.0,1.0,0.0,1.0,0.0,0.0
708,0.0,0.0,1.0,0.0,0.0,0.0,0.0
715,0.0,0.0,0.0,0.0,0.0,0.0,0.0
720,0.0,0.0,1.0,0.0,0.0,0.0,0.0
721,0.0,0.0,0.0,0.0,0.0,0.0,0.0
722,0.0,0.0,1.0,0.0,0.0,0.0,0.0
729,0.0,0.0,0.0,0.0,0.0,0.0,0.0
731,0.0,0.0,1.0,0.0,0.0,0.0,0.0
732,0.0,0.0,0.0,0.0,0.0,0.0,0.0
745,0.0,0.0,1.0,0.0,0.0,0.0,0.0
758,0.0,0.0,0.0,0.0,0.0,0.0,0.0
759,0.0,0.0,1.0,0.0,0.0,0.0,0.0
804,0.0,0.0,0.0,0.0,0.0,0.0,0.0
889,0.0,0.0,1.0,0.0,0.0,0.0,0.0
890,0.0,0.0,0.0,0.0,0.0,0.0,0.0
892,0.0,0.0,1.0,0.0,0.0,0.0,0.0
896,0.0,0.0,0.0,0.0,0.0,0.0,0.0
897,0.0,0.0,1.0,0.0,0.0,0.0,0.0
904,0.0,0.0,0.0,0.0,0.0,0.0,0.0
909,0.0,0.0,1.0,0.0,0.0,0.0,0.0
926,0.0,0.0,1.0,0.0,1.0,0.0,0.0
929,0.0,0.0,1.0,0.0,0.0,0.0,0.0
934,0.0,0.0,1.0,0.0,1.0,0.0,0.0
935,0.0,0.0,1.0,0.0,0.0,0.0,0.0
936,0.0,0.0,1.0,0.0,1.0,0.0,0.0
937,0.0,0.0,1.0,0.0,0.0,0.0,0.0
1001,0.0,0.0,0.0,0.0,0.0,0.0,0.0
2461,0.0,0.0,0.0,0.0,1.0,0.0,0.0
2465,0.0,0.0,0.0,0.0,2.0,0.0,0.0
2466,0.0,0.0,0.0,0.0,0.0,0.0,0.0
3424,0.0,0.0,0.0,0.0,1.0,0.0,0.0
3426,0.0,0.0,0.0,0.0,2.0,0.0,0.0
3427,0.0,0.0,0.0,0.0,0.0,0.0,0.0
4043,0.0,0.0,1.0,0.0,0.0,0.0,0.0
4047,0.0,0.0,1.0,0.0,1.0,0.0,0.0
4048,0.0,0.0,1.0,0.0,0.0,0.0,0.0
4049,0.0,0.0,1.0,0.0,1.0,0.0,0.0
4050,0.0,0.0,1.0,0.0,0.0,0.0,0.0
4073,0.0,0.0,0.0,0.0,0.0,0.0,0.0
4074,0.0,0.0,1.0,0.0,0.0,0.0,0.0
4082,0.0,0.0,0.0,0.0,0.0,0.0,0.0
5543,0.0,0.0,0.0,1.0,0.0,0.0,0.0
5544,0.0,0.0,0.0,0.0,0.0,0.0,0.0
11000,0.0,0.0,0.0,0.0,0.0,0.0,1.0
11001,0.0,0.0,0.0,0.0,0.0,0.0,0.0
11478,2.0,0.0,0.0,0.0,0.0,1.0,0.0
11479,0.0,0.0,0.0,0.0,0.0,0.0,0.0
11710,0.0,0.0,1.0,0.0,0.0,0.0,0.0
11729,0.0,0.0,0.0,0.0,0.0,0.0,0.0
11777,0.0,0.0,1.0,0.0,0.0,0.0,0.0
11805,0.0,0.0,0.0,0.0,0.0,0.0,0.0
11806,0.0,0.0,1.0,0.0,0.0,0.0,0.0
11975,0.0,0.0,2.0,0.0,0.0,0.0,0.0
11976,0.0,0.0,0.0,0.0,0.0,0.0,0.0
12020,0.0,0.0,1.0,0.0,0.0,0.0,0.0
12021,0.0,0.0,0.0,0.0,0.0,0.0,0.0
12056,0.0,0.0,0.0,1.0,0.0,0.0,0.0
12058,0.0,0.0,0.0,0.0,0.0,0.0,0.0
12059,0.0,0.0,0.0,1.0,0.0,0.0,0.0
12096,0.0,0.0,0.0,0.0,0.0,0.0,0.0
12100,0.0,0.0,0.0,1.0,0.0,0.0,0.0
12106,0.0,0.0,0.0,0.0,0.0,0.0,0.0
12114,0.0,0.0,0.0,1.0,0.0,0.0,0.0
12123,0.0,0.0,0.0,0.0,0.0,0.0,0.0
12126,0.0,0.0,0.0,1.0,0.0,0.0,0.0
12127,0.0,0.0,0.0,0.0,0.0,0.0,0.0
12128,0.0,0.0,0.0,1.0,0.0,0.0,0.0
12134,0.0,0.0,0.0,0.0,0.0,0.0,0.0
12231,0.0,0.0,0.0,1.0,0.0,0.0,0.0
12235,0.0,0.0,0.0,1.0,1.0,0.0,0.0
12236,0.0,0.0,0.0,1.0,0.0,0.0,0.0
12243,0.0,0.0,0.0,1.0,1.0,0.0,0.0
12244,0.0,0.0,0.0,1.0,0.0,0.0,0.0
12264,0.0,0.0,0.0,0.0,0.0,0.0,0.0
12265,0.0,0.0,0.0,1.0,0.0,0.0,0.0
12385,0.0,0.0,0.0,1.0,1.0,0.0,0.0
12387,0.0,0.0,0.0,1.0,2.0,0.0,0.0
12388,0.0,0.0,0.0,1.0,0.0,0.0,0.0
12397,0.0,0.0,0.0,2.0,0.0,1.0,0.0
12398,0.0,0.0,0.0,0.0,0.0,0.0,0.0
12450,0.0,0.0,1.0,0.0,0.0,0.0,0.0
12451,0.0,0.0,0.0,0.0,0.0,0.0,0.0
12453,0.0,0.0,1.0,0.0,0.0,0.0,0.0
12454,0.0,0.0,0.0,0.0,0.0,0.0,0.0
12455,0.0,0.0,1.0,0.0,0.0,0.0,0.0
12473,0.0,0.0,0.0,0.0,0.0,0.0,0.0
12474,0.0,0.0,1.0,0.0,0.0,0.0,0.0
12478,0.0,0.0,0.0,0.0,0.0,0.0,0.0
12549,0.0,0.0,1.0,0.0,0.0,0.0,0.0
12550,0.0,0.0,0.0,0.0,0.0,0.0,0.0
14304,0.0,0.0,0.0,0.0,1.0,0.0,0.0
14306,0.0,0.0,0.0,0.0,2.0,0.0,0.0
14307,0.0,0.0,0.0,0.0,0.0,0.0,0.0
14705,0.0,0.0,0.0,0.0,1.0,0.0,0.0
14708,0.0,0.0,0.0,0.0,0.0,0.0,0.0
14718,0.0,0.0,1.0,0.0,1.0,0.0,0.0
14721,0.0,0.0,1.0,0.0,0.0,0.0,0.0
14722,0.0,0.0,1.0,0.0,1.0,0.0,0.0
14723,0.0,0.0,1.0,0.0,0.0,0.0,0.0
14727,0.0,0.0,0.0,0.0,0.0,0.0,0.0
14750,0.0,0.0,1.0,0.0,0.0,0.0,0.0
14751,0.0,0.0,0.0,0.0,0.0,0.0,0.0
14752,0.0,0.0,1.0,0.0,0.0,0.0,0.0
14754,0.0,0.0,0.0,0.0,0.0,0.0,0.0
14756,0.0,0.0,1.0,0.0,0.0,0.0,0.0
14758,0.0,0.0,0.0,0.0,0.0,0.0,0.0
14760,0.0,0.0,1.0,0.0,0.0,0.0,0.0
14761,0.0,0.0,0.0,0.0,0.0,0.0,0.0
14763,0.0,0.0,1.0,0.0,0.0,0.0,0.0
14768,0.0,0.0,0.0,0.0,0.0,0.0,0.0
14770,0.0,0.0,1.0,0.0,0.0,0.0,0.0
15327,0.0,0.0,1.0,0.0,1.0,0.0,0.0
15328,0.0,0.0,1.0,0.0,0.0,0.0,0.0
15331,0.0,0.0,1.0,0.0,1.0,0.0,0.0
15332,0.0,0.0,1.0,0.0,0.0,0.0,0.0
15349,0.0,0.0,2.0,0.0,0.0,0.0,0.0
15350,0.0,0.0,0.0,0.0,0.0,0.0,0.0
15353,0.0,2.0,0.0,0.0,0.0,1.0,0.0
15354,0.0,0.0,0.0,0.0,0.0,0.0,0.0
15662,0.0,0.0,1.0,0.0,1.0,0.0,0.0
15663,0.0,0.0,1.0,0.0,0.0,0.0,0.0
15664,0.0,0.0,0.0,0.0,0.0,0.0,0.0
15666,0.0,0.0,1.0,0.0,0.0,0.0,0.0
15667,0.0,0.0,0.0,0.0,0.0,0.0,0.0
15973,0.0,0.0,0.0,0.0,1.0,0.0,0.0
15975,0.0,0.0,0.0,0.0,2.0,0.0,0.0
15976,0.0,0.0,0.0,0.0,0.0,0.0,0.0
15995,0.0,0.0,1.0,0.0,0.0,0.0,0.0
15996,0.0,0.0,0.0,0.0,0.0,0.0,0.0
16001,0.0,0.0,1.0,0.0,0.0,0.0,0.0
16002,0.0,0.0,0.0,0.0,0.0,0.0,0.0
16003,0.0,0.0,1.0,0.0,0.0,0.0,0.0
16005,0.0,0.0,0.0,0.0,0.0,0.0,0.0
16014,0.0,0.0,1.0,0.0,0.0,0.0,0.0
16015,0.0,0.0,0.0,0.0,0.0,0.0,0.0
16947,0.0,0.0,0.0,0.0,1.0,0.0,0.0
16948,0.0,0.0,0.0,0.0,0.0,0.0,0.0
16949,0.0,0.0,0.0,0.0,1.0,0.0,0.0
16953,0.0,0.0,0.0,0.0,2.0,0.0,0.0
16954,0.0,0.0,0.0,0.0,0.0,0.0,0.0
17184,0.0,0.0,0.0,0.0,1.0,0.0,0.0
17185,0.0,0.0,0.0,0.0,0.0,0.0,0.0
17186,0.0,0.0,0.0,0.0,1.0,0.0,0.0
17191,0.0,0.0,0.0,0.0,0.0,0.0,0.0
17192,0.0,0.0,0.0,0.0,1.0,0.0,0.0
17195,0.0,0.0,0.0,0.0,0.0,0.0,0.0
23000,0.0,0.0,0.0,0.0,0.0,0.0,1.0
23001,0.0,0.0,0.0,0.0,0.0,0.0,0.0
23545,2.0,0.0,0.0,0.0,0.0,1.0,0.0
23546,0.0,0.0,0.0,0.0,0.0,0.0,0.0
23585,0.0,0.0,1.0,0.0,0.0,0.0,0.0
23586,0.0,0.0,0.0,0.0,0.0,0.0,0.0
23598,0.0,0.0,1.0,0.0,0.0,0.0,0.0
23615,0.0,0.0,0.0,0.0,0.0,0.0,0.0
23665,0.0,0.0,1.0,0.0,0.0,0.0,0.0
23678,0.0,0.0,1.0,0.0,1.0,0.0,0.0
23679,0.0,0.0,1.0,0.0,0.0,0.0,0.0
23812,0.0,0.0,2.0,0.0,0.0,0.0,0.0
23813,0.0,0.0,0.0,0.0,0.0,0.0,0.0
23921,0.0,0.0,1.0,0.0,0.0,0.0,0.0
23922,0.0,0.0,0.0,0.0,0.0,0.0,0.0
23923,0.0,0.0,1.0,0.0,0.0,0.0,0.0
23990,0.0,0.0,0.0,0.0,0.0,0.0,0.0
24070,0.0,0.0,1.0,0.0,0.0,0.0,0.0
24072,0.0,0.0,0.0,0.0,0.0,0.0,0.0
24074,0.0,0.0,1.0,0.0,0.0,0.0,0.0
24075,0.0,0.0,0.0,0.0,0.0,0.0,0.0
24085,0.0,0.0,1.0,0.0,0.0,0.0,0.0
24091,0.0,0.0,1.0,0.0,1.0,0.0,0.0
24093,0.0,0.0,1.0,0.0,2.0,0.0,0.0
24094,0.0,0.0,1.0,0.0,0.0,0.0,0.0
24170,0.0,0.0,0.0,0.0,0.0,0.0,0.0
24172,0.0,0.0,1.0,0.0,0.0,0.0,0.0
24216,0.0,0.0,0.0,0.0,0.0,0.0,0.0
24217,0.0,0.0,1.0,0.0,0.0,0.0,0.0
24223,0.0,0.0,0.0,0.0,0.0,0.0,0.0
24224,0.0,0.0,1.0,0.0,0.0,0.0,0.0
24230,0.0,0.0,0.0,0.0,0.0,0.0,0.0
24283,0.0,0.0,1.0,0.0,0.0,0.0,0.0
24286,0.0,0.0,0.0,0.0,0.0,0.0,0.0
24295,0.0,0.0,1.0,0.0,0.0,0.0,0.0
24296,0.0,0.0,0.0,0.0,0.0,0.0,0.0
24297,0.0,0.0,1.0,0.0,0.0,0.0,0.0
24341,0.0,0.0,0.0,0.0,0.0,0.0,0.0
24344,0.0,0.0,1.0,0.0,0.0,0.0,0.0
24345,0.0,0.0,0.0,0.0,0.0,0.0,0.0
24357,0.0,0.0,1.0,0.0,0.0,0.0,0.0
24359,0.0,0.0,0.0,0.0,0.0,0.0,0.0
24361,0.0,0.0,1.0,0.0,0.0,0.0,0.0
24366,0.0,0.0,0.0,0.0,0.0,0.0,0.0
24367,0.0,0.0,1.0,0.0,0.0,0.0,0.0
24383,0.0,0.0,1.0,0.0,1.0,0.0,0.0
24384,0.0,0.0,1.0,0.0,0.0,0.0,0.0
24767,0.0,2.0,1.0,0.0,0.0,1.0,0.0
24768,0.0,0.0,0.0,0.0,0.0,0.0,0.0
24812,0.0,0.0,1.0,0.0,0.0,0.0,0.0
24813,0.0,0.0,0.0,0.0,0.0,0.0,0.0
24822,0.0,0.0,1.0,0.0,0.0,0.0,0.0
24823,0.0,0.0,0.0,0.0,0.0,0.0,0.0
24824,0.0,0.0,1.0,0.0,0.0,0.0,0.0
24825,0.0,0.0,0.0,0.0,0.0,0.0,0.0
24827,0.0,0.0,1.0,0.0,0.0,0.0,0.0
24828,0.0,0.0,0.0,0.0,0.0,0.0,0.0
24926,0.0,0.0,1.0,0.0,0.0,0.0,0.0
24927,0.0,0.0,0.0,0.0,0.0,0.0,0.0
24935,0.0,0.0,1.0,0.0,0.0,0.0,0.0
24936,0.0,0.0,0.0,0.0,0.0,0.0,0.0
24937,0.0,0.0,1.0,0.0,0.0,0.0,0.0
24939,0.0,0.0,0.0,0.0,0.0,0.0,0.0
24944,0.0,0.0,1.0,0.0,0.0,0.0,0.0
24945,0.0,0.0,0.0,0.0,0.0,0.0,0.0
24946,0.0,0.0,1.0,0.0,0.0,0.0,0.0
24948,0.0,0.0,0.0,0.0,0.0,0.0,0.0
24950,0.0,0.0,1.0,0.0,0.0,0.0,0.0
24951,0.0,0.0,0.0,0.0,0.0,0.0,0.0
24955,0.0,0.0,1.0,0.0,0.0,0.0,0.0
24971,0.0,0.0,0.0,0.0,0.0,0.0,0.0
24972,0.0,0.0,1.0,0.0,0.0,0.0,0.0
25059,0.0,0.0,0.0,0.0,0.0,0.0,0.0
25061,0.0,0.0,1.0,0.0,0.0,0.0,0.0
25094,0.0,0.0,0.0,0.0,0.0,0.0,0.0
25205,0.0,0.0,0.0,0.0,1.0,0.0,0.0
25206,0.0,0.0,0.0,0.0,0.0,0.0,0.0
25436,0.0,0.0,0.0,0.0,1.0,0.0,0.0
25437,0.0,0.0,0.0,0.0,0.0,0.0,0.0
25440,0.0,0.0,0.0,0.0,1.0,0.0,0.0
25441,0.0,0.0,0.0,0.0,0.0,0.0,0.0
25442,0.0,0.0,0.0,0.0,1.0,0.0,0.0
25445,0.0,0.0,0.0,0.0,0.0,0.0,0.0
25807,0.0,0.0,0.0,0.0,1.0,0.0,0.0
25808,0.0,0.0,0.0,0.0,0.0,0.0,0.0
26468,0.0,0.0,0.0,1.0,0.0,0.0,0.0
26469,0.0,0.0,0.0,0.0,0.0,0.0,0.0
27175,0.0,0.0,0.0,0.0,1.0,0.0,0.0
27177,0.0,0.0,0.0,0.0,2.0,0.0,0.0
27178,0.0,0.0,0.0,0.0,0.0,0.0,0.0
27253,0.0,0.0,1.0,0.0,0.0,0.0,0.0
27255,0.0,0.0,0.0,0.0,0.0,0.0,0.0
27260,0.0,0.0,1.0,0.0,0.0,0.0,0.0
27261,0.0,0.0,0.0,0.0,0.0,0.0,0.0
27266,0.0,0.0,1.0,0.0,0.0,0.0,0.0
27267,0.0,0.0,0.0,0.0,0.0,0.0,0.0
27270,0.0,0.0,1.0,0.0,0.0,0.0,0.0
27271,0.0,0.0,0.0,0.0,0.0,0.0,0.0
27292,0.0,0.0,1.0,0.0,0.0,0.0,0.0
27293,0.0,0.0,0.0,0.0,0.0,0.0,0.0
27294,0.0,0.0,1.0,0.0,0.0,0.0,0.0
27296,0.0,0.0,0.0,0.0,0.0,0.0,0.0
27298,0.0,0.0,1.0,0.0,0.0,0.0,0.0
27299,0.0,0.0,0.0,0.0,0.0,0.0,0.0
27307,0.0,0.0,1.0,0.0,0.0,0.0,0.0
27346,0.0,0.0,0.0,0.0,0.0,0.0,0.0
27347,0.0,0.0,1.0,0.0,0.0,0.0,0.0
27349,0.0,0.0,0.0,0.0,0.0,0.0,0.0
27369,0.0,0.0,1.0,0.0,0.0,0.0,0.0
27378,0.0,0.0,0.0,0.0,0.0,0.0,0.0
27380,0.0,0.0,1.0,0.0,0.0,0.0,0.0
27381,0.0,0.0,0.0,0.0,0.0,0.0,0.0
27411,0.0,0.0,1.0,0.0,0.0,0.0,0.0
27649,0.0,0.0,0.0,0.0,0.0,0.0,0.0
28908,0.0,0.0,0.0,0.0,1.0,0.0,0.0
28909,0.0,0.0,0.0,0.0,0.0,0.0,0.0
28910,0.0,0.0,0.0,0.0,1.0,0.0,0.0
28911,0.0,0.0,0.0,0.0,0.0,0.0,0.0
35000,0.0,0.0,0.0,0.0,0.0,0.0,1.0
35001,0.0,0.0,0.0,0.0,0.0,0.0,0.0
35359,2.0,0.0,0.0,0.0,0.0,1.0,0.0
35360,0.0,0.0,0.0,0.0,0.0,0.0,0.0
35414,0.0,0.0,1.0,0.0,0.0,0.0,0.0
35415,0.0,0.0,0.0,0.0,0.0,0.0,0.0
35419,0.0,0.0,1.0,0.0,0.0,0.0,0.0
35420,0.0,0.0,0.0,0.0,0.0,0.0,0.0
35441,0.0,0.0,1.0,0.0,0.0,0.0,0.0
35442,0.0,0.0,0.0,0.0,0.0,0.0,0.0
35462,0.0,0.0,1.0,0.0,0.0,0.0,0.0
35468,0.0,0.0,0.0,0.0,0.0,0.0,0.0
35469,0.0,0.0,1.0,0.0,0.0,0.0,0.0
35473,0.0,0.0,0.0,0.0,0.0,0.0,0.0
35474,0.0,0.0,1.0,0.0,0.0,0.0,0.0
35489,0.0,0.0,0.0,0.0,0.0,0.0,0.0
35538,0.0,0.0,1.0,0.0,0.0,0.0,0.0
35540,0.0,0.0,0.0,0.0,0.0,0.0,0.0
35549,0.0,0.0,1.0,0.0,0.0,0.0,0.0
35565,0.0,0.0,0.0,0.0,0.0,0.0,0.0
35579,0.0,0.0,1.0,0.0,0.0,0.0,0.0
35580,0.0,0.0,0.0,0.0,0.0,0.0,0.0
35584,0.0,0.0,1.0,0.0,0.0,0.0,0.0
35585,0.0,0.0,0.0,0.0,0.0,0.0,0.0
35586,0.0,0.0,1.0,0.0,0.0,0.0,0.0
35590,0.0,0.0,0.0,0.0,0.0,0.0,0.0
35614,0.0,0.0,1.0,0.0,0.0,0.0,0.0
35615,0.0,0.0,0.0,0.0,0.0,0.0,0.0
35627,0.0,0.0,1.0,0.0,0.0,0.0,0.0
35631,0.0,0.0,0.0,0.0,0.0,0.0,0.0
35644,0.0,0.0,1.0,0.0,0.0,0.0,0.0
35646,0.0,0.0,0.0,0.0,0.0,0.0,0.0
35648,0.0,0.0,1.0,0.0,0.0,0.0,0.0
35651,0.0,0.0,0.0,0.0,0.0,0.0,0.0
35675,0.0,0.0,1.0,0.0,0.0,0.0,0.0
35676,0.0,0.0,0.0,0.0,0.0,0.0,0.0
35680,0.0,0.0,1.0,0.0,0.0,0.0,0.0
35681,0.0,0.0,0.0,0.0,0.0,0.0,0.0
35699,0.0,0.0,1.0,0.0,0.0,0.0,0.0
35994,0.0,0.0,2.0,0.0,0.0,0.0,0.0
35995,0.0,0.0,0.0,0.0,0.0,0.0,0.0
36037,0.0,0.0,1.0,0.0,0.0,0.0,0.0
36039,0.0,0.0,0.0,0.0,0.0,0.0,0.0
36045,0.0,0.0,1.0,0.0,0.0,0.0,0.0
36046,0.0,0.0,0.0,0.0,0.0,0.0,0.0
36047,0.0,0.0,1.0,0.0,0.0,0.0,0.0
36053,0.0,0.0,0.0,0.0,0.0,0.0,0.0
36054,0.0,0.0,1.0,0.0,0.0,0.0,0.0
36060,0.0,0.0,0.0,0.0,0.0,0.0,0.0
36061,0.0,0.0,1.0,0.0,0.0,0.0,0.0
36064,0.0,0.0,0.0,0.0,0.0,0.0,0.0
36227,0.0,0.0,0.0,0.0,1.0,0.0,0.0
36228,0.0,0.0,0.0,0.0,0.0,0.0,0.0
36259,0.0,0.0,1.0,0.0,1.0,0.0,0.0
36260,0.0,0.0,1.0,0.0,0.0,0.0,0.0
36261,0.0,0.0,0.0,0.0,0.0,0.0,0.0
36265,0.0,0.0,1.0,0.0,0.0,0.0,0.0
36266,0.0,0.0,1.0,0.0,1.0,0.0,0.0
36267,0.0,0.0,1.0,0.0,0.0,0.0,0.0
36271,0.0,0.0,0.0,0.0,0.0,0.0,0.0
36273,0.0,0.0,1.0,0.0,0.0,0.0,0.0
36275,0.0,0.0,0.0,0.0,0.0,0.0,0.0
36284,0.0,0.0,1.0,0.0,0.0,0.0,0.0
36285,0.0,0.0,0.0,0.0,0.0,0.0,0.0
36286,0.0,0.0,1.0,0.0,0.0,0.0,0.0
36301,0.0,0.0,0.0,0.0,0.0,0.0,0.0
36309,0.0,0.0,1.0,0.0,0.0,0.0,0.0
36311,0.0,0.0,0.0,0.0,0.0,0.0,0.0
36312,0.0,0.0,1.0,0.0,0.0,0.0,0.0
36327,0.0,0.0,1.0,1.0,0.0,0.0,0.0
36328,0.0,0.0,1.0,0.0,0.0,0.0,0.0
36330,0.0,0.0,1.0,1.0,0.0,0.0,0.0
36331,0.0,0.0,1.0,0.0,0.0,0.0,0.0
36333,0.0,0.0,1.0,1.0,0.0,0.0,0.0
36338,0.0,0.0,1.0,0.0,0.0,0.0,0.0
36339,0.0,0.0,1.0,1.0,0.0,0.0,0.0
36346,0.0,0.0,1.0,0.0,0.0,0.0,0.0
36350,0.0,0.0,1.0,1.0,0.0,0.0,0.0
36353,0.0,0.0,1.0,0.0,0.0,0.0,0.0
36358,0.0,0.0,1.0,1.0,0.0,0.0,0.0
36360,0.0,0.0,1.0,0.0,0.0,0.0,0.0
36368,0.0,0.0,0.0,0.0,0.0,0.0,0.0
36370,0.0,0.0,1.0,0.0,0.0,0.0,0.0
36372,0.0,0.0,1.0,1.0,0.0,0.0,0.0
36385,0.0,0.0,1.0,0.0,0.0,0.0,0.0
36388,0.0,0.0,0.0,0.0,0.0,0.0,0.0
36390,0.0,0.0,1.0,0.0,0.0,0.0,0.0
36391,0.0,0.0,0.0,0.0,0.0,0.0,0.0
36397,0.0,0.0,1.0,0.0,0.0,0.0,0.0
36398,0.0,0.0,0.0,0.0,0.0,0.0,0.0
36481,0.0,0.0,0.0,1.0,0.0,0.0,0.0
36483,0.0,0.0,1.0,1.0,0.0,0.0,0.0
36484,0.0,0.0,0.0,1.0,0.0,0.0,0.0
36485,0.0,0.0,1.0,1.0,1.0,0.0,0.0
36486,0.0,0.0,1.0,1.0,0.0,0.0,0.0
36487,0.0,0.0,0.0,1.0,0.0,0.0,0.0
36492,0.0,0.0,1.0,1.0,0.0,0.0,0.0
36501,0.0,0.0,0.0,1.0,0.0,0.0,0.0
36508,0.0,0.0,0.0,0.0,0.0,0.0,0.0
36509,0.0,0.0,0.0,1.0,0.0,0.0,0.0
36511,0.0,0.0,0.0,0.0,0.0,0.0,0.0
36596,0.0,0.0,0.0,1.0,0.0,0.0,0.0
36601,0.0,0.0,0.0,0.0,0.0,0.0,0.0
36701,0.0,0.0,0.0,1.0,1.0,0.0,0.0
36704,0.0,0.0,0.0,1.0,0.0,0.0,0.0
36705,0.0,0.0,0.0,1.0,1.0,0.0,0.0
36707,0.0,0.0,0.0,1.0,0.0,0.0,0.0
36709,0.0,0.0,0.0,0.0,0.0,0.0,0.0
36712,0.0,0.0,0.0,1.0,0.0,0.0,0.0
36713,0.0,0.0,0.0,0.0,0.0,0.0,0.0
36737,0.0,0.0,0.0,1.0,0.0,0.0,0.0
36738,0.0,0.0,0.0,0.0,0.0,0.0,0.0
36740,0.0,0.0,0.0,1.0,0.0,0.0,0.0
36742,0.0,0.0,0.0,0.0,0.0,0.0,0.0
36744,0.0,0.0,0.0,1.0,0.0,0.0,0.0
36746,0.0,0.0,0.0,0.0,0.0,0.0,0.0
36761,0.0,0.0,0.0,1.0,0.0,0.0,0.0
36764,0.0,0.0,0.0,0.0,0.0,0.0,0.0
36766,0.0,0.0,0.0,1.0,0.0,0.0,0.0
36771,0.0,2.0,0.0,1.0,0.0,1.0,0.0
36772,0.0,0.0,0.0,0.0,0.0,0.0,0.0
37052,0.0,0.0,1.0,0.0,0.0,0.0,0.0
37054,0.0,0.0,1.0,0.0,1.0,0.0,0.0
37055,0.0,0.0,1.0,0.0,0.0,0.0,0.0
37058,0.0,0.0,1.0,0.0,1.0,0.0,0.0
37059,0.0,0.0,1.0,0.0,0.0,0.0,0.0
37067,0.0,0.0,1.0,0.0,1.0,0.0,0.0
37068,0.0,0.0,1.0,0.0,0.0,0.0,0.0
37071,0.0,0.0,1.0,0.0,1.0,0.0,0.0
37072,0.0,0.0,1.0,0.0,0.0,0.0,0.0
37073,0.0,0.0,1.0,0.0,1.0,0.0,0.0
37074,0.0,0.0,1.0,0.0,0.0,0.0,0.0
37176,0.0,0.0,0.0,0.0,0.0,0.0,0.0
37558,0.0,0.0,0.0,0.0,1.0,0.0,0.0
37559,0.0,0.0,0.0,0.0,0.0,0.0,0.0
37560,0.0,0.0,0.0,0.0,1.0,0.0,0.0
37561,0.0,0.0,0.0,0.0,0.0,0.0,0.0
37566,0.0,0.0,0.0,0.0,1.0,0.0,0.0
37567,0.0,0.0,0.0,0.0,0.0,0.0,0.0
37568,0.0,0.0,0.0,1.0,1.0,0.0,0.0
37569,0.0,0.0,0.0,0.0,0.0,0.0,0.0
37570,0.0,0.0,0.0,1.0,1.0,0.0,0.0
37571,0.0,0.0,0.0,0.0,0.0,0.0,0.0
37572,0.0,0.0,0.0,1.0,1.0,0.0,0.0
37575,0.0,0.0,0.0,1.0,0.0,0.0,0.0
37576,0.0,0.0,0.0,0.0,0.0,0.0,0.0
37577,0.0,0.0,0.0,1.0,0.0,0.0,0.0
37578,0.0,0.0,0.0,0.0,0.0,0.0,0.0
38053,0.0,0.0,0.0,0.0,1.0,0.0,0.0
38054,0.0,0.0,0.0,0.0,0.0,0.0,0.0
47000,0.0,0.0,0.0,0.0,0.0,0.0,1.0
47001,0.0,0.0,0.0,0.0,0.0,0.0,0.0
47395,2.0,0.0,0.0,0.0,0.0,1.0,0.0
47396,0.0,0.0,0.0,0.0,0.0,0.0,0.0
47438,0.0,0.0,1.0,0.0,0.0,0.0,0.0
47439,0.0,0.0,0.0,0.0,0.0,0.0,0.0
47607,0.0,0.0,1.0,0.0,0.0,0.0,0.0
47609,0.0,0.0,0.0,0.0,0.0,0.0,0.0
47614,0.0,0.0,1.0,0.0,0.0,0.0,0.0
47616,0.0,0.0,0.0,0.0,0.0,0.0,0.0
47618,0.0,0.0,1.0,0.0,0.0,0.0,0.0
47777,0.0,0.0,2.0,0.0,0.0,0.0,0.0
47778,0.0,0.0,0.0,0.0,0.0,0.0,0.0
47821,0.0,0.0,1.0,0.0,0.0,0.0,0.0
47823,0.0,0.0,0.0,0.0,0.0,0.0,0.0
47825,0.0,0.0,1.0,0.0,0.0,0.0,0.0
47837,0.0,0.0,0.0,0.0,0.0,0.0,0.0
47839,0.0,0.0,1.0,0.0,0.0,0.0,0.0
47841,0.0,0.0,0.0,0.0,0.0,0.0,0.0
47862,0.0,0.0,1.0,0.0,0.0,0.0,0.0
47863,0.0,0.0,0.0,0.0,0.0,0.0,0.0
47864,0.0,0.0,1.0,0.0,0.0,0.0,0.0
47867,0.0,0.0,0.0,0.0,0.0,0.0,0.0
47875,0.0,0.0,1.0,0.0,0.0,0.0,0.0
47876,0.0,0.0,0.0,0.0,0.0,0.0,0.0
47878,0.0,0.0,1.0,0.0,0.0,0.0,0.0
47880,0.0,0.0,0.0,0.0,0.0,0.0,0.0
47916,0.0,0.0,1.0,0.0,0.0,0.0,0.0
47932,0.0,0.0,0.0,0.0,0.0,0.0,0.0
48172,0.0,0.0,0.0,0.0,1.0,0.0,0.0
48175,0.0,0.0,0.0,0.0,0.0,0.0,0.0
48177,0.0,0.0,0.0,0.0,1.0,0.0,0.0
48178,0.0,0.0,1.0,0.0,1.0,0.0,0.0
48179,0.0,0.0,1.0,0.0,2.0,0.0,0.0
48180,0.0,0.0,1.0,0.0,0.0,0.0,0.0
48279,0.0,0.0,1.0,1.0,0.0,0.0,0.0
48286,0.0,0.0,1.0,0.0,0.0,0.0,0.0
48287,0.0,0.0,1.0,1.0,0.0,0.0,0.0
48293,0.0,0.0,1.0,0.0,0.0,0.0,0.0
48294,0.0,0.0,1.0,1.0,0.0,0.0,0.0
48297,0.0,0.0,1.0,0.0,0.0,0.0,0.0
48300,0.0,0.0,1.0,1.0,0.0,0.0,0.0
48308,0.0,0.0,1.0,0.0,0.0,0.0,0.0
48315,0.0,0.0,1.0,1.0,0.0,0.0,0.0
48316,0.0,0.0,1.0,0.0,0.0,0.0,0.0
48317,0.0,0.0,1.0,1.0,0.0,0.0,0.0
48327,0.0,0.0,1.0,2.0,0.0,1.0,0.0
48328,0.0,0.0,0.0,0.0,0.0,0.0,0.0
48583,0.0,0.0,1.0,0.0,0.0,0.0,0.0
48584,0.0,0.0,0.0,0.0,0.0,0.0,0.0
48585,0.0,0.0,1.0,0.0,0.0,0.0,0.0
48599,0.0,0.0,0.0,0.0,0.0,0.0,0.0
48656,0.0,0.0,1.0,0.0,0.0,0.0,0.0
48657,0.0,0.0,0.0,0.0,0.0,0.0,0.0
49206,0.0,0.0,0.0,0.0,1.0,0.0,0.0
49207,0.0,0.0,0.0,0.0,0.0,0.0,0.0
49208,0.0,0.0,0.0,0.0,1.0,0.0,0.0
49211,0.0,0.0,0.0,0.0,0.0,0.0,0.0
49213,0.0,0.0,0.0,0.0,1.0,0.0,0.0
49214,0.0,0.0,0.0,0.0,0.0,0.0,0.0
49215,0.0,0.0,0.0,0.0,1.0,0.0,0.0
49216,0.0,0.0,0.0,0.0,0.0,0.0,0.0
51367,0.0,0.0,0.0,0.0,1.0,0.0,0.0
51368,0.0,0.0,0.0,0.0,0.0,0.0,0.0
51862,0.0,0.0,0.0,0.0,1.0,0.0,0.0
51865,0.0,0.0,0.0,0.0,0.0,0.0,0.0
51866,0.0,0.0,0.0,0.0,1.0,0.0,0.0
51867,0.0,0.0,0.0,0.0,0.0,0.0,0.0
52141,0.0,0.0,0.0,0.0,1.0,0.0,0.0
52146,0.0,0.0,0.0,0.0,0.0,0.0,0.0
52298,0.0,0.0,0.0,0.0,1.0,0.0,0.0
52300,0.0,0.0,0.0,0.0,2.0,0.0,0.0
52301,0.0,0.0,0.0,0.0,0.0,0.0,0.0
52725,0.0,0.0,0.0,0.0,1.0,0.0,0.0
52731,0.0,0.0,0.0,0.0,0.0,0.0,0.0
52732,0.0,0.0,0.0,0.0,1.0,0.0,0.0
52733,0.0,0.0,0.0,0.0,0.0,0.0,0.0
52734,0.0,0.0,0.0,0.0,1.0,0.0,0.0
52735,0.0,0.0,0.0,0.0,0.0,0.0,0.0
52736,0.0,0.0,0.0,0.0,1.0,0.0,0.0
52737,0.0,0.0,0.0,0.0,0.0,0.0,0.0
59000,0.0,0.0,0.0,0.0,0.0,0.0,1.0
59001,0.0,0.0,0.0,0.0,0.0,0.0,0.0
59399,2.0,0.0,0.0,0.0,0.0,1.0,0.0
59400,0.0,0.0,0.0,0.0,0.0,0.0,0.0
59573,0.0,0.0,1.0,0.0,0.0,0.0,0.0
59580,0.0,0.0,0.0,0.0,0.0,0.0,0.0
59602,0.0,0.0,1.0,0.0,0.0,0.0,0.0
59616,0.0,0.0,0.0,0.0,0.0,0.0,0.0
59619,0.0,0.0,1.0,0.0,0.0,0.0,0.0
59621,0.0,0.0,0.0,0.0,0.0,0.0,0.0
59622,0.0,0.0,1.0,0.0,0.0,0.0,0.0
59747,0.0,0.0,0.0,0.0,0.0,0.0,0.0
59753,0.0,0.0,1.0,0.0,0.0,0.0,0.0
59846,0.0,0.0,1.0,0.0,1.0,0.0,0.0
59847,0.0,0.0,1.0,0.0,0.0,0.0,0.0
59848,0.0,0.0,1.0,0.0,1.0,0.0,0.0
59849,0.0,0.0,1.0,0.0,0.0,0.0,0.0
59912,0.0,0.0,2.0,0.0,0.0,0.0,0.0
59913,0.0,0.0,0.0,0.0,0.0,0.0,0.0
59968,0.0,0.0,1.0,0.0,0.0,0.0,0.0
59971,0.0,0.0,1.0,0.0,1.0,0.0,0.0
59972,0.0,0.0,1.0,0.0,0.0,0.0,0.0
59973,0.0,0.0,1.0,0.0,1.0,0.0,0.0
59974,0.0,0.0,1.0,0.0,0.0,0.0,0.0
59982,0.0,0.0,0.0,0.0,0.0,0.0,0.0
60013,0.0,0.0,1.0,0.0,0.0,0.0,0.0
60014,0.0,0.0,1.0,0.0,1.0,0.0,0.0
60015,0.0,0.0,1.0,0.0,0.0,0.0,0.0
60016,0.0,0.0,1.0,0.0,1.0,0.0,0.0
60019,0.0,0.0,1.0,0.0,0.0,0.0,0.0
60022,0.0,0.0,0.0,0.0,0.0,0.0,0.0
60023,0.0,0.0,1.0,0.0,0.0,0.0,0.0
60025,0.0,0.0,0.0,0.0,0.0,0.0,0.0
60030,0.0,0.0,1.0,0.0,0.0,0.0,0.0
60031,0.0,0.0,0.0,0.0,0.0,0.0,0.0
60032,0.0,0.0,1.0,0.0,0.0,0.0,0.0
60037,0.0,0.0,0.0,0.0,0.0,0.0,0.0
60052,0.0,0.0,1.0,0.0,0.0,0.0,0.0
60059,0.0,0.0,0.0,0.0,0.0,0.0,0.0
60146,0.0,0.0,0.0,0.0,1.0,0.0,0.0
60148,0.0,0.0,0.0,0.0,2.0,0.0,0.0
60149,0.0,0.0,0.0,0.0,0.0,0.0,0.0
60407,0.0,0.0,0.0,0.0,1.0,0.0,0.0
60408,0.0,0.0,0.0,0.0,0.0,0.0,0.0
61396,0.0,2.0,0.0,0.0,0.0,1.0,0.0
61397,0.0,0.0,0.0,0.0,0.0,0.0,0.0
61448,0.0,0.0,1.0,0.0,0.0,0.0,0.0
61456,0.0,0.0,0.0,0.0,0.0,0.0,0.0
61466,0.0,0.0,1.0,0.0,0.0,0.0,0.0
61467,0.0,0.0,0.0,0.0,0.0,0.0,0.0
61468,0.0,0.0,1.0,0.0,0.0,0.0,0.0
61470,0.0,0.0,0.0,0.0,0.0,0.0,0.0
61482,0.0,0.0,1.0,0.0,0.0,0.0,0.0
61503,0.0,0.0,0.0,0.0,0.0,0.0,0.0
61505,0.0,0.0,1.0,0.0,0.0,0.0,0.0
61506,0.0,0.0,0.0,0.0,0.0,0.0,0.0
61519,0.0,0.0,1.0,0.0,0.0,0.0,0.0
61520,0.0,0.0,0.0,0.0,0.0,0.0,0.0
62123,0.0,0.0,0.0,0.0,1.0,0.0,0.0
62124,0.0,0.0,0.0,0.0,0.0,0.0,0.0
62422,0.0,0.0,0.0,0.0,1.0,0.0,0.0
62424,0.0,0.0,1.0,0.0,2.0,0.0,0.0
62425,0.0,0.0,1.0,0.0,0.0,0.0,0.0
62427,0.0,0.0,0.0,0.0,0.0,0.0,0.0
62431,0.0,0.0,1.0,0.0,0.0,0.0,0.0
62439,0.0,0.0,0.0,0.0,0.0,0.0,0.0
62440,0.0,0.0,1.0,0.0,0.0,0.0,0.0
62442,0.0,0.0,0.0,0.0,0.0,0.0,0.0
64515,0.0,0.0,0.0,0.0,1.0,0.0,0.0
64516,0.0,0.0,0.0,0.0,0.0,0.0,0.0
64584,0.0,0.0,0.0,0.0,1.0,0.0,0.0
64589,0.0,0.0,0.0,0.0,0.0,0.0,0.0
65218,0.0,0.0,0.0,0.0,1.0,0.0,0.0
65219,0.0,0.0,0.0,0.0,0.0,0.0,0.0
65220,0.0,0.0,0.0,0.0,1.0,0.0,0.0
65221,0.0,0.0,0.0,0.0,0.0,0.0,0.0
71000,0.0,0.0,0.0,0.0,0.0,0.0,1.0
71001,0.0,0.0,0.0,0.0,0.0,0.0,0.0
71412,2.0,0.0,0.0,0.0,0.0,1.0,0.0
71413,0.0,0.0,0.0,0.0,0.0,0.0,0.0
71661,0.0,0.0,1.0,0.0,0.0,0.0,0.0
71662,0.0,0.0,0.0,0.0,0.0,0.0,0.0
71663,0.0,0.0,1.0,0.0,0.0,0.0,0.0
72034,0.0,0.0,2.0,0.0,0.0,0.0,0.0
72035,0.0,0.0,0.0,0.0,0.0,0.0,0.0
72036,0.0,0.0,0.0,0.0,1.0,0.0,0.0
72037,0.0,0.0,0.0,0.0,0.0,0.0,0.0
72038,0.0,0.0,0.0,0.0,1.0,0.0,0.0
72040,0.0,0.0,0.0,0.0,0.0,0.0,0.0
72041,0.0,0.0,0.0,0.0,1.0,0.0,0.0
72042,0.0,0.0,0.0,0.0,0.0,0.0,0.0
72045,0.0,0.0,0.0,0.0,1.0,0.0,0.0
72049,0.0,0.0,0.0,0.0,0.0,0.0,0.0
72052,0.0,0.0,0.0,0.0,1.0,0.0,0.0
72058,0.0,0.0,0.0,0.0,0.0,0.0,0.0
72267,0.0,0.0,0.0,0.0,1.0,0.0,0.0
72269,0.0,0.0,0.0,0.0,0.0,0.0,0.0
72273,0.0,0.0,0.0,0.0,1.0,0.0,0.0
72274,0.0,0.0,0.0,0.0,0.0,0.0,0.0
72275,0.0,0.0,0.0,0.0,1.0,0.0,0.0
72276,0.0,0.0,0.0,0.0,0.0,0.0,0.0
72277,0.0,0.0,0.0,0.0,1.0,0.0,0.0
72278,0.0,0.0,0.0,0.0,0.0,0.0,0.0
72279,0.0,0.0,0.0,0.0,1.0,0.0,0.0
72281,0.0,0.0,0.0,0.0,0.0,0.0,0.0
72370,0.0,0.0,0.0,0.0,1.0,0.0,0.0
72371,0.0,0.0,0.0,0.0,0.0,0.0,0.0
72372,0.0,0.0,0.0,0.0,1.0,0.0,0.0
72374,0.0,0.0,0.0,0.0,0.0,0.0,0.0
72375,0.0,0.0,0.0,1.0,1.0,0.0,0.0
72377,0.0,0.0,0.0,1.0,2.0,0.0,0.0
72378,0.0,0.0,0.0,1.0,0.0,0.0,0.0
72423,0.0,2.0,0.0,1.0,0.0,1.0,0.0
72424,0.0,0.0,0.0,0.0,0.0,0.0,0.0
72467,0.0,0.0,1.0,0.0,0.0,0.0,0.0
72473,0.0,0.0,0.0,0.0,0.0,0.0,0.0
72474,0.0,0.0,1.0,0.0,0.0,0.0,0.0
72475,0.0,0.0,0.0,0.0,0.0,0.0,0.0
72923,0.0,0.0,1.0,0.0,0.0,0.0,0.0
72924,0.0,0.0,0.0,0.0,0.0,0.0,0.0
73010,0.0,0.0,1.0,0.0,0.0,0.0,0.0
73012,0.0,0.0,0.0,0.0,0.0,0.0,0.0
73013,0.0,0.0,1.0,0.0,0.0,0.0,0.0
73024,0.0,0.0,0.0,0.0,0.0,0.0,0.0
73025,0.0,0.0,1.0,0.0,0.0,0.0,0.0
73027,0.0,0.0,0.0,0.0,0.0,0.0,0.0
73174,0.0,0.0,0.0,0.0,1.0,0.0,0.0
73175,0.0,0.0,0.0,0.0,0.0,0.0,0.0
73215,0.0,0.0,1.0,0.0,0.0,0.0,0.0
73217,0.0,0.0,0.0,0.0,0.0,0.0,0.0
73343,0.0,0.0,1.0,0.0,0.0,0.0,0.0
73344,0.0,0.0,0.0,0.0,0.0,0.0,0.0
73346,0.0,0.0,1.0,0.0,0.0,0.0,0.0
73347,0.0,0.0,0.0,0.0,0.0,0.0,0.0
73348,0.0,0.0,1.0,0.0,0.0,0.0,0.0
73350,0.0,0.0,0.0,0.0,0.0,0.0,0.0
73359,0.0,0.0,1.0,0.0,0.0,0.0,0.0
73360,0.0,0.0,0.0,0.0,0.0,0.0,0.0
73538,0.0,0.0,1.0,0.0,0.0,0.0,0.0
73539,0.0,0.0,0.0,0.0,0.0,0.0,0.0
73816,0.0,0.0,1.0,0.0,0.0,0.0,0.0
73818,0.0,0.0,0.0,0.0,0.0,0.0,0.0
73819,0.0,0.0,1.0,0.0,0.0,0.0,0.0
73830,0.0,0.0,0.0,0.0,0.0,0.0,0.0
73835,0.0,0.0,1.0,0.0,0.0,0.0,0.0
73855,0.0,0.0,0.0,0.0,0.0,0.0,0.0
73859,0.0,0.0,1.0,0.0,0.0,0.0,0.0
73867,0.0,0.0,0.0,0.0,0.0,0.0,0.0
73868,0.0,0.0,1.0,0.0,0.0,0.0,0.0
73913,0.0,0.0,1.0,0.0,1.0,0.0,0.0
73916,0.0,0.0,1.0,0.0,0.0,0.0,0.0
73917,0.0,0.0,1.0,0.0,1.0,0.0,0.0
73919,0.0,0.0,1.0,0.0,0.0,0.0,0.0
74049,0.0,0.0,0.0,0.0,0.0,0.0,0.0
74056,0.0,0.0,1.0,0.0,0.0,0.0,0.0
74058,0.0,0.0,0.0,0.0,0.0,0.0,0.0
74059,0.0,0.0,1.0,0.0,0.0,0.0,0.0
74061,0.0,0.0,0.0,0.0,0.0,0.0,0.0
74106,0.0,0.0,1.0,0.0,0.0,0.0,0.0
74110,0.0,0.0,0.0,0.0,0.0,0.0,0.0
74112,0.0,0.0,1.0,0.0,0.0,0.0,0.0
74114,0.0,0.0,0.0,0.0,0.0,0.0,0.0
74116,0.0,0.0,1.0,0.0,0.0,0.0,0.0
74117,0.0,0.0,0.0,0.0,0.0,0.0,0.0
74118,0.0,0.0,1.0,0.0,0.0,0.0,0.0
74172,0.0,0.0,0.0,0.0,0.0,0.0,0.0
74245,0.0,0.0,1.0,0.0,0.0,0.0,0.0
74246,0.0,0.0,0.0,0.0,0.0,0.0,0.0
74247,0.0,0.0,1.0,0.0,0.0,0.0,0.0
74249,0.0,0.0,0.0,0.0,0.0,0.0,0.0
74377,0.0,0.0,0.0,0.0,1.0,0.0,0.0
74380,0.0,0.0,0.0,0.0,0.0,0.0,0.0
74560,0.0,0.0,0.0,0.0,1.0,0.0,0.0
74561,0.0,0.0,0.0,0.0,0.0,0.0,0.0
74572,0.0,0.0,0.0,0.0,1.0,0.0,0.0
74573,0.0,0.0,0.0,0.0,0.0,0.0,0.0
74608,0.0,0.0,0.0,0.0,1.0,0.0,0.0
74611,0.0,0.0,0.0,0.0,0.0,0.0,0.0
74685,0.0,0.0,0.0,0.0,1.0,0.0,0.0
74686,0.0,0.0,0.0,0.0,0.0,0.0,0.0
74687,0.0,0.0,0.0,0.0,1.0,0.0,0.0
74688,0.0,0.0,0.0,0.0,0.0,0.0,0.0
74811,0.0,0.0,0.0,0.0,1.0,0.0,0.0
74815,0.0,0.0,0.0,0.0,0.0,0.0,0.0
75911,0.0,0.0,0.0,0.0,1.0,0.0,0.0
75912,0.0,0.0,0.0,0.0,0.0,0.0,0.0
76143,0.0,0.0,0.0,0.0,1.0,0.0,0.0
76145,0.0,0.0,0.0,0.0,2.0,0.0,0.0
76146,0.0,0.0,0.0,0.0,0.0,0.0,0.0
76538,0.0,0.0,0.0,0.0,1.0,0.0,0.0
76539,0.0,0.0,0.0,0.0,0.0,0.0,0.0
76746,0.0,0.0,0.0,0.0,1.0,0.0,0.0
76748,0.0,0.0,0.0,1.0,2.0,0.0,0.0
76749,0.0,0.0,0.0,0.0,0.0,0.0,0.0
76750,0.0,0.0,0.0,1.0,0.0,0.0,0.0
76751,0.0,0.0,0.0,0.0,0.0,0.0,0.0
76755,0.0,0.0,0.0,1.0,0.0,0.0,0.0
76756,0.0,0.0,0.0,0.0,0.0,0.0,0.0
76764,0.0,0.0,0.0,1.0,0.0,0.0,0.0
76765,0.0,0.0,0.0,0.0,0.0,0.0,0.0
76766,0.0,0.0,0.0,1.0,0.0,0.0,0.0
76767,0.0,0.0,0.0,0.0,0.0,0.0,0.0
83000,0.0,0.0,0.0,0.0,0.0,0.0,1.0
83001,0.0,0.0,0.0,0.0,0.0,0.0,0.0
83399,2.0,0.0,0.0,0.0,0.0,1.0,0.0
83400,0.0,0.0,0.0,0.0,0.0,0.0,0.0
83464,0.0,0.0,1.0,0.0,0.0,0.0,0.0
83466,0.0,0.0,0.0,0.0,0.0,0.0,0.0
83467,0.0,0.0,1.0,0.0,0.0,0.0,0.0
83504,0.0,0.0,0.0,0.0,0.0,0.0,0.0
83941,0.0,0.0,1.0,0.0,0.0,0.0,0.0
83948,0.0,0.0,1.0,0.0,1.0,0.0,0.0
83951,0.0,0.0,1.0,0.0,0.0,0.0,0.0
84082,0.0,0.0,1.0,0.0,1.0,0.0,0.0
84086,0.0,0.0,1.0,0.0,0.0,0.0,0.0
84197,0.0,0.0,1.0,1.0,0.0,0.0,0.0
84204,0.0,0.0,1.0,1.0,1.0,0.0,0.0
84205,0.0,0.0,1.0,1.0,0.0,0.0,0.0
84217,0.0,0.0,1.0,1.0,1.0,0.0,0.0
84218,0.0,0.0,1.0,1.0,0.0,0.0,0.0
84219,0.0,0.0,1.0,1.0,1.0,0.0,0.0
84221,0.0,0.0,1.0,1.0,0.0,0.0,0.0
84230,0.0,0.0,1.0,1.0,1.0,0.0,0.0
84231,0.0,0.0,1.0,1.0,0.0,0.0,0.0
84233,0.0,0.0,1.0,1.0,1.0,0.0,0.0
84236,0.0,0.0,1.0,1.0,0.0,0.0,0.0
84288,0.0,0.0,1.0,0.0,0.0,0.0,0.0
84290,0.0,0.0,1.0,1.0,0.0,0.0,0.0
84292,0.0,0.0,1.0,0.0,0.0,0.0,0.0
84298,0.0,0.0,1.0,1.0,0.0,0.0,0.0
84304,0.0,0.0,1.0,0.0,0.0,0.0,0.0
84305,0.0,0.0,1.0,1.0,0.0,0.0,0.0
84308,0.0,0.0,1.0,0.0,0.0,0.0,0.0
84310,0.0,0.0,1.0,1.0,0.0,0.0,0.0
84366,0.0,0.0,2.0,1.0,0.0,0.0,0.0
84367,0.0,0.0,0.0,1.0,1.0,0.0,0.0
84368,0.0,0.0,0.0,1.0,0.0,0.0,0.0
84407,0.0,2.0,0.0,1.0,0.0,1.0,0.0
84408,0.0,0.0,0.0,0.0,0.0,0.0,0.0
84460,0.0,0.0,1.0,0.0,0.0,0.0,0.0
84462,0.0,0.0,0.0,0.0,0.0,0.0,0.0
84463,0.0,0.0,1.0,0.0,0.0,0.0,0.0
84466,0.0,0.0,0.0,0.0,0.0,0.0,0.0
84472,0.0,0.0,1.0,0.0,0.0,0.0,0.0
84495,0.0,0.0,2.0,0.0,0.0,0.0,0.0
84496,0.0,0.0,0.0,0.0,0.0,0.0,0.0
84557,0.0,0.0,1.0,0.0,0.0,0.0,0.0
84558,0.0,0.0,0.0,0.0,0.0,0.0,0.0
84559,0.0,0.0,1.0,0.0,0.0,0.0,0.0
84568,0.0,0.0,0.0,0.0,0.0,0.0,0.0
86669,0.0,0.0,0.0,0.0,1.0,0.0,0.0
86670,0.0,0.0,0.0,0.0,0.0,0.0,0.0
86671,0.0,0.0,0.0,0.0,1.0,0.0,0.0
86672,0.0,0.0,0.0,0.0,0.0,0.0,0.0
86683,0.0,0.0,0.0,0.0,1.0,0.0,0.0
86684,0.0,0.0,0.0,0.0,0.0,0.0,0.0
87022,0.0,0.0,0.0,0.0,1.0,0.0,0.0
87025,0.0,0.0,0.0,0.0,0.0,0.0,0.0
87040,0.0,0.0,0.0,0.0,1.0,0.0,0.0
87043,0.0,0.0,0.0,0.0,0.0,0.0,0.0
87263,0.0,0.0,0.0,0.0,1.0,0.0,0.0
87266,0.0,0.0,0.0,0.0,0.0,0.0,0.0
87269,0.0,0.0,0.0,0.0,1.0,0.0,0.0
87272,0.0,0.0,0.0,0.0,0.0,0.0,0.0
87273,0.0,0.0,0.0,0.0,1.0,0.0,0.0
87274,0.0,0.0,0.0,0.0,0.0,0.0,0.0
87275,0.0,0.0,0.0,0.0,1.0,0.0,0.0
87276,0.0,0.0,0.0,0.0,0.0,0.0,0.0
87277,0.0,0.0,0.0,0.0,1.0,0.0,0.0
87278,0.0,0.0,0.0,0.0,0.0,0.0,0.0
87281,0.0,0.0,0.0,0.0,1.0,0.0,0.0
87283,0.0,0.0,0.0,0.0,0.0,0.0,0.0
87656,0.0,0.0,0.0,0.0,1.0,0.0,0.0
87661,0.0,0.0,0.0,0.0,2.0,0.0,0.0
87662,0.0,0.0,0.0,0.0,0.0,0.0,0.0
87768,0.0,0.0,0.0,0.0,1.0,0.0,0.0
87769,0.0,0.0,0.0,0.0,0.0,0.0,0.0
87794,0.0,0.0,0.0,0.0,1.0,0.0,0.0
87795,0.0,0.0,0.0,0.0,0.0,0.0,0.0
88208,0.0,0.0,1.0,0.0,0.0,0.0,0.0
88209,0.0,0.0,0.0,0.0,0.0,0.0,0.0
88210,0.0,0.0,1.0,0.0,0.0,0.0,0.0
89107,0.0,0.0,0.0,0.0,0.0,0.0,0.0
95000,0.0,0.0,0.0,0.0,0.0,0.0,1.0
95001,0.0,0.0,0.0,0.0,0.0,0.0,0.0
95415,2.0,0.0,0.0,0.0,0.0,1.0,0.0
95416,0.0,0.0,0.0,0.0,0.0,0.0,0.0
95505,0.0,0.0,1.0,0.0,0.0,0.0,0.0
95506,0.0,0.0,0.0,0.0,0.0,0.0,0.0
95507,0.0,0.0,1.0,0.0,0.0,0.0,0.0
95541,0.0,0.0,0.0,0.0,0.0,0.0,0.0
95548,0.0,0.0,1.0,0.0,0.0,0.0,0.0
95569,0.0,0.0,0.0,0.0,0.0,0.0,0.0
95694,0.0,0.0,1.0,0.0,0.0,0.0,0.0
95698,0.0,0.0,0.0,0.0,0.0,0.0,0.0
95699,0.0,0.0,1.0,0.0,0.0,0.0,0.0
95703,0.0,0.0,0.0,0.0,0.0,0.0,0.0
95706,0.0,0.0,1.0,0.0,0.0,0.0,0.0
95709,0.0,0.0,0.0,0.0,0.0,0.0,0.0
95719,0.0,0.0,1.0,0.0,0.0,0.0,0.0
95720,0.0,0.0,0.0,0.0,0.0,0.0,0.0
95722,0.0,0.0,1.0,0.0,0.0,0.0,0.0
95758,0.0,0.0,0.0,0.0,0.0,0.0,0.0
95759,0.0,0.0,1.0,0.0,0.0,0.0,0.0
95786,0.0,0.0,1.0,0.0,1.0,0.0,0.0
95787,0.0,0.0,1.0,0.0,0.0,0.0,0.0
95788,0.0,0.0,1.0,0.0,1.0,0.0,0.0
95790,0.0,0.0,1.0,0.0,0.0,0.0,0.0
95791,0.0,0.0,1.0,0.0,1.0,0.0,0.0
95793,0.0,0.0,1.0,0.0,2.0,0.0,0.0
95794,0.0,0.0,1.0,0.0,0.0,0.0,0.0
95825,0.0,0.0,2.0,0.0,0.0,0.0,0.0
95826,0.0,0.0,0.0,0.0,0.0,0.0,0.0
95897,0.0,0.0,1.0,0.0,0.0,0.0,0.0
95900,0.0,0.0,0.0,0.0,0.0,0.0,0.0
95904,0.0,0.0,1.0,0.0,0.0,0.0,0.0
95905,0.0,0.0,0.0,0.0,0.0,0.0,0.0
95912,0.0,0.0,1.0,0.0,0.0,0.0,0.0
95943,0.0,0.0,2.0,0.0,0.0,0.0,0.0
95944,0.0,0.0,0.0,0.0,0.0,0.0,0.0
95960,0.0,0.0,0.0,0.0,1.0,0.0,0.0
95961,0.0,0.0,0.0,0.0,0.0,0.0,0.0
96015,0.0,0.0,1.0,0.0,0.0,0.0,0.0
96016,0.0,0.0,0.0,0.0,0.0,0.0,0.0
96017,0.0,0.0,1.0,1.0,0.0,0.0,0.0
96022,0.0,0.0,0.0,0.0,0.0,0.0,0.0
96032,0.0,0.0,0.0,1.0,0.0,0.0,0.0
96037,0.0,0.0,0.0,0.0,0.0,0.0,0.0
96144,0.0,0.0,0.0,1.0,0.0,0.0,0.0
96153,0.0,0.0,1.0,1.0,0.0,0.0,0.0
96157,0.0,0.0,1.0,1.0,1.0,0.0,0.0
96158,0.0,0.0,1.0,1.0,0.0,0.0,0.0
96166,0.0,0.0,1.0,1.0,1.0,0.0,0.0
96167,0.0,0.0,1.0,1.0,0.0,0.0,0.0
96171,0.0,0.0,1.0,1.0,1.0,0.0,0.0
96172,0.0,0.0,1.0,1.0,0.0,0.0,0.0
96225,0.0,0.0,0.0,1.0,0.0,0.0,0.0
96227,0.0,0.0,1.0,1.0,0.0,0.0,0.0
96228,0.0,0.0,0.0,1.0,0.0,0.0,0.0
96237,0.0,0.0,1.0,1.0,0.0,0.0,0.0
96247,0.0,0.0,0.0,1.0,0.0,0.0,0.0
96268,0.0,0.0,1.0,1.0,0.0,0.0,0.0
96269,0.0,0.0,0.0,1.0,0.0,0.0,0.0
96346,0.0,2.0,0.0,2.0,0.0,1.0,0.0
96347,0.0,0.0,0.0,0.0,0.0,0.0,0.0
96567,0.0,0.0,1.0,0.0,0.0,0.0,0.0
96568,0.0,0.0,0.0,0.0,0.0,0.0,0.0
97028,0.0,0.0,1.0,0.0,0.0,0.0,0.0
97029,0.0,0.0,0.0,0.0,0.0,0.0,0.0
97034,0.0,0.0,1.0,0.0,0.0,0.0,0.0
97065,0.0,0.0,0.0,0.0,0.0,0.0,0.0
97066,0.0,0.0,1.0,0.0,0.0,0.0,0.0
97673,0.0,0.0,0.0,0.0,0.0,0.0,0.0
97674,0.0,0.0,1.0,0.0,0.0,0.0,0.0
97699,0.0,0.0,0.0,0.0,0.0,0.0,0.0
98382,0.0,0.0,0.0,0.0,1.0,0.0,0.0
98383,0.0,0.0,0.0,0.0,0.0,0.0,0.0
98420,0.0,0.0,0.0,0.0,1.0,0.0,0.0
98421,0.0,0.0,0.0,0.0,0.0,0.0,0.0
98814,0.0,0.0,1.0,0.0,0.0,0.0,0.0
98815,0.0,0.0,0.0,0.0,0.0,0.0,0.0
98816,0.0,0.0,1.0,0.0,0.0,0.0,0.0
98822,0.0,0.0,0.0,0.0,0.0,0.0,0.0
98823,0.0,0.0,1.0,0.0,0.0,0.0,0.0
98825,0.0,0.0,0.0,0.0,0.0,0.0,0.0
98837,0.0,0.0,1.0,0.0,0.0,0.0,0.0
98838,0.0,0.0,0.0,0.0,0.0,0.0,0.0
98839,0.0,0.0,1.0,0.0,0.0,0.0,0.0
98844,0.0,0.0,0.0,0.0,0.0,0.0,0.0
98849,0.0,0.0,1.0,0.0,0.0,0.0,0.0
98851,0.0,0.0,0.0,0.0,0.0,0.0,0.0
98853,0.0,0.0,1.0,0.0,0.0,0.0,0.0
98854,0.0,0.0,0.0,0.0,0.0,0.0,0.0
98855,0.0,0.0,1.0,0.0,0.0,0.0,0.0
98857,0.0,0.0,0.0,0.0,0.0,0.0,0.0
98858,0.0,0.0,1.0,0.0,0.0,0.0,0.0
98863,0.0,0.0,0.0,0.0,0.0,0.0,0.0
98866,0.0,0.0,1.0,0.0,0.0,0.0,0.0
98867,0.0,0.0,0.0,0.0,0.0,0.0,0.0
98868,0.0,0.0,1.0,0.0,0.0,0.0,0.0
98883,0.0,0.0,0.0,0.0,0.0,0.0,0.0
98888,0.0,0.0,1.0,0.0,0.0,0.0,0.0
98889,0.0,0.0,0.0,0.0,0.0,0.0,0.0
98904,0.0,0.0,1.0,0.0,0.0,0.0,0.0
98908,0.0,0.0,0.0,0.0,0.0,0.0,0.0
98911,0.0,0.0,1.0,0.0,0.0,0.0,0.0
98912,0.0,0.0,0.0,0.0,0.0,0.0,0.0
98914,0.0,0.0,1.0,0.0,0.0,0.0,0.0
98915,0.0,0.0,0.0,0.0,0.0,0.0,0.0
98917,0.0,0.0,1.0,0.0,0.0,0.0,0.0
98918,0.0,0.0,0.0,0.0,0.0,0.0,0.0
98923,0.0,0.0,1.0,0.0,0.0,0.0,0.0
98924,0.0,0.0,0.0,0.0,0.0,0.0,0.0
98926,0.0,0.0,1.0,0.0,0.0,0.0,0.0
98938,0.0,0.0,1.0,0.0,1.0,0.0,0.0
98939,0.0,0.0,1.0,0.0,0.0,0.0,0.0
98940,0.0,0.0,1.0,0.0,1.0,0.0,0.0
98941,0.0,0.0,1.0,0.0,0.0,0.0,0.0
98942,0.0,0.0,1.0,0.0,1.0,0.0,0.0
98944,0.0,0.0,1.0,0.0,2.0,0.0,0.0
98945,0.0,0.0,1.0,0.0,0.0,0.0,0.0
99697,0.0,0.0,0.0,0.0,0.0,0.0,0.0
99698,0.0,0.0,1.0,0.0,0.0,0.0,0.0
99703,0.0,0.0,0.0,0.0,0.0,0.0,0.0
99705,0.0,0.0,1.0,0.0,0.0,0.0,0.0
99706,0.0,0.0,0.0,0.0,0.0,0.0,0.0
99707,0.0,0.0,1.0,0.0,0.0,0.0,0.0
99729,0.0,0.0,1.0,0.0,1.0,0.0,0.0
99730,0.0,0.0,1.0,0.0,0.0,0.0,0.0
99732,0.0,0.0,1.0,0.0,1.0,0.0,0.0
99733,0.0,0.0,1.0,0.0,0.0,0.0,0.0
100332,0.0,0.0,1.0,0.0,1.0,0.0,0.0
100333,0.0,0.0,1.0,0.0,0.0,0.0,0.0
100523,0.0,0.0,1.0,0.0,1.0,0.0,0.0
100524,0.0,0.0,1.0,0.0,0.0,0.0,0.0
100525,0.0,0.0,1.0,0.0,1.0,0.0,0.0
100528,0.0,0.0,1.0,0.0,0.0,0.0,0.0
101366,0.0,0.0,0.0,0.0,0.0,0.0,0.0
107000,0.0,0.0,0.0,0.0,0.0,0.0,1.0
107001,0.0,0.0,0.0,0.0,0.0,0.0,0.0
107354,2.0,0.0,0.0,0.0,0.0,1.0,0.0
107355,0.0,0.0,0.0,0.0,0.0,0.0,0.0
107444,0.0,0.0,1.0,0.0,0.0,0.0,0.0
107448,0.0,0.0,0.0,0.0,0.0,0.0,0.0
107457,0.0,0.0,1.0,0.0,0.0,0.0,0.0
107469,0.0,0.0,2.0,0.0,0.0,0.0,0.0
107470,0.0,0.0,0.0,0.0,0.0,0.0,0.0
107613,0.0,0.0,1.0,0.0,0.0,0.0,0.0
107616,0.0,0.0,0.0,0.0,0.0,0.0,0.0
107626,0.0,0.0,1.0,0.0,0.0,0.0,0.0
107643,0.0,0.0,0.0,0.0,0.0,0.0,0.0
107646,0.0,0.0,1.0,0.0,0.0,0.0,0.0
107949,0.0,0.0,2.0,0.0,0.0,0.0,0.0
107950,0.0,0.0,0.0,0.0,0.0,0.0,0.0
107991,0.0,0.0,0.0,0.0,1.0,0.0,0.0
107992,0.0,0.0,0.0,0.0,0.0,0.0,0.0
107998,0.0,0.0,0.0,1.0,0.0,0.0,0.0
107999,0.0,0.0,0.0,0.0,0.0,0.0,0.0
108021,0.0,0.0,0.0,1.0,0.0,0.0,0.0
108022,0.0,0.0,0.0,0.0,0.0,0.0,0.0
108023,0.0,0.0,0.0,1.0,0.0,0.0,0.0
108026,0.0,0.0,0.0,0.0,0.0,0.0,0.0
108028,0.0,0.0,0.0,1.0,0.0,0.0,0.0
108030,0.0,0.0,0.0,0.0,0.0,0.0,0.0
108032,0.0,0.0,0.0,1.0,0.0,0.0,0.0
108035,0.0,0.0,0.0,0.0,0.0,0.0,0.0
108061,0.0,0.0,0.0,1.0,0.0,0.0,0.0
108108,0.0,2.0,0.0,1.0,1.0,1.0,0.0
108109,0.0,0.0,0.0,0.0,0.0,0.0,0.0
108142,0.0,0.0,1.0,0.0,0.0,0.0,0.0
108143,0.0,0.0,0.0,0.0,0.0,0.0,0.0
108144,0.0,0.0,1.0,0.0,0.0,0.0,0.0
108146,0.0,0.0,0.0,0.0,0.0,0.0,0.0
108147,0.0,0.0,1.0,0.0,0.0,0.0,0.0
108153,0.0,0.0,0.0,0.0,0.0,0.0,0.0
108155,0.0,0.0,1.0,0.0,0.0,0.0,0.0
108156,0.0,0.0,0.0,0.0,0.0,0.0,0.0
108162,0.0,0.0,1.0,0.0,0.0,0.0,0.0
108319,0.0,0.0,0.0,0.0,0.0,0.0,0.0
108320,0.0,0.0,1.0,0.0,0.0,0.0,0.0
108403,0.0,0.0,0.0,0.0,0.0,0.0,0.0
108426,0.0,0.0,1.0,0.0,0.0,0.0,0.0
108431,0.0,0.0,0.0,0.0,0.0,0.0,0.0
108433,0.0,0.0,1.0,0.0,0.0,0.0,0.0
108434,0.0,0.0,0.0,0.0,0.0,0.0,0.0
108437,0.0,0.0,1.0,0.0,0.0,0.0,0.0
108478,0.0,0.0,0.0,0.0,0.0,0.0,0.0
108479,0.0,0.0,1.0,0.0,0.0,0.0,0.0
108481,0.0,0.0,0.0,0.0,0.0,0.0,0.0
109602,0.0,0.0,0.0,1.0,0.0,0.0,0.0
109603,0.0,0.0,0.0,0.0,0.0,0.0,0.0
109607,0.0,0.0,0.0,1.0,0.0,0.0,0.0
109609,0.0,0.0,0.0,2.0,1.0,1.0,0.0
109610,0.0,0.0,0.0,0.0,0.0,0.0,0.0
109665,0.0,0.0,1.0,0.0,0.0,0.0,0.0
109684,0.0,0.0,0.0,0.0,0.0,0.0,0.0
109685,0.0,0.0,1.0,0.0,0.0,0.0,0.0
109952,0.0,0.0,0.0,0.0,0.0,0.0,0.0
109965,0.0,0.0,1.0,0.0,0.0,0.0,0.0
109989,0.0,0.0,0.0,0.0,0.0,0.0,0.0
109990,0.0,0.0,1.0,0.0,0.0,0.0,0.0
109998,0.0,0.0,0.0,0.0,0.0,0.0,0.0
110000,0.0,0.0,1.0,0.0,0.0,0.0,0.0
110001,0.0,0.0,0.0,0.0,0.0,0.0,0.0
110005,0.0,0.0,1.0,0.0,0.0,0.0,0.0
110006,0.0,0.0,0.0,0.0,0.0,0.0,0.0
110070,0.0,0.0,1.0,0.0,0.0,0.0,0.0
110072,0.0,0.0,0.0,0.0,0.0,0.0,0.0
110083,0.0,0.0,1.0,0.0,0.0,0.0,0.0
110084,0.0,0.0,0.0,0.0,0.0,0.0,0.0
110085,0.0,0.0,1.0,0.0,0.0,0.0,0.0
110086,0.0,0.0,0.0,0.0,0.0,0.0,0.0
110087,0.0,0.0,1.0,0.0,0.0,0.0,0.0
110098,0.0,0.0,0.0,0.0,0.0,0.0,0.0
110099,0.0,0.0,1.0,0.0,0.0,0.0,0.0
110103,0.0,0.0,0.0,0.0,0.0,0.0,0.0
110104,0.0,0.0,1.0,0.0,0.0,0.0,0.0
110109,0.0,0.0,0.0,0.0,0.0,0.0,0.0
110111,0.0,0.0,1.0,0.0,0.0,0.0,0.0
110112,0.0,0.0,0.0,0.0,0.0,0.0,0.0
110113,0.0,0.0,1.0,0.0,0.0,0.0,0.0
110115,0.0,0.0,0.0,0.0,0.0,0.0,0.0
110117,0.0,0.0,1.0,0.0,0.0,0.0,0.0
110118,0.0,0.0,0.0,0.0,0.0,0.0,0.0
110120,0.0,0.0,1.0,0.0,0.0,0.0,0.0
110123,0.0,0.0,0.0,0.0,0.0,0.0,0.0
110125,0.0,0.0,1.0,0.0,0.0,0.0,0.0
110126,0.0,0.0,0.0,0.0,0.0,0.0,0.0
110131,0.0,0.0,1.0,0.0,0.0,0.0,0.0
110132,0.0,0.0,0.0,0.0,0.0,0.0,0.0
110134,0.0,0.0,1.0,0.0,0.0,0.0,0.0
110138,0.0,0.0,0.0,0.0,0.0,0.0,0.0
110139,0.0,0.0,1.0,0.0,0.0,0.0,0.0
110141,0.0,0.0,0.0,0.0,0.0,0.0,0.0
110142,0.0,0.0,1.0,0.0,0.0,0.0,0.0
110183,0.0,0.0,0.0,0.0,0.0,0.0,0.0
110184,0.0,0.0,1.0,0.0,0.0,0.0,0.0
110186,0.0,0.0,0.0,0.0,0.0,0.0,0.0
110191,0.0,0.0,1.0,0.0,0.0,0.0,0.0
110192,0.0,0.0,0.0,0.0,0.0,0.0,0.0
110193,0.0,0.0,1.0,0.0,0.0,0.0,0.0
110200,0.0,0.0,0.0,0.0,0.0,0.0,0.0
110860,0.0,0.0,0.0,0.0,1.0,0.0,0.0
110862,0.0,0.0,0.0,0.0,0.0,0.0,0.0
110868,0.0,0.0,0.0,0.0,1.0,0.0,0.0
110869,0.0,0.0,0.0,0.0,0.0,0.0,0.0
110962,0.0,0.0,0.0,0.0,1.0,0.0,0.0
110964,0.0,0.0,0.0,0.0,2.0,0.0,0.0
110965,0.0,0.0,0.0,0.0,0.0,0.0,0.0
119000,0.0,0.0,0.0,0.0,0.0,0.0,1.0
119001,0.0,0.0,0.0,0.0,0.0,0.0,0.0
119369,2.0,0.0,0.0,0.0,0.0,1.0,0.0
119370,0.0,0.0,0.0,0.0,0.0,0.0,0.0
119445,0.0,0.0,1.0,0.0,0.0,0.0,0.0
119446,0.0,0.0,0.0,0.0,0.0,0.0,0.0
119458,0.0,0.0,1.0,0.0,0.0,0.0,0.0
119459,0.0,0.0,0.0,0.0,0.0,0.0,0.0
119652,0.0,0.0,1.0,0.0,0.0,0.0,0.0
119739,0.0,0.0,2.0,0.0,0.0,0.0,0.0
119740,0.0,0.0,0.0,0.0,0.0,0.0,0.0
119969,0.0,0.0,1.0,0.0,0.0,0.0,0.0
119971,0.0,0.0,0.0,0.0,0.0,0.0,0.0
119973,0.0,0.0,1.0,0.0,0.0,0.0,0.0
119998,0.0,0.0,0.0,0.0,0.0,0.0,0.0
120000,0.0,0.0,1.0,0.0,0.0,0.0,0.0
120058,0.0,0.0,1.0,1.0,0.0,0.0,0.0
120059,0.0,0.0,1.0,0.0,0.0,0.0,0.0
120061,0.0,0.0,1.0,1.0,0.0,0.0,0.0
120139,0.0,0.0,1.0,0.0,0.0,0.0,0.0
120154,0.0,0.0,1.0,1.0,0.0,0.0,0.0
120160,0.0,0.0,1.0,0.0,0.0,0.0,0.0
120162,0.0,0.0,1.0,1.0,0.0,0.0,0.0
120182,0.0,0.0,1.0,0.0,0.0,0.0,0.0
120189,0.0,0.0,1.0,1.0,0.0,0.0,0.0
120218,0.0,0.0,1.0,1.0,1.0,0.0,0.0
120219,0.0,0.0,1.0,1.0,0.0,0.0,0.0
120220,0.0,0.0,1.0,1.0,1.0,0.0,0.0
120221,0.0,0.0,1.0,1.0,0.0,0.0,0.0
120222,0.0,0.0,1.0,1.0,1.0,0.0,0.0
120224,0.0,0.0,1.0,1.0,0.0,0.0,0.0
120225,0.0,0.0,1.0,1.0,1.0,0.0,0.0
120227,0.0,2.0,1.0,1.0,2.0,1.0,0.0
120228,0.0,0.0,0.0,0.0,0.0,0.0,0.0
